target_id,rank,funny,somewhat_funny,unfunny,count,score,precision,contest,caption
1370,1,4467,5703,3313,13483,2.085589260550323,0.006500472956597195,685,"Oh sure, when a MAN does it, suddenly it’s such a big deal!"
4682,2,3858,4963,3616,12437,2.019458068666077,0.0069493073570241586,685,I don't know how to tell him it's not his.
2720,3,3826,4431,3852,12109,1.9978528367330084,0.007236559366592758,685,At least the hard part's over.
1813,4,2756,2727,2900,8383,1.9828223786234045,0.008969870060273026,685,Arthur's third wish was for a 'young chick.'
1945,5,2690,3901,3029,9620,1.9647609147609149,0.00785332355489711,685,It's for our retirement.  Harold always takes things so literally.
4093,6,2845,4316,3345,10506,1.9524081477251094,0.007474673383845162,685,But will he lift a finger after it hatches?
4812,7,2826,3419,3282,9527,1.9521360344284664,0.00818914973635064,685,Turns out it wasn’t a kidney stone after all.
425,8,3017,3923,3808,10748,1.9264049125418683,0.007653917502929655,685,"To be honest, I don’t remember which one came first"
1105,9,3014,3168,3948,10130,1.9077986179664363,0.008186085183029915,685,I’d leave him if he weren’t such a good lay.
4020,10,572,963,822,2357,1.893932965634281,0.015692551841413913,685,"We say that whatever it is we're going to love it, as long as it's healthy and doesn't try to eat us."
5287,11,2074,3594,3243,8911,1.868813825608798,0.008064473993601304,685,"I didn’t know he had it in him, either."
2814,12,1811,2637,2773,7221,1.8667774546461708,0.009244799960596621,685,"We like ""Humpty"", if it is a boy."
1179,13,1604,2219,2495,6318,1.858974358974359,0.009977757664318378,685,"Costco, where else?"
3569,14,2014,3915,3475,9404,1.8446405784772437,0.0077141257510240785,685,You're so lucky. I can't even get my husband to water the plants.
4405,15,1111,2180,2019,5310,1.8290018832391715,0.010272364569882338,685,I should've asked for specifics when he said he had a nest egg.
2001,16,1745,3358,3397,8500,1.8056470588235294,0.008169058151757263,685,I thought you were empty nesters.
929,17,1573,2845,3071,7489,1.799973294164775,0.008801730560197675,685,I don't mind him sitting on it.  It's the clucking that annoys me.
4597,18,1684,2998,3320,8002,1.7955511122219445,0.008540135994580889,685,These are the things that no one tells you about before you marry an ornithologist.
2995,19,2097,2111,3816,8024,1.7857676969092722,0.00928061012193799,685,His left one has already been removed..
1486,20,971,1831,2024,4826,1.7818068794032325,0.010897435450871962,685,"On the bright side, he’s cage free."
4470,21,1537,2022,3001,6560,1.776829268292683,0.009893187113961947,685,Did Jim always wear glasses?
1133,22,668,1252,1474,3394,1.7625220978196818,0.013014738930898053,685,Don’t ask why. Ask how.
2052,23,1189,2403,2955,6547,1.730258133496258,0.009250898894275718,685,"We don't care if it's a brontosaurus or a t-rex, as long as it's healthy."
644,24,1057,2183,2817,6057,1.7094271091299322,0.009574483367215433,685,He's brooding again.
3711,25,400,901,1108,2409,1.706102117061021,0.014969652588305236,685,I haven’t the heart to tell him that he’s not the father...
3829,26,730,1501,1991,4222,1.701326385599242,0.01146955386443793,685,It's only fair. I had to lay it.
865,27,1216,2259,3220,6695,1.70067214339059,0.009251868989562914,685,It was the only thing at Ikea that he didn't have to assemble.
3362,28,580,1022,1590,3192,1.6835839598997493,0.013478460490788638,685,"Then he said, I’ll hatch an egg before they impeach him!"
3160,29,598,979,1658,3235,1.6723338485316848,0.013506994243849933,685,"Somewhere, there’s a confused but comfortable chicken sitting in a BarcaLounger."
3206,30,156,321,479,956,1.6621338912133892,0.023999834946116304,685,"No, it's better. For years he's been sitting on the fence."
4641,31,707,1580,2362,4649,1.6440094644009464,0.010712691981362205,685,I’m just praying the real mother doesn’t come back.
4923,32,365,856,1272,2493,1.636181307661452,0.01450458701940081,685,When it was golf ball-sized I warned him to call the doctor.
3352,33,354,779,1210,2343,1.6346564233888177,0.01510063515134263,685,He thinks it'll distract people from noticing his bald spot.
3479,34,210,459,739,1408,1.6242897727272727,0.01946051908570752,685,Ever since he retired all he does is lay around the house all day.
5008,35,443,1025,1611,3079,1.6206560571614161,0.013037630854588337,685,"I don't know what's in there, but I'm not cleaning up after it."
2708,36,631,1192,2184,4007,1.6124282505615173,0.011741821683068133,685,"After this, he flies North for winter, thank God."
1995,37,601,984,2012,3597,1.6077286627745344,0.012618315440983446,685,At least somethings getting laid here
5215,38,143,319,537,999,1.6056056056056056,0.022938747014170577,685,When's the species reveal party?
17,39,648,1649,2646,4943,1.595792029132106,0.01008876870547436,685,Quit your whining. I hatched the first three all by myself.
4201,40,440,885,1640,2965,1.5952782462057336,0.013469088023333435,685,I  don't have the heart to tell him it's hard-boiled.
4419,41,332,821,1385,2538,1.5851063829787233,0.014099989643057491,685,It’s a donor egg.
2357,42,261,586,1076,1923,1.576183047321893,0.01637945912524981,685,He won’t stop tweeting.
4749,43,180,360,717,1257,1.5727923627684963,0.020563275294791565,685,"Yes, Herb has both gender AND species issues."
1197,44,280,668,1228,2176,1.5643382352941178,0.015210606291326832,685,"Well, at least he's off his high horse."
5071,45,327,967,1597,2891,1.5607056381874784,0.012786970644380044,685,"That's what I thought, too, when he bragged about the size of his nest egg."
1018,46,363,898,1660,2921,1.5559739815131803,0.013025422090059987,685,"Hmmm. Seems you may have misunderstood your financial advisor, Jonathan."
4516,47,305,705,1374,2384,1.5515939597315436,0.014531580302109834,685,"Well it's not mine, I can tell that much."
2523,48,273,505,1146,1924,1.5462577962577964,0.01662726491860607,685,Ever get the feeling you're a cartoon in the New Yolker?
1876,49,121,301,573,995,1.5457286432160804,0.02222812427182031,685,28 Days!?! Men always get it is SOOO easy.
2827,50,108,323,565,996,1.5411646586345382,0.02162199096348774,685,"You told him ""nest egg"" is a metaphor, right?"
1265,51,227,629,1153,2009,1.5390741662518665,0.015371499952877132,685,"He has to sit on it until he's 65, then we can retire."
3862,52,147,239,606,992,1.5372983870967742,0.023450568447405985,685,"Dammit, Harold!  
""Blow it out your ass"" is only an expression,"
113,53,101,243,486,830,1.536144578313253,0.024363230997745976,685,Horace thought we should pre-order our Thanksgiving turkey this year.
4218,54,273,441,1145,1859,1.5309306078536848,0.017091370851719568,685,This is why you're never supposed to swallow bubble gum.
2094,55,216,525,1065,1806,1.5299003322259137,0.016447829516738177,685,Now you see why I'm always walking on eggshells around him.
73,56,212,508,1045,1765,1.5280453257790367,0.016657141642114022,685,"Oh, stop brooding Harold."
1923,57,115,420,701,1236,1.5258899676375404,0.018776629715098886,685,I wish he'd go back to work. All he does is brood.
3444,58,213,371,933,1517,1.5253790375741596,0.01870076309627151,685,"I told him ""Jim, grow a pair"". Unfortunately he can't multitask"
4617,59,152,530,917,1599,1.5215759849906192,0.016586959403047,685,Are you sure it's yours?
3054,60,170,485,928,1583,1.5211623499684144,0.017132159273376905,685,He’s actually being a good sport.  We ordered a recliner.
3750,61,183,393,881,1457,1.520933424845573,0.01854536481793117,685,"We could get rich, or, it eats him alive. Either way it's worth it."
206,62,219,372,971,1562,1.5185659411011523,0.018427360325043773,685,Been in his family for millions of years... but Fred says that one day ...
248,63,102,171,451,724,1.5179558011049723,0.027111917653477414,685,I don’t know how it happened.  All I know is somewhere there’s a pterodactyl waiting for a recliner to hatch.
1647,64,129,336,682,1147,1.5178727114210986,0.020350660190093073,685,After six years of therapy he's finally come out of his shell.
4526,65,221,299,922,1442,1.513869625520111,0.01964865502603119,685,What can I say?  I married a Hatcher.
911,66,140,461,844,1445,1.51280276816609,0.017527337480589933,685,We finally came up with something he can do in retirement.
3649,67,120,351,699,1170,1.505128205128205,0.01973090801475476,685,We're having 18 people over for an omelette on Saturday.
3055,68,154,303,755,1212,1.5041254125412542,0.020402805653648725,685,Our previous sitter got hit by a car while crossing the road
338,69,125,386,751,1262,1.503961965134707,0.018850439355406052,685,"He's the one who wanted kids. You figure it out, I said."
1479,70,159,314,783,1256,1.5031847133757963,0.020023384157746495,685,"Well look at that, Frank. You finally laid a chick."
690,71,142,339,759,1240,1.5024193548387097,0.019662741666306365,685,I shouldn't have let him choose our egg donor.
3023,72,128,310,694,1132,1.5,0.020518228722222337,685,I should never let Harold shop at Costco by himself.
926,73,108,351,678,1137,1.4986807387862797,0.01967991832162301,685,We're hoping for an emu.
317,74,104,371,687,1162,1.4982788296041307,0.01922259022088478,685,You are  SO lucky.  My husband gambled away most of our savings.
5014,75,83,146,398,627,1.4976076555023923,0.028675419106835943,685,Are you sure you spell-checked your request for an ergonomic chair?
3356,76,154,268,737,1159,1.4969801553062985,0.021103765627192145,685,I told him not to swallow his bubblegum.
2218,77,105,305,632,1042,1.4942418426103647,0.02082594148813346,685,Every one else’s husband gets a sport car for their midlife crisis.
422,78,123,294,678,1095,1.4931506849315068,0.02082859931629279,685,I'd take him to a therapist but we need the eggs.
567,79,103,296,624,1023,1.490713587487781,0.021013514579950272,685,The doctor thinks it's empty nest syndrome.
3405,80,123,275,665,1063,1.4901222953904045,0.021289037234077504,685,I thought you were getting that lanced?
3117,81,109,268,616,993,1.4894259818731117,0.021753405078326803,685,I'm taking bets on which one cracks first.
292,82,119,262,641,1022,1.4892367906066537,0.021744686848141175,685,You feel sorry for him? I laid it.
2664,83,91,292,593,976,1.485655737704918,0.021153157052978516,685,You should have been here when he laid it!
157,84,95,261,576,932,1.4839055793991416,0.022073104556406035,685,He accidentally ordered an eggonomic chair instead of ergonomic.
1501,85,87,230,521,838,1.4821002386634845,0.02337469018054891,685,And we still have nothing to talk about.
1353,86,90,185,483,758,1.4815303430079156,0.025367207798515524,685,If I feed him beans it stays inflated.
4863,87,117,218,605,940,1.4808510638297872,0.023042524203713374,685,I don’t think the hemorrhoid cream is working.
585,88,121,196,597,914,1.4792122538293218,0.023734985115039162,685,Don’t all powerful men nourish HUGE EGOS  ??
685,89,103,227,575,905,1.478453038674033,0.022974592494240647,685,These gender reveal parties keep getting weirder.
1771,90,89,251,558,898,1.477728285077951,0.022341282970595136,685,"I told George, why don’t you just get a puppy like everybody else?"
1672,91,45,139,296,480,1.4770833333333333,0.03020372118223954,685,"Say what you will, it's easier to ignore than the elephant we used to have in the living room."
1588,92,101,209,556,866,1.4745958429561201,0.0236205793452649,685,"Harold, this time, I believe you passed more than gas."
4298,93,101,229,580,910,1.4736263736263737,0.0227697726261257,685,"All I know is, whatever comes out of there I’m not the mother."
3064,94,83,241,536,860,1.4732558139534884,0.022691636475177593,685,"'Cornish Modern,' the guy at the store said."
1832,95,85,219,522,826,1.4709443099273607,0.02348350562052026,685,"When he proposed, he said he had a substantial nest egg."
933,96,59,252,480,791,1.4677623261694057,0.02244935193332992,685,"Herb insists on managing our nest egg himself."""
2328,97,59,229,455,743,1.4670255720053835,0.023441396202100614,685,And just when is Big Bird coming back for it?
4576,98,45,173,347,565,1.4654867256637167,0.02689950002477762,685,I’m starting to think this isn’t an exercise ball.
4231,99,70,217,480,767,1.4654498044328552,0.02372975622215488,685,'Worst case of empty nest syndrome the doctor's ever seen.'
2818,100,81,196,493,770,1.464935064935065,0.024435367914062218,685,He used to work for the President until he ran afoul of the Hatch Act.
4803,101,67,220,476,763,1.4639580602883355,0.023597775629659878,685,"And then he said, ""what's the worst that could happen?"""
4914,101,92,170,501,763,1.4639580602883355,0.02535455460418567,685,He's always so literal.  I told him to blow it out his ass.
168,103,82,175,478,735,1.4612244897959183,0.02534840904855851,685,Costco.
4046,104,50,168,364,582,1.4604810996563573,0.026894949661800137,685,"His financial advisor told him to sit on his nest egg and ride it out"""
1663,105,70,198,467,735,1.4598639455782314,0.02445218009068976,685,"Of course we could control his hallucinations with medication, but we need the eggs."
3524,106,52,217,434,703,1.4566145092460883,0.02375249605379182,685,"Now that he's retired, Ed spends all day protecting our nest egg."
4944,107,56,127,341,524,1.4561068702290076,0.029715471991332006,685,The adoption process is much easier in the Galapagos.
3963,108,67,178,440,685,1.4554744525547445,0.025467497735501138,685,I don’t have the heart to tell him it’s my Pilates ball
1308,109,76,158,447,681,1.4552129221732746,0.026323644381686252,685,The egg is fake...but his problems are real
1966,110,55,193,421,669,1.452914798206278,0.024841036467365234,685,He shot its mother during hunting season. Now he feels responsible.
4426,111,51,176,387,614,1.4527687296416938,0.025984465983234704,685,"What's worse, there are eleven more of them in the garage!"
2320,112,63,177,430,670,1.4522388059701492,0.025522303907903464,685,Fifty bucks says he cracks first.
651,113,97,107,462,666,1.451951951951952,0.02846928634894351,685,... and now we're egging you OFF !!
793,114,56,187,419,662,1.4516616314199395,0.025112385578838516,685,I still think Danish modern furniture is too severe.
5224,115,49,195,408,652,1.4493865030674846,0.024717917728385205,685,The kids leaving for college has really hit him hard.
890,116,58,176,416,650,1.4492307692307693,0.025616708472329153,685,I think you should get that looked at
5297,117,51,186,405,642,1.4485981308411215,0.025174472389573575,685,At least he's not sitting around doing nothing.
524,118,69,147,420,636,1.4481132075471699,0.027040037181531903,685,"Hormone free, my ass."
112,119,50,146,354,550,1.4472727272727273,0.02795514285229815,685,"It's a rescue,of course."
4496,120,40,195,383,618,1.4449838187702266,0.0246999188966639,685,Harold doesn't trust the bank with our nest egg.
5060,121,60,153,401,614,1.4446254071661238,0.026863603092223395,685,"Trust me, he came first."
2530,122,48,175,387,610,1.4442622950819672,0.025764831283846094,685,"Someone named ""Horton"" asked him to sit on this for a bit"
2063,123,52,155,376,583,1.444253859348199,0.0270318641647272,685,Since they moved his company to the business incubator he's been bringing work home.
4511,124,63,144,401,608,1.444078947368421,0.027351807628082335,685,"Fred, roosters lay hens not eggs."""
381,125,54,153,384,591,1.4416243654822336,0.026975613659029438,685,"I don't care what she told you, you're not the father"
296,126,43,166,362,571,1.4413309982486866,0.02639680030959674,685,We finally found a chair where he won't fall asleep.
763,127,52,157,383,592,1.4408783783783783,0.026727309731871512,685,Our entire life savings are in there.
545,128,48,157,370,575,1.44,0.026835299758608506,685,Now he expects me to bring home the bacon.
3999,129,53,151,381,585,1.4393162393162393,0.027056323241952947,685,Men will mount anything.
3614,130,44,143,339,526,1.4391634980988592,0.028067921030602388,685,At night I just throw a cloth over him.
2600,131,55,141,377,573,1.4380453752181501,0.02767612706269627,685,I see Ed is hatching another one of his big schemes.
4873,131,67,117,389,573,1.4380453752181501,0.0289688317559712,685,I don't want to be around when that colostomy bag' blows.
2465,133,45,141,344,530,1.4358490566037736,0.028032386657788195,685,I didn't think he had it in him.
1186,134,46,152,362,560,1.4357142857142857,0.027087384637204857,685,"I'm not sure how he does it, but in about three weeks, we're expecting a loveseat."""
1540,135,40,162,354,556,1.435251798561151,0.026498089766159232,685,It was easier than adoption.
2871,135,53,136,367,556,1.435251798561151,0.0280429256684235,685,You should see our Preparation H bill.
208,137,43,152,353,548,1.4343065693430657,0.02713021884647983,685,We take turns.
3589,138,42,156,355,553,1.433996383363472,0.026836267396348576,685,I’m not completely sold on the eggonomic chair.
5085,139,50,119,336,505,1.4336633663366336,0.02966811302702192,685,Just ignore him.
1543,140,55,126,364,545,1.4330275229357798,0.028676361886898923,685,It's not ours. He poached it.
923,141,47,135,350,532,1.4304511278195489,0.028186047345717342,685,He’s been brooding for weeks
1675,141,45,139,348,532,1.4304511278195489,0.027933735374223837,685,Another of his big ideas that won't hatch.
683,143,40,150,345,535,1.4299065420560748,0.027184334599708492,685,This isn’t what I had in mind when I said we needed a larger nest egg.
3954,144,46,152,370,568,1.4295774647887325,0.026792444693018468,685,His chair's design is a mashup of Bauhaus and Henhaus.
2911,145,41,142,339,522,1.4291187739463602,0.02777977468884422,685,"You're right, Mabel.  If it were golden, we'd get a tax break on it."
2862,146,50,127,352,529,1.4291115311909264,0.028670368698616108,685,I warned him what would happen if he kept swallowing bubblegum.
2391,147,39,142,333,514,1.4280155642023347,0.027803586154518462,685,"No Susan, it’s his God damn Pilates ball."
233,148,63,95,359,517,1.4274661508704063,0.030767084930614978,685,The egg came first. The horror-struck chicken fled.
5024,149,51,118,346,515,1.4271844660194175,0.029349502360184593,685,"Morty, your hemorrhoid is blocking my view of the kitchen."
2513,149,41,138,336,515,1.4271844660194175,0.028032818419225797,685,He can’t seem to crack this one.
3198,149,43,134,338,515,1.4271844660194175,0.028301056244923517,685,We were hoping that the chicken would come first.
2621,152,44,130,337,511,1.426614481409002,0.02858855920745537,685,I keep telling him to get it looked at.
1170,153,37,137,322,496,1.4254032258064515,0.028199465202573226,685,"I dont know what he's expecting, but he's expecting."
4221,154,49,112,333,494,1.4251012145748987,0.029968568346338067,685,He says Gwyneth Paltrow swears by it.
3803,155,36,142,326,504,1.4246031746031746,0.027743946434705645,685,I haven't the heart to tell him it's not his.
3885,156,36,126,305,467,1.423982869379015,0.02923917152988012,685,"The lease says no pets, but we think we’ve found a loophole."
658,157,34,110,278,422,1.4218009478672986,0.03101690401903433,685,I hope you can stick around. The funny part is when he tries to get down.
2074,158,40,116,309,465,1.421505376344086,0.029938212406389532,685,It wouldn't be so bad if he weren't also crowing at 5 a.m. every morning.
689,159,36,129,313,478,1.4205020920502092,0.028751363022812237,685,"I wanted to know the species right away, but Harold's old-fashioned so we've decided to let it be a surprise."
473,160,39,125,319,483,1.4202898550724639,0.028991949663329058,685,It's an egg chair. Danish design. Very expensive.
2024,161,40,120,317,477,1.419287211740042,0.029391601531076807,685,"And then I find out, that’s our nest egg for retirement."
3178,162,44,111,320,475,1.4189473684210527,0.030073525540171137,685,Ed proved wrong everyone who thought he was such a tight ass.
4650,163,52,93,326,471,1.4182590233545647,0.03142451972558236,685,"Harold, the trick is to pull the egg out of your EAR."
1230,164,38,123,315,476,1.4180672268907564,0.029125893209229977,685,Cage-free?
1764,164,35,129,312,476,1.4180672268907564,0.0286667180659693,685,"I'm telling you, Cheryl, the things we have to do to get a grandchild these days."
4158,166,30,135,302,467,1.417558886509636,0.02824187072803411,685,"I told him that if he's just going to sit around the house all day, he might as well make himself useful."
4866,167,35,125,308,468,1.4166666666666667,0.028995613827948873,685,I don’t know what surprises me more: his maternal instinct or his core strength.
3984,168,32,125,299,456,1.4144736842105263,0.029014438486042692,685,He’s always hatching another big idea.
4675,168,42,105,309,456,1.4144736842105263,0.030630580698009852,685,We met on Hatch.com.
1999,170,43,104,312,459,1.4139433551198257,0.030639404670248036,685,"In 21 days, we'll have a futon."
4781,171,36,115,301,452,1.413716814159292,0.02984985514155939,685,"I’m telling you, it’s just a matter of days before he cracks.”"
2147,171,34,119,299,452,1.413716814159292,0.029519345744935734,685,I'm not entirely sure Bill is understanding the concept of a nest egg.
5003,173,41,103,304,448,1.4129464285714286,0.030851357208106795,685,He’s fully committed to the farm to table experience.
5096,174,34,116,297,447,1.4116331096196868,0.029734119714087487,685,"Trust us Ralph, you don’t know how it really feels."
2265,175,35,109,293,437,1.4096109839816933,0.03036524193487183,685,"Yes, ever since he watched that documentary on penguins."
2733,175,34,111,292,437,1.4096109839816933,0.03019190277809844,685,Of course Horton over there just HAD to say yes.
3105,175,34,111,292,437,1.4096109839816933,0.03019190277809844,685,"Marry the paleontologist"" she said, ""He's the most normal one"" she said!  I tell you Janet, mothers are NOT always right"
3233,178,28,121,284,433,1.4087759815242493,0.02930555947188124,685,I got rid of his lazy boy. This is him making a statement.
3340,178,29,119,285,433,1.4087759815242493,0.029487417676829494,685,All I can do is hope that I'm out when it happens
1763,180,33,110,288,431,1.408352668213457,0.03029824682764602,685,Our egg donor was overly enthusiastic.
3187,180,32,112,287,431,1.408352668213457,0.03011963146902139,685,He assures me it's mine.
5240,180,49,78,304,431,1.408352668213457,0.03302497141282243,685,"As he has gotten older, this is the only way he can blow up a balloon."
3202,183,39,97,293,429,1.407925407925408,0.03145017017443816,685,"Yes, it's benign, but Harry has decided to have it removed anyway."
1670,183,29,117,283,429,1.407925407925408,0.029667960183182754,685,That's not how a nest egg works.
735,185,28,117,280,425,1.4070588235294117,0.029665058045867033,685,It's one of his biggest this week.
1553,185,30,113,282,425,1.4070588235294117,0.03003686446906952,685,Surrogate?
5134,185,30,113,282,425,1.4070588235294117,0.03003686446906952,685,who do you think will crack first?
1642,188,42,88,293,423,1.4066193853427895,0.032285075752224085,685,Charles is pretty sure he came first.
5288,189,33,105,283,421,1.4061757719714965,0.030782130346246123,685,I didn't have the heart to tell him it's chocolate.
5056,190,26,108,261,395,1.4050632911392404,0.0307533412377688,685,Getting down isn't the problem.
2847,191,36,98,286,420,1.4047619047619047,0.031371143294572,685,We've already started applying to preschools.
4420,192,30,99,264,393,1.4045801526717556,0.03168591107037652,685,Don’t look at me. I wanted a dog.
915,193,30,107,276,413,1.4043583535108959,0.03061390975417895,685,He says it builds core strength but I think he's hatching something.
2304,194,29,102,265,396,1.404040404040404,0.0313112752129817,685,"his posture has improved, but his cholesterol is sky-high!"
3852,195,30,104,272,406,1.4039408866995073,0.03097413887376826,685,The problem is going to be finding the right bacon.
4663,196,32,104,280,416,1.4038461538461537,0.030835771424039416,685,Don’t mind him. He’s just brooding over our nest egg.
1278,196,26,116,274,416,1.4038461538461537,0.029687303597111046,685,Why not just get a sitter?
2253,198,30,97,262,389,1.4035989717223651,0.03190467789567672,685,That’s the most parenting he’s done in 50 years.
4254,199,39,85,282,406,1.4014778325123152,0.03267541867318513,685,"And worse yet, he thinks he's the father."
5271,200,35,103,293,431,1.4013921113689096,0.030602077651733086,685,She promised she'd be right back.
1899,201,40,80,280,400,1.4,0.03320778360912659,685,The dermatologist said he shouldn’t squeeze it.
2929,201,30,100,270,400,1.4,0.031264094565852316,685,"So, George,...anything new?"
3287,201,36,88,276,400,1.4,0.03244428422615251,685,"He also ordered a giant chicken, but we all know the egg comes first"
3761,204,30,99,269,398,1.399497487437186,0.0313689755849843,685,I doubt his butt is warm enough.
1815,205,23,102,246,371,1.398921832884097,0.03135552119412063,685,"He was sitting around warming the sofa all day anyway so I thought, hey, why not make him useful?"
610,206,26,105,263,394,1.398477157360406,0.030752761428950986,685,I suppose it’s my fault for saying he never sees anything through.
1248,206,24,109,261,394,1.398477157360406,0.030329845880243282,685,It's the only chair he doesn't fall asleep in.
2322,206,26,105,263,394,1.398477157360406,0.030752761428950986,685,We don’t care as long as it’s healthy.
4959,209,33,89,268,390,1.3974358974358974,0.032414069674188715,685,These gender-reveal parties are really getting out of control.
1188,209,25,105,260,390,1.3974358974358974,0.030744227751345502,685,We talked about the elephant in the room--now we have this.
2595,211,33,88,267,388,1.3969072164948453,0.03252806265177325,685,How are you and Horton getting along these days?
4590,211,35,84,269,388,1.3969072164948453,0.03293499388224811,685,I am the egg man.
3945,213,24,105,257,386,1.3963730569948187,0.030731927992803398,685,I am so tired of omelets.
1473,214,28,95,258,381,1.3963254593175853,0.031881079065756976,685,"Harold loves his job at the zoo, but today he is working from home."
2446,215,23,97,241,361,1.3961218836565097,0.0319127786865844,685,Damn airline catalogue.
357,216,37,78,269,384,1.3958333333333333,0.033579244136603355,685,He refuses to get a colonoscopy.
1390,216,33,86,265,384,1.3958333333333333,0.03275928128926088,685,The museum catalog calls it mid-Jurassic modern.
3996,216,32,88,264,384,1.3958333333333333,0.03255106340873897,685,So much for Preparation H.
4057,219,37,77,268,382,1.3952879581151831,0.03370213299523351,685,"The doctor said it would go down eventually, but he still needs to use the cream."
5055,219,28,95,259,382,1.3952879581151831,0.03181443270603721,685,My husband is a little egg centric.
4770,221,18,96,220,334,1.3952095808383234,0.03227153001049302,685,I preferred the TV there.
5173,222,26,84,235,345,1.3942028985507247,0.03365054731085413,685,So I take it brunch might be a while?
80,223,24,97,247,368,1.3940217391304348,0.0317175627962224,685,"Every day we call.  Every day, Guinness says ""not yet""."
3384,224,31,86,259,376,1.3936170212765957,0.03280553932327942,685,He said he's just keeping it warm until the elephant returns
3116,225,37,75,267,379,1.3931398416886545,0.03387775901789871,685,The doctor said it is very common for one of them to be larger.
901,226,27,92,253,372,1.39247311827957,0.03215525259771422,685,He’s sulking because Guinness World Records isn’t interested.
2059,226,23,100,249,372,1.39247311827957,0.031240907407588683,685,His expectations have always been somewhat unreal.
5247,226,27,92,253,372,1.39247311827957,0.03215525259771422,685,We’ll wait until Easter to have the gender reveal party.
913,229,28,89,253,370,1.3918918918918919,0.03249615313120815,685,You know what? I think I'm going to pass on the omelette tonight.
1970,230,30,84,254,368,1.391304347826087,0.03306457777900651,685,I never thought he had it in him.
715,231,33,67,240,340,1.3911764705882352,0.03570921096584075,685,He takes mansplaining to a whole new level.
2371,232,31,101,285,417,1.3908872901678657,0.030491781352843667,685,"Dave, when exactly was your last prostate exam?"
4685,233,28,87,252,367,1.3896457765667576,0.03266030248709457,685,I wonder who the mother is?
2726,233,25,93,249,367,1.3896457765667576,0.031969150404093455,685,George has always been the patient one in the family.
1223,233,29,85,253,367,1.3896457765667576,0.03288745888954488,685,You should have seen the last scheme he hatched!
154,233,24,95,248,367,1.3896457765667576,0.03173542159632608,685,I got it on layaway.
3521,237,20,102,243,365,1.389041095890411,0.030887831572823706,685,At least one of us is still producing eggs.
1409,238,29,64,221,314,1.3885350318471337,0.03673099415828245,685,The chair? It's farm to table.
3576,239,32,77,254,363,1.3884297520661157,0.03381214841509493,685,This happens when he sneezes after swallowing his chewing gum.
1329,240,30,77,246,353,1.388101983002833,0.03402249027131821,685,"The longer it's been since Henry's death, the happier I am with my decision to have him mounted instead of cremated."
1411,241,21,100,245,366,1.3879781420765027,0.031063576067545312,685,We're lucky his job allows him to work from home
873,242,22,96,243,361,1.3878116343490305,0.03159190416345529,685,He's been trying to hatch that plan for weeks now.
2896,242,35,70,256,361,1.3878116343490305,0.034613725111221724,685,Seems like this balloon idea is really solving your husband's flatulence problem.
2978,244,24,91,244,359,1.3871866295264623,0.032190853641245375,685,My therapist said it would help with the empty nester syndrome.
3393,245,33,72,252,357,1.3865546218487395,0.03442970757005363,685,This happens every time he swallows gum.
1454,246,26,91,253,370,1.3864864864864865,0.031991497125341814,685,I don't think this is what your financial adviser meant by 'sitting on your nest egg.'
2752,247,28,81,246,355,1.3859154929577464,0.03339251261378042,685,"Well, there was this hypnotist show on the cruise, and Herb insisted on being a volunteer...."""
481,247,22,93,240,355,1.3859154929577464,0.031930733084665826,685,I raised our four kids practically on my own and now his maternal instinct kicks in?
2408,247,33,71,251,355,1.3859154929577464,0.034563468934351936,685,We bought that on lay-away.
4229,250,26,86,246,358,1.3854748603351956,0.032717078906783874,685,I think he is overcompensating for something.
4149,251,24,88,241,353,1.385269121813031,0.03254429510738754,685,"Should I call a psychologist, or a chef?"
4393,252,32,70,246,348,1.3850574712643677,0.03481926414797622,685,The doctor said he’s having an eggsistentialist crisis.
2836,253,24,82,232,338,1.3846153846153846,0.033522136043251896,685,It looked like a chair on the website.
277,254,26,84,244,354,1.384180790960452,0.03295969580055916,685,Rupert prefers a more tightly packed bean bag chair.
4502,255,24,85,238,347,1.38328530259366,0.03290844760692933,685,This is nothing. You should have seen him lay it.
62,255,28,77,242,347,1.38328530259366,0.03390572464801985,685,Ed’s idea... He bought a “from Scratch” Turkey for Thanksgiving this year. Step 1 is to get the darn thing to hatch!...
5106,255,24,85,238,347,1.38328530259366,0.03290844760692933,685,"It is a conversation starter, but it's not doing anything for Harold's lumbar."
1252,258,18,92,224,334,1.3832335329341316,0.03214783901716433,685,Harold doesn’t trust the stock market.
2079,259,27,78,240,345,1.382608695652174,0.03378888891242066,685,He says it's Danish Postmodern.
2774,259,25,82,238,345,1.382608695652174,0.03328640767253869,685,But of course all we really want is for it to be normal.
215,261,18,95,230,343,1.3819241982507289,0.03157717610040746,685,"Worst case scenario, I'll alert all the king's men."
4860,262,22,83,228,333,1.3813813813813813,0.03329594187478022,685,He found a loophole for paternity leave.
4629,263,21,88,232,341,1.3812316715542523,0.03249711478520838,685,He still won't admit that he laid an egg.
1577,263,21,88,232,341,1.3812316715542523,0.03249711478520838,685,He says it will save us money on a home security system if he can get it to hatch.
2668,263,23,84,234,341,1.3812316715542523,0.03302367443401135,685,I think he misunderstood when our accountant said we needed to build our nest egg.
2281,266,30,69,240,339,1.3805309734513274,0.034943669891655815,685,That's why you don't self-diagnose.  For months we thought he just  needed to fart.
3621,266,26,77,236,339,1.3805309734513274,0.03392994357849163,685,It won’t be his first big idea that fails to hatch.
3784,266,23,83,233,339,1.3805309734513274,0.03314931108705857,685,His maternity leave actually covers this.
4998,269,22,84,231,337,1.3798219584569733,0.03300978555087091,685,One moment he's happy and the next he's brooding.
3976,269,24,80,233,337,1.3798219584569733,0.03354059696988077,685,How big was the chicken?
2734,269,22,84,231,337,1.3798219584569733,0.03300978555087091,685,Ralph’s 401k has done well this year.
546,269,22,84,231,337,1.3798219584569733,0.03300978555087091,685,"If you think this is awkward, you should have seen him and the mother hen!"
3624,273,20,87,228,335,1.3791044776119403,0.03259198212177625,685,He sees the proctologist tomorrow.
5023,273,19,89,227,335,1.3791044776119403,0.03231659945386763,685,That's our retirement.
680,275,18,90,225,333,1.3783783783783783,0.0321571952853664,685,It’s so nice that Harold’s job at the incubator allows work from home
839,276,20,85,226,331,1.3776435045317221,0.03283913082796158,685,"Yes, but will he get up at 4 am to feed it?"
2109,277,24,73,224,321,1.3769470404984423,0.03465863345899014,685,"So, what did you do for Easter?"
2897,278,17,88,219,324,1.376543209876543,0.03242980953812566,685,Therapy helped Bob get out of his shell.
617,279,16,87,214,317,1.3753943217665616,0.032579979349352216,685,He keeps telling me he’s onto something.
5002,279,23,73,221,317,1.3753943217665616,0.03465854393752077,685,He'll  crack soon enough
3531,281,18,87,223,328,1.375,0.03244054064833846,685,He says he can feel it kicking.
2914,281,15,90,215,320,1.375,0.03207187265617618,685,I don't know. I still prefer the Ottoman.
3442,283,15,91,217,323,1.3746130030959753,0.03187501591636842,685,Someone called him hen pecked and the rest is history
1833,283,20,81,222,323,1.3746130030959753,0.03334913700240725,685,"You talk about weird, you should have been here when he laid it."
225,283,20,81,222,323,1.3746130030959753,0.03334913700240725,685,"On the bright side, I no longer need an alarm clock."""
1549,286,17,86,218,321,1.3738317757009346,0.03259603993837314,685,"Don’t mind him, he’s brooding."
3043,286,31,58,232,321,1.3738317757009346,0.036538849043804715,685,"There goes my husband, hatching another idea out of his ass."
4935,288,26,69,229,324,1.373456790123457,0.034947135804128254,685,So...you're expecting?
4091,288,22,77,225,324,1.373456790123457,0.03383575724020968,685,He falls off now and then but it keeps him busy.
293,290,22,74,220,316,1.3734177215189873,0.03442117441268029,685,John stays at home while I bring home the bacon.
1542,290,23,72,221,316,1.3734177215189873,0.034711808842292746,685,We wanted to adopt a puppy but the wait list for an ostrich was much shorter.
5161,290,23,72,221,316,1.3734177215189873,0.034711808842292746,685,Does it recline?
3433,290,22,74,220,316,1.3734177215189873,0.03442117441268029,685,"Unfortunately, our nest egg is only big enough to support one of us."
2973,290,20,78,218,316,1.3734177215189873,0.03383241637301013,685,He's always been nurturing.
1700,295,14,88,209,311,1.3729903536977492,0.032324000076194924,685,"Then he screamed, 'Don't ever tell me again that a man couldn't endure the pain of childbirth!'"
54,296,17,86,219,322,1.3726708074534162,0.03251538523147949,685,He’s free range – mostly.”
1444,297,24,69,221,314,1.372611464968153,0.035146357760598226,685,"Sure, he's sitting on it now, but who do you think laid it?"
2624,297,18,81,215,314,1.372611464968153,0.033364184785863525,685,It does make him look taller
4955,297,33,51,230,314,1.372611464968153,0.037661823109775734,685,That’s where most of his thought balloons come from.
3072,300,19,80,218,317,1.3722397476340693,0.033448956718233704,685,I think he's suffering from empty nest syndrome.
1378,300,28,62,227,317,1.3722397476340693,0.03603503346933264,685,"Flatulence can't be cured, but it can be contained."
4124,302,24,68,220,312,1.3717948717948718,0.03529433423046678,685,I told him to grow a pair.  He's doing it one at a time
2266,302,24,68,220,312,1.3717948717948718,0.03529433423046678,685,I told him not to have a cow and then this happened
949,302,23,70,219,312,1.3717948717948718,0.03500111815107822,685,Over filled the bean bag I see.
2587,302,25,66,221,312,1.3717948717948718,0.035585134336096884,685,I think Ted will have a harder time when we’re empty nesters.
753,306,23,71,221,315,1.3714285714285714,0.034764958462520694,685,He's more useful when he brings home the bacon.
1325,306,23,71,221,315,1.3714285714285714,0.034764958462520694,685,"Well George, that's what you get for marrying Big Bird."
2965,306,17,83,215,315,1.3714285714285714,0.032973927921689045,685,"He's no golden goose, either."
504,309,25,65,220,310,1.3709677419354838,0.03573731014553619,685,So that’s the over-easy chair?
4670,309,17,81,212,310,1.3709677419354838,0.03331851267934674,685,Ed believes the man should have a bigger role during the pregnancy.
3832,311,13,90,210,313,1.3706070287539935,0.03184117997889458,685,Wow.  The musta hurt.
2784,311,22,72,219,313,1.3706070287539935,0.03461475428641326,685,"Oh don’t egg him on, Mildred. He already thinks he rules the roost."
5339,311,21,74,218,313,1.3706070287539935,0.034317650879391946,685,You must feel a lot better now.
2178,311,25,66,222,313,1.3706070287539935,0.0354911449744238,685,"So, who came first?"
4736,315,12,79,187,278,1.370503597122302,0.03396545372208444,685,It looked a lot different in the catalog.
3926,316,24,67,220,311,1.369774919614148,0.035349967580007954,685,"Have you thought about daycare, yet?"
1428,317,19,81,222,322,1.3695652173913044,0.033067437458642254,685,"something seems different in here, did you change the rug?"
3921,318,18,77,211,306,1.369281045751634,0.03390244508923605,685,He just slides off. Getting up there is another thing entirely.
638,319,15,84,210,309,1.3689320388349515,0.03272814866326418,685,I warned him he was overdoing the calcium supplements.
5057,320,24,64,216,304,1.368421052631579,0.03590332258228021,685,Yeah? Talk to me when you've pushed out twins.
843,320,31,57,235,323,1.368421052631579,0.03631459526430465,685,I don't know. Started out as a bump on his butt.
1021,322,20,73,214,307,1.3680781758957654,0.03443710720612174,685,He's hatching an exit strategy for Donald Trump.
2652,322,19,75,213,307,1.3680781758957654,0.03412659697015873,685,"It might be a little early, but I think we should adress the dinosaur in the room."
851,324,21,69,212,302,1.3675496688741722,0.035132863975469796,685,He gave up being a couch potato.
2032,324,24,63,215,302,1.3675496688741722,0.03605999555630088,685,Your 3 minutes are up.
2073,324,13,85,204,302,1.3675496688741722,0.032531590831805256,685,It started with him pecking at his food.
4278,324,20,71,211,302,1.3675496688741722,0.03481833446598222,685,"I don't have the heart to tell him it's petrified."""
4090,328,24,64,217,305,1.3672131147540985,0.035805794347268445,685,Sometimes a fart is not really a fart.
3797,328,19,74,212,305,1.3672131147540985,0.03426665015193719,685,"Murray, before you get too comfortable, would you please pass Mildred a biscuit."
1157,330,22,66,212,300,1.3666666666666667,0.03559756900914488,685,George is a chick magnet.
1453,331,22,65,211,298,1.3657718120805369,0.035752318578919806,685,"I told you that Horton was a bird-brain, 
but you married him anyway."
2220,332,17,65,189,271,1.3653136531365313,0.036378709818769284,685,Our Australian vacation would have been perfect if he hadn’t gotten that thing through Customs.
757,333,23,62,211,296,1.364864864864865,0.036226402051795774,685,"You know she's using you, right?"
490,333,15,78,203,296,1.364864864864865,0.03360235295450583,685,We bought it at the MOMA store.
5199,333,25,58,213,296,1.364864864864865,0.036853232232779046,685,Herb should really have that polyp removed.
4129,333,20,68,208,296,1.364864864864865,0.035265272224118245,685,He does this when he's feeling henpecked.
1478,337,16,75,203,294,1.3639455782312926,0.03408144890545864,685,"Well, he had to give some reason for paternity leave."
3656,337,15,77,202,294,1.3639455782312926,0.03373911204192933,685,"With all the crazy ups and downs, we decided to sit on our assets.”"
1426,337,12,83,199,294,1.3639455782312926,0.03269059875599222,685,I put Humpty Dumpty together again
4555,337,17,73,204,294,1.3639455782312926,0.03442038113695016,685,"The catalog called it ""The Single Bean Bean-Bag Chair"""
4038,337,12,83,199,294,1.3639455782312926,0.03269059875599222,685,Empty nest syndrome.
1364,337,18,71,205,294,1.3639455782312926,0.0347560083400042,685,He's still hung up on the Hatch Act!
2353,343,15,85,216,316,1.3639240506329113,0.032190901054199854,685,"So it hatches, then what?"
3037,344,19,70,208,297,1.3636363636363635,0.03484284634321181,685,It’s his way of telling me he wants to get laid.
4443,345,19,68,205,292,1.3630136986301369,0.035239569856015944,685,"See, Cheryl? I told you we had a sizable nest egg."
1224,345,15,76,201,292,1.3630136986301369,0.03387740578765923,685,"Myron just watched ""March of the Penguins"" again."
4344,345,11,84,197,292,1.3630136986301369,0.03245812628859567,685,I thought by this time we'd be empty nesters.
4674,345,19,68,205,292,1.3630136986301369,0.035239569856015944,685,"He came first, trust me."
899,349,20,67,208,295,1.3627118644067797,0.0353190120587172,685,How he does it fully clothed I’ll never know.
3619,350,19,67,204,290,1.3620689655172413,0.03539248607943254,685,"I can't remember which came first. Irving, or the egg?"
3121,350,20,65,205,290,1.3620689655172413,0.03572802221867857,685,‘Tough guy over there began demanding the epidural at twelve weeks.’
1445,350,13,79,198,290,1.3620689655172413,0.03330836330757552,685,I thought you two were empty nesters.
1288,350,21,63,206,290,1.3620689655172413,0.036060436387181365,685,Just because you can lay an egg doesn't mean you're invited to our hen party.
375,350,14,77,199,290,1.3620689655172413,0.033664678329148004,685,When are you due?
511,350,19,67,204,290,1.3620689655172413,0.03539248607943254,685,Before Walter retired all he could talk about was the size of our next egg.
867,356,19,59,190,268,1.3619402985074627,0.03736301139127286,685,"Yesterday, he lactated-- now this."
224,357,23,58,207,288,1.3611111111111112,0.036883473101551385,685,"He got a convertible and then a tattoo, so I worried 'new chick' meant something else."
3652,357,15,74,199,288,1.3611111111111112,0.03415870641180361,685,"I keep telling him 'It doesn't matter how big the egg is, people will still notice that you're bald'. You think he listens to me?"
4753,357,19,66,203,288,1.3611111111111112,0.03554720672402163,685,"I would complain, but we need the eggs."
778,357,12,80,196,288,1.3611111111111112,0.03307910537051133,685,We should NEVER have moved to the country
4701,361,18,64,195,277,1.3610108303249098,0.036148140731848896,685,Did you get a haircut?
2003,362,22,65,215,302,1.3609271523178808,0.03536023008054142,685,He says this is the only way he gets laid these days.
3833,363,20,65,206,291,1.3608247422680413,0.03562676697656831,685,"He tells me he is just 'hatching a plan,' but I can't shake the feeling that he cheated on me."
1571,364,16,71,199,286,1.3601398601398602,0.03465758584674155,685,He’s always been a sucker for Danish design.”
2254,365,16,67,192,275,1.36,0.03557472019082662,685,The ostrich stepped out for a pack of cigarettes a week ago. I doubt it even smokes.
770,366,22,60,207,289,1.3598615916955017,0.03644870641785038,685,"If I have to walk on 'em, he can sit on 'em."
2037,367,17,67,198,282,1.3581560283687943,0.03531493607971885,685,"Yes, Mother. Horton and I are still trying."
124,367,12,77,193,282,1.3581560283687943,0.033480576548446744,685,Clearly he's confused about this retirement nest egg thing
5310,367,15,71,196,282,1.3581560283687943,0.03459286672993925,685,He thinks he's a real chick magnet.
3613,367,16,69,197,282,1.3581560283687943,0.03495576589713037,685,"Ignore him, he's always hatching something."
4968,367,16,69,197,282,1.3581560283687943,0.03495576589713037,685,"Hey, I'm not the one who got that chick pregnant. He has to take responsibility."
1498,372,23,62,217,302,1.3576158940397351,0.035626553572914034,685,"In some species, men wash the dishes, too."
201,373,13,68,182,263,1.3574144486692015,0.03541082101297783,685,I like it. It's modern.
5290,374,23,54,203,280,1.3571428571428572,0.037573228430583444,685,You tell them to run to the store for large eggs and this happens.
4277,374,19,62,199,280,1.3571428571428572,0.036184816438353626,685,"You’re becoming a member of a co-op, not a coop!"
3550,374,16,68,196,280,1.3571428571428572,0.03510749243626998,685,"It keeps him occupied, so I'm good with that."
1521,374,18,64,198,280,1.3571428571428572,0.03582930786622151,685,"Our son is transiting into a bird, we're very supportive"
2211,378,18,65,200,283,1.3568904593639577,0.03556674576142502,685,Finding an end table has been a problem.
3807,379,15,69,194,278,1.356115107913669,0.03489079440072337,685,It's his retirement project. He liked the zoo so I said maybe they're looking for volunteers.
3145,379,24,51,203,278,1.356115107913669,0.038093510648775634,685,I told you it was enlarged.
3978,379,16,67,195,278,1.356115107913669,0.03526102006600486,685,He's having trouble with the empty nest thing.
4053,379,15,69,194,278,1.356115107913669,0.03489079440072337,685,"It’s ironic. Now that he’s come out of his shell, he just sits all day."
4619,379,14,71,193,278,1.356115107913669,0.03451659791653721,685,Hatch it? It was all he could do to lay it.
3078,379,20,59,199,278,1.356115107913669,0.03670459841520937,685,Of course he does what she says... have you SEEN the size of that chicken?!
3009,379,23,53,202,278,1.356115107913669,0.03775107351277225,685,I don't have the heart to tell him I already hard-boiled it.
5032,379,9,81,188,278,1.356115107913669,0.032581214231880005,685,Joe keeps a close eye on our nest egg
575,379,22,55,201,278,1.356115107913669,0.03740550158980743,685,He's hatching another cockamamie argument against the deep state.
258,379,16,67,195,278,1.356115107913669,0.03526102006600486,685,It's my fault. I told him to go lay an egg.
4742,379,21,57,200,278,1.356115107913669,0.037056707179719005,685,He says it was the worst colonoscopy he has ever eggsperienced.
853,379,13,73,192,278,1.356115107913669,0.03413830003896288,685,I laid it.   The least he can do is sit on it.
1331,391,15,71,198,284,1.3556338028169015,0.03439493162225532,685,"We take turns, but he has the warmer bottom."
4374,392,16,66,194,276,1.355072463768116,0.0354163823534848,685,Our original plan for a nest egg fell through.
2221,392,18,62,196,276,1.355072463768116,0.03615274624802892,685,He never listens. I told him cage free AND non-GMO.
256,392,20,58,198,276,1.355072463768116,0.036874408246648636,685,"Ever since he retired, Jim is so protective of our nest egg."
641,395,11,74,186,271,1.3542435424354244,0.03388082965479994,685,Norton promised my sister Mayzie to watch it while she went to the store and we haven't seen her since.
4383,395,17,62,192,271,1.3542435424354244,0.036220329348502216,685,I hate to say it but I think he's about to crack
682,395,17,62,192,271,1.3542435424354244,0.036220329348502216,685,These days it's not enough just to bring home the bacon.
2197,395,16,64,191,271,1.3542435424354244,0.035841019118386844,685,"Let him take it easy now, the real work will start when it hatches."
1580,395,16,64,191,271,1.3542435424354244,0.035841019118386844,685,We couldn’t trust a pension fund to look after our nest egg.
1030,400,13,71,190,274,1.354014598540146,0.03442775381339261,685,Harold's hatching his new retirement plan.
4595,400,17,63,194,274,1.354014598540146,0.035947451157127545,685,This must be the part of raising dragons that no one talks about.
428,400,24,49,201,274,1.354014598540146,0.038462709418298234,685,"You know, at my previous psychiatrist's office, each patient had a private waiting area."
83,403,14,70,193,277,1.3537906137184115,0.034562789315514,685,So you found it on ‘goop’?
5033,404,28,51,224,303,1.353135313531353,0.03699155289815128,685,"And then he said: “well if I'm not getting laid, at least something should”"
2002,405,19,58,195,272,1.3529411764705883,0.036854134776067804,685,"When he falls asleep, let's poach it."
826,406,19,56,192,267,1.352059925093633,0.037317769337501625,685,One egg is an ouef
1359,407,22,57,208,287,1.3519163763066202,0.03651713578617666,685,Just lance it Murray
3520,408,21,62,213,296,1.3513513513513513,0.03540542288956918,685,Stanley volunteers at the Audubon Society.
1095,408,16,46,160,222,1.3513513513513513,0.04103015795161255,685,"I said, ‘Show me you can be nurturing,’ and this is what I get."
4985,410,19,55,191,265,1.350943396226415,0.037496381405540576,685,"So Emily, which came first, the husband or the egg?"
4246,410,14,65,186,265,1.350943396226415,0.03553927118450326,685,March of the Penguins really changed Harry’s sense of self.
635,410,20,53,192,265,1.350943396226415,0.037875670065974934,685,"Itch, Pain, Swelling, these words mean nothing to my Howard."
1049,410,18,57,190,265,1.350943396226415,0.03711321670339217,685,"Actually, the egg came first."
1274,410,18,57,190,265,1.350943396226415,0.03711321670339217,685,"That's why I'm a widow. When Harry's hatched, it ate him."
1761,410,21,51,193,265,1.350943396226415,0.0382511979862515,685,"I've told Harold time and again, ""Don't swallow your bubble gum before you eat beans."""
2278,410,19,55,191,265,1.350943396226415,0.037496381405540576,685,For years I've told you eating bubble gum would catch up with you.
3584,410,10,73,182,265,1.350943396226415,0.033892310906433916,685,He’s impossible when he’s roosting.
1860,418,19,50,182,251,1.350597609561753,0.038939612121442334,685,It's Swedish.
1032,419,13,50,154,217,1.3502304147465438,0.0401031505375324,685,It's on loan from the MOMA
5256,420,18,55,187,260,1.35,0.03758961176946248,685,He misunderstood and purchased it from a site called The Amazon.
4261,421,15,62,186,263,1.349809885931559,0.03610371884065394,685,He's determined for this one not to hate him.
5302,421,17,58,188,263,1.349809885931559,0.03689889715640432,685,George identifies as Avian now.
4120,421,18,56,189,263,1.349809885931559,0.03729012818395586,685,We warned you about swallowing your chewing gum!
50,421,18,56,189,263,1.349809885931559,0.03729012818395586,685,"He says Moroccan ostrich, I say Mid-Century modern."
3416,421,17,58,188,263,1.349809885931559,0.03689889715640432,685,"Well, there goes my dream of being an empty nester."
3923,421,14,64,185,263,1.349809885931559,0.03569948830877039,685,Would it be insensitive to bring out the frittata now?
197,427,18,57,191,266,1.349624060150376,0.03699696176097993,685,"Host your own start-up incubator from home!"" the infomercial said"
2782,428,19,57,196,272,1.349264705882353,0.03679928371777075,685,"Yes, Melvin, that egg does make your butt look small."
1363,429,12,64,176,252,1.3492063492063493,0.03584491663096106,685,"If you ask me, I think the people at Ikea have pushed the envelope a little too far."""
2137,430,11,54,153,218,1.348623853211009,0.03887844067343824,685,Stanley's publisher said his last novel laid an egg. Now he's trying to hatch a new plot.
3960,431,16,58,185,259,1.3474903474903475,0.03684731377898228,685,I suggested he find a hobby combining his habit of dwelling on the past with his love of sitting around all day.
4927,432,17,58,190,265,1.3471698113207546,0.03666725999282618,685,All men George's age have some minor prostate issues.
2471,432,16,60,189,265,1.3471698113207546,0.03627533860551395,685,"I get it Herb, no new furniture...no touching the nest egg; Don't be so dramatic."
1530,434,12,64,178,254,1.3464566929133859,0.035615016697022404,685,I take it you're hatching something big.
1622,435,16,57,184,257,1.3463035019455254,0.03702253352915382,685,He’s been broody ever since Trump got elected.
2704,435,13,63,181,257,1.3463035019455254,0.035769700737675235,685,No gender reveal yet.  The candling is Tuesday at 11:00.
862,437,12,66,182,260,1.3461538461538463,0.03507515666225883,685,He's never been the same since he had bird flu.
3294,438,17,51,178,246,1.3455284552845528,0.03856348722413336,685,It all started with a small anal itch.
3032,439,15,57,180,252,1.3452380952380953,0.03707945446946775,685,"We were going to go with brown, but it was more expensive"
2974,440,12,64,179,255,1.3450980392156864,0.035501082915943824,685,"If it doesn't work out, will be having omelettes for the rest of the year."
1638,440,22,44,189,255,1.3450980392156864,0.03961201609991684,685,Well atleast one of us is getting laid.
5268,440,16,56,183,255,1.3450980392156864,0.03720001156885384,685,And he calls ME the mother hen.
282,440,14,60,181,255,1.3450980392156864,0.03636047131795446,685,Your nest egg.  Really?
1808,444,18,56,193,267,1.344569288389513,0.036822718682043266,685,I'll bring his ladder back when he admits he was wrong.
2223,445,25,37,191,253,1.3438735177865613,0.04098262214228688,685,"Well, that's one way to blow up a balloon."
4841,445,16,55,182,253,1.3438735177865613,0.03737979331637043,685,"Surrogacy wasn't for us, in vitro didn't work, and we just sort of ended up here."
3991,445,17,53,183,253,1.3438735177865613,0.03779707058703835,685,This is how he’s coping with empty nest syndrome.
141,445,15,57,181,253,1.3438735177865613,0.03695780501852868,685,"You’re lucky, my husband took up woodworking."
3813,449,19,50,187,256,1.34375,0.03829828427529584,685,"Whatever you do, don’t mention his inflamed testicle."
3944,449,18,52,186,256,1.34375,0.03789619141192703,685,So the doctor says it benign?
1988,451,19,47,182,248,1.342741935483871,0.03914551424895059,685,"Yeah, we don't need that mansplained either."
2401,452,17,52,182,251,1.342629482071713,0.037983822209865084,685,Stan’s therapist diagnosed it as Ovoidant Personality Disorder.
5301,452,19,48,184,251,1.342629482071713,0.038813860534491526,685,I've told Harold that it's a hemorrhoid but he just pretends that it's not there.
4323,452,13,60,178,251,1.342629482071713,0.036266799001704056,685,Oh that’s nothing. He’s started to practice regurgitating his food.
3720,452,14,58,179,251,1.342629482071713,0.03670358592549455,685,"Of course because HE is doing it, everyone is going to be impressed."
1969,452,14,58,179,251,1.342629482071713,0.03670358592549455,685,"'Our lives haven't been the same since 'March of the Penguins.'"""
1272,452,11,64,176,251,1.342629482071713,0.035377050327997726,685,401K or IRA?
27,452,14,58,179,251,1.342629482071713,0.03670358592549455,685,"When you said ' your  husband was on  the ball', I had something entirely different in mind."
1536,452,19,48,184,251,1.342629482071713,0.038813860534491526,685,"If it’s another one of him, I’m leaving."
335,460,11,53,155,219,1.3424657534246576,0.038649185647242026,685,What kills me is that I couldn’t even get him to change a diaper.
1132,461,13,57,173,243,1.3415637860082306,0.037033257940344684,685,"Malcolm has always been the quiet, brooding sort."
176,462,13,58,175,246,1.3414634146341464,0.03673163614546561,685,Leonard thought birdwatching was too passive.
3361,463,15,70,208,293,1.341296928327645,0.033474710017468504,685,It started as gas pains.
634,464,19,48,185,252,1.3412698412698412,0.038683432091003,685,"It's hard to explain Ethel, but it gives me great pleasure knowing there's just one other person in the whole world who can blow it out his ass like Willard."
183,464,17,52,183,252,1.3412698412698412,0.03785721610572326,685,"One small step for man, one big step for womankind"
1822,466,14,48,161,223,1.3408071748878925,0.03971850174481956,685,"I can't put my finger on it, Barb, but I think there's something different about Tom."""
1475,467,12,59,173,244,1.3401639344262295,0.036447893235621115,685,He just lays there all day.
4406,467,7,69,168,244,1.3401639344262295,0.03405572057975999,685,"I told him, if you're going to retire, you need a hobby."
4591,467,12,59,173,244,1.3401639344262295,0.036447893235621115,685,"Don't ask, please don't ask."
4305,467,15,53,176,244,1.3401639344262295,0.03781062035434441,685,"Ever since the recession, Stanley has been very worried about losing his nest-egg."
4316,467,14,55,175,244,1.3401639344262295,0.03736190102442131,685,"Bill, I really don't think you can put off a prostate exam any longer."
4249,467,17,49,178,244,1.3401639344262295,0.03869245066448729,685,How long did she say she'd be gone?
3558,467,14,55,175,244,1.3401639344262295,0.03736190102442131,685,Don't ask about his 401k.
4289,467,11,61,172,244,1.3401639344262295,0.03598218389555483,685,What egg?
2560,475,15,54,178,247,1.3400809716599191,0.037497067324529156,685,At least it's benign.
3483,475,15,54,178,247,1.3400809716599191,0.037497067324529156,685,Looks like the Preparation H didn't work.
3953,475,9,66,172,247,1.3400809716599191,0.03476403607867227,685,He thought I said “rest egg.”
162,478,16,53,181,250,1.34,0.03761995539838806,685,He always got Grade A in school too.
4799,479,17,36,153,206,1.3398058252427185,0.043582630802019524,685,"Darling, that's not a chair. That's art."
2846,480,18,46,178,242,1.3388429752066116,0.039329902887683156,685,He's been trying to hatch an original idea. Nothing yet.
2665,480,14,54,174,242,1.3388429752066116,0.037545595666283446,685,"Once new Harold hatches, he kills and eats old Harold. Then he puts on old Harold's clothes, and then it's just Harold. Aside from that, he's pretty normal."
1087,480,16,50,176,242,1.3388429752066116,0.038448101481676766,685,"Which comes first, the pterodactyl or the divorce."
116,480,11,60,171,242,1.3388429752066116,0.03614961443116833,685,You’ve always preferred the nurturing type.
4290,484,12,59,174,245,1.3387755102040817,0.03632536527201831,685,the doctor called it 'empty nest syndrome'
2590,484,22,39,184,245,1.3387755102040817,0.04067053252264055,685,He has an appointment Tuesday to get it lanced.
1744,484,12,59,174,245,1.3387755102040817,0.03632536527201831,685,"He's waiting for confirmation from 23andMe."""
1807,484,11,61,173,245,1.3387755102040817,0.035861903976121975,685,"Every time I ask him for a little help around the house, he says he's too busy."
1909,484,14,55,176,245,1.3387755102040817,0.03723498587150901,685,I have a referral for a great proctologist.
2078,484,15,53,177,245,1.3387755102040817,0.03768156284185194,685,"You're brooding again, Frank."
1256,490,10,51,149,210,1.338095238095238,0.039069619085136884,685,he really wants to mess with the landlord because of the no dog rule
2300,491,16,42,161,219,1.3378995433789955,0.0411888781764356,685,Would you believe we still had to assemble it?
5320,492,12,53,163,228,1.337719298245614,0.03806602956380667,685,"As you might imagine, our cholesterol levels are at Defcon 1."
3380,493,16,49,175,240,1.3375,0.038644776603273,685,"I don't care where he got it...if it hatches, he's raising it"
3412,493,16,49,175,240,1.3375,0.038644776603273,685,He's finally coming out of his shell.
5066,493,13,55,172,240,1.3375,0.03726682503590325,685,"I don’t mind the prospect of a new pet, I just can’t stand all this brooding."
3507,493,11,59,170,240,1.3375,0.03631915804755287,685,Harold is inordinately proud of his nest egg.
4884,493,13,55,172,240,1.3375,0.03726682503590325,685,"Sure, he got fired from Jurassic Park, but he got a hell of a severance package."
2210,493,15,51,174,240,1.3375,0.03819098395210741,685,"Frank, this better not be another one of those crazy schemes you are hatching!"
1574,493,9,63,168,240,1.3375,0.035346092207054855,685,"You're no spring chicken, Harold."
117,493,15,51,174,240,1.3375,0.03819098395210741,685,George refuses to become an empty nester
67,493,14,53,173,240,1.3375,0.037731734014531795,685,"His chiropractor recommended it, though I'm not sure it's all it's cracked up to be."
182,502,17,49,180,246,1.3373983739837398,0.03842682382275244,685,Harold's family has reproduced this way for generations.
3451,503,12,62,181,255,1.3372549019607842,0.03536266994559685,685,He’s been on it a month already—and nothing!
1427,504,12,45,148,205,1.3365853658536586,0.04084696619632538,685,I say we just turn up the heat and go to bed.
2505,505,15,50,173,238,1.3361344537815125,0.03838504141941749,685,He won't say whether it's an empty nest-egg or an empty-nest egg.
4989,505,16,48,174,238,1.3361344537815125,0.03884415819184946,685,He was tired of losing the remote in the cushions.
2005,505,17,46,175,238,1.3361344537815125,0.03929791147753852,685,He wants to be an egghead but he's got it ass backwards.
1913,505,12,56,170,238,1.3361344537815125,0.03697350053999905,685,"Really helps stabilize the core,"
1263,505,12,56,170,238,1.3361344537815125,0.03697350053999905,685,"All these years he talked about this ""nest egg."" I thought it would have led to more travel."
818,510,13,55,173,241,1.3360995850622406,0.03713828165398745,685,I just hope it’s not twins.
1552,510,15,51,175,241,1.3360995850622406,0.03805795918639863,685,George doesn't like to talk about his haemorrhoid
2749,510,14,53,174,241,1.3360995850622406,0.03760093231320524,685,We'll invite you to the genus reveal party.
4818,510,14,53,174,241,1.3360995850622406,0.03760093231320524,685,"For Pete's sake, just go ahead and count them."
3290,514,10,49,147,206,1.3349514563106797,0.039499697860333256,685,"So, this dodo tells him she'll be back in five minutes. That was three days ago!"
1459,515,15,49,172,236,1.3347457627118644,0.03858175520345342,685,"Ever since we went to Antarctica, he's been taking on more household responsibilities."
1697,516,14,53,175,242,1.334710743801653,0.03747098136557036,685,You are in violation of the Hatch Act!
3670,517,15,48,171,234,1.3333333333333333,0.03878118158015015,685,He found it at Costco.
3647,517,13,52,169,234,1.3333333333333333,0.03782347372361169,685,The way that ostrich looked at him I had to believe her. On the up side he hasn’t cheated since!
4350,517,11,56,167,234,1.3333333333333333,0.036840877897912676,685,A mother's instinct says it's not fertilized. But will he listen?
3889,517,16,46,172,234,1.3333333333333333,0.039251273671926795,685,We always wanted grandkids. This is the best we could do
708,517,16,48,176,240,1.3333333333333333,0.03857045694269144,685,So how long are you getting for paternity leave?
4780,517,17,44,173,234,1.3333333333333333,0.039715801955700326,685,My hemorrhoids were worse than that.
4915,517,14,50,170,234,1.3333333333333333,0.0383053208397562,685,I can't understand how he can look so comfortable given the location of the neck of the lightbulb
5303,517,6,44,118,168,1.3333333333333333,0.041933137086710974,685,I no longer recall which came first.
3511,517,13,54,173,240,1.3333333333333333,0.03718975179142452,685,Since he retired all he does is look after the nest egg
3453,517,11,56,167,234,1.3333333333333333,0.036840877897912676,685,"Good grief, Ethel, what's he hatching up now?"
2044,517,15,48,171,234,1.3333333333333333,0.03878118158015015,685,"Honestly, I can't remember which came first."
1517,517,11,46,147,204,1.3333333333333333,0.04032291819070644,685,Something to do with a business incubation plan.
834,517,18,42,174,234,1.3333333333333333,0.0401749594287328,685,Wait 'til he finds out who the father is!
362,517,10,58,166,234,1.3333333333333333,0.036339618107142986,685,I wish he'd go back to brooding about Donald Trump.
186,517,12,55,170,237,1.3333333333333333,0.03702312865108167,685,"Believe it or not, our oldest was born this way."
647,532,16,49,179,244,1.3319672131147542,0.03810924968541259,685,Retirement has been fine... Phillip is very protective of our nest egg.
128,533,18,42,175,235,1.3319148936170213,0.04002877631432045,685,"Herb, that's the worst case of hemorrhoids I've ever seen."
3941,534,16,45,171,232,1.331896551724138,0.03945912813155782,685,Why don't you just turn the heat up?
560,534,12,53,167,232,1.331896551724138,0.037519951779789396,685,He retired and took a lump sum distribution.
3144,534,16,45,171,232,1.331896551724138,0.03945912813155782,685,"The list said ""jumbo egg carton,"" not ""jumbo egg cartoon."""
3237,537,14,48,167,229,1.331877729257642,0.038843232179284766,685,Did you get that at MOMA?
1747,537,13,50,166,229,1.331877729257642,0.038346985744917315,685,Ok boomer.
1357,537,10,56,163,229,1.331877729257642,0.0368181368958574,685,"Blowing it up's not that hard, it's tying the knot which takes years to master."
1286,540,11,58,173,242,1.3305785123966942,0.03599247561104278,685,At least we finally agree on the thermostat.
2640,541,13,52,171,236,1.3305084745762712,0.037555185739035456,685,Nurturing stray kittens wasn’t enough for him.
465,542,8,61,164,233,1.3304721030042919,0.035351060806719514,685,"Fine, I'll stay for the intervention. But when you said he's 'on crack,' I had something totally different in mind."
3543,542,18,41,174,233,1.3304721030042919,0.04024530010622213,685,You think hatching it is hard.?.I had to lay the damn thing
4364,542,14,49,170,233,1.3304721030042919,0.038362605600351006,685,Besides the obvious questions - how did you get up there?
2754,545,12,51,164,227,1.330396475770925,0.038035935315054815,685,He's grown our nestegg quite a bit.  I don't ask questions.
4480,545,14,47,166,227,1.330396475770925,0.03904743327146463,685,We just weren't comfortable with having a surrogate
4176,545,14,47,166,227,1.330396475770925,0.03904743327146463,685,What scheme are you hatching now?
4132,545,11,53,163,227,1.330396475770925,0.0375199618921956,685,I laid it. He can hatch it.
3955,545,16,43,168,227,1.330396475770925,0.040033382506202635,685,He believes he is onto something big.
3359,545,12,51,164,227,1.330396475770925,0.038035935315054815,685,It's what happens when you tell a Virgo he needs more balance in his life.
4740,545,11,53,163,227,1.330396475770925,0.0375199618921956,685,He just couldn't handle being an empty-nester.
2724,545,12,51,164,227,1.330396475770925,0.038035935315054815,685,"""'March of the Penguins' had a big effect on him."""
1779,545,16,43,168,227,1.330396475770925,0.040033382506202635,685,You should have heard him scream when he laid it.
2151,545,12,51,164,227,1.330396475770925,0.038035935315054815,685,Trust me that's the only laying he's doing these days.
1126,545,15,45,167,227,1.330396475770925,0.039543480878505205,685,He's hoping to hatch a recliner with vibrating massage and dual cup holders.
781,545,10,55,162,227,1.330396475770925,0.0369967931784984,685,Retirement could prove interesting after all.
667,545,7,61,159,227,1.330396475770925,0.035380901639089316,685,He’s trying to get in touch with his feminine side.
2325,545,17,41,169,227,1.330396475770925,0.04051736109110705,685,I told him a million times to stop swallowing his gum.
1566,559,12,49,160,221,1.330316742081448,0.03871838164877361,685,"It’s your classic, midlife, eggistential crisis."
956,560,19,37,172,228,1.3289473684210527,0.041311520078234555,685,"Carl, when we suggested you go out and get yourself laid, we didn’t mean... This!?"
4704,561,11,52,162,225,1.3288888888888888,0.03770768474112612,685,At some point you have to just let the kid hatch and make his own decisions.
2858,561,16,42,167,225,1.3288888888888888,0.04025272893790996,685,Tell me again who said you couldn't put him back together!
4451,561,17,40,168,225,1.3288888888888888,0.04074266469723591,685,Do you compost the shell?
4709,561,10,54,161,225,1.3288888888888888,0.03717777493145085,685,Last week's gender reveal party was a wreck.
3894,561,8,58,159,225,1.3288888888888888,0.036094623830821904,685,I don't think this is a healthy solution to your empty nest syndrome.
3574,561,21,32,172,225,1.3288888888888888,0.04264615909271962,685,"Walter, I really think it's time to see a doctor."
3539,561,10,54,161,225,1.3288888888888888,0.03717777493145085,685,We're having the species reveal party on Saturday.
3224,561,15,44,166,225,1.3288888888888888,0.039756755995255876,685,"If you must know, he came first."
4606,561,17,40,168,225,1.3288888888888888,0.04074266469723591,685,You should have seen him lay the darn thing!
2850,561,16,42,167,225,1.3288888888888888,0.04025272893790996,685,"if I've told him once I've told him a million times...
you've got to take your hemorrhoidal cream."
4192,561,15,44,166,225,1.3288888888888888,0.039756755995255876,685,You think this is odd? You shoulda seen where it came from.
1120,561,18,38,169,225,1.3288888888888888,0.041226778510016195,685,"That's IKEA, right?"""
959,561,10,54,161,225,1.3288888888888888,0.03717777493145085,685,He really is a dinosaur.
859,561,14,46,165,225,1.3288888888888888,0.03925451703414238,685,Harold thinks this is the hard part.
800,561,14,46,165,225,1.3288888888888888,0.03925451703414238,685,At least he's finally thinking about reproductive rights
561,561,13,48,164,225,1.3288888888888888,0.03874576838702821,685,"Well, I sat on the first two."
509,561,14,46,165,225,1.3288888888888888,0.03925451703414238,685,"Carl thinks it’s a recliner, but I’m hoping for a glider rocker."
485,561,10,54,161,225,1.3288888888888888,0.03717777493145085,685,He was really struggling with empty nest syndrome
1618,561,11,52,162,225,1.3288888888888888,0.03770768474112612,685,He was very inspired by March of the Penguins.
3234,580,13,46,160,219,1.3287671232876712,0.039457372371910084,685,"Please don't egg him on, Frances."
415,581,11,38,134,183,1.3278688524590163,0.0432593410659146,685,I had no problem with Fred's work on de-extinction of dinosaurs until he started bringing his work home from the lab.
5116,582,8,58,160,226,1.3274336283185841,0.03596401334307533,685,"I’ve been calling him a dodo for so long, he finally believes it."
4596,583,15,43,165,223,1.3273542600896862,0.03997311013245823,685,He's been like this ever since he watched that documentary about penguins.
3638,583,14,45,164,223,1.3273542600896862,0.03946454598907072,685,He’s been that way since the chicken left.
2702,583,12,49,162,223,1.3273542600896862,0.03842723126959792,685,"It's just a part-time job, but it pays a few bills."
1006,583,8,57,158,223,1.3273542600896862,0.03626369436357162,685,I love that you still do things the old-fashioned way
699,583,13,47,163,223,1.3273542600896862,0.03894934205587202,685,Once you go free-range there's really no going back.
871,583,14,45,164,223,1.3273542600896862,0.03946454598907072,685,I still wish we'd gotten a higher table...
501,589,12,48,160,220,1.3272727272727274,0.03877438536571631,685,"The kids thought he needed a pet...
I think they’re trying to keep him off of Facebook."
2160,590,16,39,162,217,1.327188940092166,0.04125360676496401,685,Arthur has become obsessive about fresh ingredients.
5065,591,18,36,167,221,1.3257918552036199,0.04169954490096186,685,"Herman, you're not supposed to overinflate the beanbag chair."
2863,591,15,42,164,221,1.3257918552036199,0.040192611748782726,685,"He is the eggman, coo coo ca choo."
161,591,10,52,159,221,1.3257918552036199,0.037546895516453495,685,I always wanted a pterodactyl but God only sent us the boys.
4897,591,16,40,165,221,1.3257918552036199,0.040701122520655,685,"He said he'd go to the doctor if the swelling persists."""
1336,591,20,32,169,221,1.3257918552036199,0.04267461441481691,685,"Floyd, you need to stop swallowing your chewing gum."
3831,591,12,48,161,221,1.3257918552036199,0.03862693404128058,685,Ed's trying to hatch a plot for his novel.
2816,591,15,42,164,221,1.3257918552036199,0.040192611748782726,685,It'll most likely resemble the brontosaurus side of the family.
3427,591,15,42,164,221,1.3257918552036199,0.040192611748782726,685,"But that's my Horton: he meant what he said, and he said what he meant."
493,599,14,43,161,218,1.3256880733944953,0.040049262246928986,685,He's not exercising. He just can't get down.
1000,599,8,55,155,218,1.3256880733944953,0.036746099053496906,685,He's a good egg.
3932,601,8,51,147,206,1.325242718446602,0.03807116541917368,685,He trusts neither the King’s horses or the King’s men.
4743,602,8,57,160,225,1.3244444444444445,0.03599921613883043,685,He broods a lot.
3364,603,7,57,155,219,1.3242009132420092,0.036031435162677435,685,"We are hoping for a triceratops, but we’ve told the doctor want it to be a surprise."
5316,603,9,53,157,219,1.3242009132420092,0.03717590604739628,685,"Yes, you could say that he is hen pecked."
4889,603,16,39,164,219,1.3242009132420092,0.04093031684966488,685,Didn't he just visit the proctoligist?
4409,603,18,35,166,219,1.3242009132420092,0.041941322201101014,685,You should see the hash browns.
2301,603,10,51,158,219,1.3242009132420092,0.037735127212269196,685,"It allowed me to go back to work, and his core has never been stronger."
3080,603,9,53,157,219,1.3242009132420092,0.03717590604739628,685,"When I said it was time for him to settle down and start a family, this is not what I had in mind."
3113,603,13,45,161,219,1.3242009132420092,0.039365153772976044,685,"I agreed to one piece of modern decor, and that's what he chose."
3143,603,10,51,158,219,1.3242009132420092,0.037735127212269196,685,He just can't get used to being an empty nester
3302,603,10,51,158,219,1.3242009132420092,0.037735127212269196,685,He loved that chicken!
4081,603,10,51,158,219,1.3242009132420092,0.037735127212269196,685,"Oh, so size does matter!"
3811,603,13,45,161,219,1.3242009132420092,0.039365153772976044,685,You should see the sperm.
1694,614,9,52,155,216,1.3240740740740742,0.037502458953206336,685,"That’s un oef, Bob!"
1513,615,13,45,162,220,1.3227272727272728,0.03921351215884061,685,"The vegan rocking chair would have been better for his climate change guilt, but the free-range,organic easy chair is better for his sciatica."
3795,616,11,48,158,217,1.3225806451612903,0.038484295799515726,685,I did tell him to make a friend.
5223,616,12,46,159,217,1.3225806451612903,0.0390347335163535,685,"I wish he was that dedicated to me getting laid."""
5333,616,12,46,159,217,1.3225806451612903,0.0390347335163535,685,Big deal.  My first-born felt twice as big.
3262,616,11,48,158,217,1.3225806451612903,0.038484295799515726,685,Horton's been at it since he read that Dr. Suess book.
3126,616,16,38,163,217,1.3225806451612903,0.041162944631369124,685,"So which came first, Leonard or the egg?"
2418,616,14,42,161,217,1.3225806451612903,0.04011295570895949,685,It’s the only way to treat his flatulence.
2414,616,9,52,156,217,1.3225806451612903,0.037359098331844275,685,"He won't say, but I think he's hatching something big."
4551,616,15,40,162,217,1.3225806451612903,0.04064134118378788,685,You do know they deliver fully hatched armchairs straight to your door?
479,616,11,48,158,217,1.3225806451612903,0.038484295799515726,685,"Others are embarrassed when they lay an egg.  With him, the bigger the prouder."
263,616,10,50,157,217,1.3225806451612903,0.0379258701373682,685,Not what I had in mind for a nest egg.
276,616,14,42,161,217,1.3225806451612903,0.04011295570895949,685,I'm as surprised as anybody.  He's usually molting by now.
807,616,13,44,160,217,1.3225806451612903,0.03957751657444967,685,Stop telling him he's not a chicken. We need the eggs.
2693,628,7,55,152,214,1.3224299065420562,0.0365077278240914,685,His sitting all day is tolerable but the cackling is starting to annoy me.
3979,628,11,47,156,214,1.3224299065420562,0.03883712227745343,685,I don't have the heart to tell him it's a lawn decoration.
3635,628,14,41,159,214,1.3224299065420562,0.04049633284299726,685,We had two theories about diversifying our portfolio
5175,628,12,45,157,214,1.3224299065420562,0.03939795725380762,685,We can't commit to anything during nesting season.
3500,628,11,47,156,214,1.3224299065420562,0.03883712227745343,685,"No one ever pays attention to the 800 pound egg in the room, but wait til the chicken shows up."
3211,628,9,51,154,214,1.3224299065420562,0.03769042489593217,685,George had his DNA done. He’s 5% Penguin.
2582,628,8,53,153,214,1.3224299065420562,0.0371037890229141,685,He doesn't believe in investing.
2809,628,12,45,157,214,1.3224299065420562,0.03939795725380762,685,Bill has become really taken with the Farm to Table movement...
1794,628,16,37,161,214,1.3224299065420562,0.0415656939276705,685,"I know men don't like to go to the doctor, but don't you think it's time that Fred sees a proctologist?"
611,628,12,45,157,214,1.3224299065420562,0.03939795725380762,685,"No, I prefer to keep my 401k in the bank."
606,628,7,55,152,214,1.3224299065420562,0.0365077278240914,685,Jim is trying to keep on top of his cholesterol.
175,628,9,51,154,214,1.3224299065420562,0.03769042489593217,685,"""He's been brooding ever since he retired."""
2359,628,15,39,160,214,1.3224299065420562,0.04103449698375504,685,Edward's cholesterol is extremely high.
3506,641,12,44,155,211,1.3222748815165877,0.039770643521826445,685,He says he's hatching a new idea.
5166,641,9,50,152,211,1.3222748815165877,0.038030178438413824,685,He never understood the concept of a retirement nest egg.
71,643,14,47,172,233,1.3218884120171674,0.03819459792356768,685,He insisted on a fresh turkey this year.
976,644,9,45,142,196,1.3214285714285714,0.03986830754653129,685,"When Harold does hatch his big idea, my advice is to run"
1790,645,15,41,165,221,1.3212669683257918,0.04010220520593646,685,So you’re just gonna lay there?
492,646,9,52,157,218,1.3211009174311927,0.03721675986334321,685,All I wanted was a man with a large nest egg.
3342,647,13,42,157,212,1.320754716981132,0.04017217907114822,685,If he hatches it I'm outta here!
4665,647,17,34,161,212,1.320754716981132,0.04233966057786231,685,Where does a man with 800lbs testicles sit? Anywhere he wants to.
4102,647,11,46,155,212,1.320754716981132,0.039043341661060535,685,"Makes you wonder what came first, stupid or the egg."
4044,647,11,46,155,212,1.320754716981132,0.039043341661060535,685,"I told him to go to Pottery Barn, but he was only half listening."
3819,647,11,46,155,212,1.320754716981132,0.039043341661060535,685,I wanted to adopt but Fred wouldn't hear of it.
5097,647,11,46,155,212,1.320754716981132,0.039043341661060535,685,"When you said your son never flew the coop, I didn’t know you were being literal."
5104,647,8,52,152,212,1.320754716981132,0.03728606124504388,685,So this is strengthening your core then?
3336,647,11,46,155,212,1.320754716981132,0.039043341661060535,685,9 months Herb! Not one day less.
1242,647,10,48,154,212,1.320754716981132,0.03846650239404745,685,This is for my Oval Office
2992,647,13,42,157,212,1.320754716981132,0.04017217907114822,685,"Male menopause is tough, but you’ll  both get through it."
2979,647,10,48,154,212,1.320754716981132,0.03846650239404745,685,Our daughter turned out fine.
1214,647,10,48,154,212,1.320754716981132,0.03846650239404745,685,"George, that's not what they mean by nest egg."
856,647,12,44,156,212,1.320754716981132,0.039611781703091216,685,He still won’t admit that I said nest egg.
210,647,8,52,152,212,1.320754716981132,0.03728606124504388,685,"I would tell him he’s nuts, but we need the eggs."
3189,647,11,46,155,212,1.320754716981132,0.039043341661060535,685,He's very hands-on with our retirement plans.
1292,662,14,38,154,206,1.3203883495145632,0.04153529120105001,685,This is who you get when you swipe diagonally.
4887,662,13,40,153,206,1.3203883495145632,0.040961209921803854,685,I thought I was marrying royalty! Turns out his dad was an Emperor Penguin.
2384,664,13,42,158,213,1.3192488262910798,0.04001148071694126,685,"I know you’re busy, but would you fetch Mother some more tea?"
1818,665,11,45,154,210,1.319047619047619,0.03925247321556451,685,I think it's okay if he puts all his egg in one basket!
864,665,6,55,149,210,1.319047619047619,0.03623415957950616,685,I don't think that's what they mean by having a nest egg.
369,665,11,45,154,210,1.319047619047619,0.03925247321556451,685,I see the trip to Ikea went well.
249,665,10,47,153,210,1.319047619047619,0.03866766332373228,685,He has such a big eggo.
5025,665,12,43,155,210,1.319047619047619,0.03982869719385392,685,What did the proctologist say?
1891,665,9,49,152,210,1.319047619047619,0.03807387188475073,685,He promised we would travel. Now he just sits on our nest egg
4691,665,10,47,153,210,1.319047619047619,0.03866766332373228,685,Danish Modern is out.
3345,665,14,39,157,210,1.319047619047619,0.040956831584021525,685,"And then the Dr said, just rub a little preparation H on it and call me in the morning."
4907,665,14,39,157,210,1.319047619047619,0.040956831584021525,685,They have the same hairstyle
2101,665,12,43,155,210,1.319047619047619,0.03982869719385392,685,I'm just hoping it's not a dinosaur.
332,675,6,58,156,220,1.3181818181818181,0.03520893951097653,685,Harold feels he should sit on our nest egg until retirement.
4527,676,12,42,154,208,1.3173076923076923,0.04004877075647526,685,"If you ask me, that bean bag chair has too many beans in it."
145,676,12,42,154,208,1.3173076923076923,0.04004877075647526,685,Feel better now?
794,676,8,50,150,208,1.3173076923076923,0.03765766197567352,685,"So, that's why you can't help with the dishes?"
1225,676,15,36,157,208,1.3173076923076923,0.04175233453745639,685,"Got laid again,huh?"
2484,676,10,46,152,208,1.3173076923076923,0.03887160624786938,685,I hope the swelling goes down soon.
2536,676,17,32,159,208,1.3173076923076923,0.042850434141826196,685,He thinks Ray Eames got the chair all wrong.
2584,676,11,44,153,208,1.3173076923076923,0.03946457786036806,685,"Epidural, why?"
3548,676,13,40,155,208,1.3173076923076923,0.04062456365934733,685,Serves him right for not supporting women's reproductive rights.
4070,676,10,46,152,208,1.3173076923076923,0.03887160624786938,685,At least he's done molting.
237,685,8,56,163,227,1.3171806167400881,0.03563964523391602,685,He takes his brooding seriously.
3029,686,12,40,150,202,1.316831683168317,0.04084074451358246,685,It targets his core.
2009,686,9,46,147,202,1.316831683168317,0.03898961965442472,685,You should see what he did with the bacon.
3429,688,15,37,160,212,1.3160377358490567,0.04117166232760819,685,"Ralph, you're still not a feminist."
3024,689,12,36,142,190,1.3157894736842106,0.04256226509344115,685,"Three weeks of this, and his abs look no different."
5153,690,11,43,152,206,1.3155339805825244,0.039679717998182,685,Charles is convinced that a baby ostrich will save our marriage.
5004,690,6,53,147,206,1.3155339805825244,0.036574328919688315,685,So we’re all just going to ignore the egg in the room?
4891,690,11,43,152,206,1.3155339805825244,0.039679717998182,685,"I wouldn’t mind so much, but he insists I do the night shift"
4865,690,11,43,152,206,1.3155339805825244,0.039679717998182,685,I could give you a dozen reasons why Fred's therapist is a quack.
4697,690,12,41,153,206,1.3155339805825244,0.0402720711823118,685,Just don't say you need a break!
4287,690,9,47,150,206,1.3155339805825244,0.03846765689016383,685,"The paleontology department said it couldn't be done, so here we are."
3830,690,14,37,155,206,1.3155339805825244,0.04143137833947922,685,I stay and raise them while my wife brings home the bacon.
3765,690,11,43,152,206,1.3155339805825244,0.039679717998182,685,"Well, at least the beer belly is gone."
3601,690,15,35,156,206,1.3155339805825244,0.04199903341753245,685,Leonard insists that he's onto something big.
3538,690,10,45,151,206,1.3155339805825244,0.039078386910379355,685,I dare you to carry that attached to your belly for nine months.
4999,690,8,49,149,206,1.3155339805825244,0.03784707293465941,685,You should have seen the hen.
3368,690,9,47,150,206,1.3155339805825244,0.03846765689016383,685,Dont even ask about the bacon.
3503,690,15,35,156,206,1.3155339805825244,0.04199903341753245,685,Don’t ask...
3190,690,14,37,155,206,1.3155339805825244,0.04143137833947922,685,I like to stay on top of  our nest egg.
196,690,6,53,147,206,1.3155339805825244,0.036574328919688315,685,Gwyneth Paltrow recommends it. Who am to argue!
948,690,10,45,151,206,1.3155339805825244,0.039078386910379355,685,"Since retiring, he’s been trying to explore his nurturing side ."
1019,690,9,47,150,206,1.3155339805825244,0.03846765689016383,685,He’s hatching a plan.
1235,690,8,49,149,206,1.3155339805825244,0.03784707293465941,685,"Honestly Louise, I don't see why you feel sorry for him. He just has to sit on it."
557,690,13,39,154,206,1.3155339805825244,0.04085583696622954,685,"Yes, quite a surprise. We didn't even know he was pregnant."
2485,690,8,49,149,206,1.3155339805825244,0.03784707293465941,685,"Since Sam sold our stocks, he is very protective of our nest egg."
2854,690,13,39,154,206,1.3155339805825244,0.04085583696622954,685,He's trying to hatch another one of his harebrained schemes.
2953,690,9,47,150,206,1.3155339805825244,0.03846765689016383,685,It all started when I picked up a chick at a bar...
1641,690,15,35,156,206,1.3155339805825244,0.04199903341753245,685,They've gotten bigger since he started working at the nuclear plant.
1997,713,11,44,155,210,1.3142857142857143,0.03914591210660538,685,He's adding to his nest egg.
2295,713,10,46,154,210,1.3142857142857143,0.03855948609664003,685,Try outs for March of The Penguins have begun.
1119,715,10,45,152,207,1.3140096618357489,0.038919006737384916,685,Is that a Bauhaus chair?
4460,716,7,50,147,204,1.3137254901960784,0.03739874724448207,685,Is he still refusing to see a Dr?
2064,716,12,40,152,204,1.3137254901960784,0.04049866906654791,685,Man! When he lays an egg he lays a big one.
3700,716,11,42,151,204,1.3137254901960784,0.03989795754196877,685,"Ever since he retired, Burt has been nesting."
3300,716,10,44,150,204,1.3137254901960784,0.039288062256615824,685,I already told him: If it doesn't hatch within one week I will scramble it.
3289,716,10,44,150,204,1.3137254901960784,0.039288062256615824,685,How'd you get up there?
2415,716,13,38,153,204,1.3137254901960784,0.04109059960992035,685,How was I supposed to know 'egg chair' meant an actual fucking egg?
2048,716,13,38,153,204,1.3137254901960784,0.04109059960992035,685,I say we fry 'em both.
3582,716,6,52,146,204,1.3137254901960784,0.03674739603448975,685,Horace fired our financial advisor and is looking after the nest egg himself these days.
313,716,7,50,147,204,1.3137254901960784,0.03739874724448207,685,He's hatching another one of his big ideas.
289,716,9,46,149,204,1.3137254901960784,0.0386685486634642,685,I told him he couldn't spend the rest of his life as a couch potato.
1267,716,12,40,152,204,1.3137254901960784,0.04049866906654791,685,don't ask 'what's for breakfast'
5076,727,9,45,147,201,1.3134328358208955,0.039034915912304534,685,He heard a who.
5017,727,12,39,150,201,1.3134328358208955,0.04090205852550662,685,Fred identifies as avian.
4549,727,10,43,148,201,1.3134328358208955,0.03966706321448287,685,He’s hoping it will be an electable just left-of-center democratic candidate.
4476,727,11,41,149,201,1.3134328358208955,0.04028929321597582,685,His paternal instinct is admirable - albeit misguided.
4346,727,13,37,151,201,1.3134328358208955,0.04150577833754071,685,And then the giant chicken said it had a favour to ask.
4125,727,9,45,147,201,1.3134328358208955,0.039034915912304534,685,"I'm tellin' ya, Joan, if it hatches we're gonna make millions."
4104,727,8,47,146,201,1.3134328358208955,0.03839236143426959,685,I’m comfortable and Harry’s sitting on a substantial nest egg.
2617,727,9,45,147,201,1.3134328358208955,0.039034915912304534,685,"Ever since Madoff, Daryl won't let our nest egg out of his sight"
2518,727,10,43,148,201,1.3134328358208955,0.03966706321448287,685,I told him not to buy a knockoff Egg Chair.
2907,727,9,45,147,201,1.3134328358208955,0.039034915912304534,685,We need to hatch a better plan!
2080,727,8,47,146,201,1.3134328358208955,0.03839236143426959,685,"We're not sure what it is,but I told him he has to take care of it."
1215,727,8,47,146,201,1.3134328358208955,0.03839236143426959,685,"If he had discovered this talent before he retired, we'd all be sitting pretty"
1013,727,11,41,149,201,1.3134328358208955,0.04028929321597582,685,Wilbur was named 'Employee Of The Month' by the boss at his business incubator company.
732,727,9,45,147,201,1.3134328358208955,0.039034915912304534,685,He claims it’s a vintage Eames
2482,727,9,45,147,201,1.3134328358208955,0.039034915912304534,685,"No, it’s his hemorrhoids acting up."
4673,742,7,46,139,192,1.3125,0.038814933210552044,685,His therapist hopes role playing will get him over his fear of chickens.
2042,743,12,38,149,199,1.3115577889447236,0.04113862670178683,685,I don't think George got it when I said he needed bigger balls.
2214,743,11,40,148,199,1.3115577889447236,0.0405170058392803,685,We went with yellow for the nursery.
2251,743,9,44,146,199,1.3115577889447236,0.03924423617198946,685,"He's a little obsessed, but it keeps him out of trouble."
2435,743,14,34,151,199,1.3115577889447236,0.042354507391378735,685,I told you not to swallow your bubble gum
3470,743,7,48,144,199,1.3115577889447236,0.037928780408358745,685,"Why yes, Edgar is an Ornithologist.  How did you guess?"
3514,743,14,34,151,199,1.3115577889447236,0.042354507391378735,685,Gender change was not enough !
1967,743,8,46,145,199,1.3115577889447236,0.0385921135466068,685,"No, we won't know the sex, nor the species, until it hatches."
4073,743,12,38,149,199,1.3115577889447236,0.04113862670178683,685,That's how you put the 'men' in menopause.
4244,743,10,42,147,199,1.3115577889447236,0.03988569815675263,685,Is that Danish design?
2605,743,8,46,145,199,1.3115577889447236,0.0385921135466068,685,He's hatching a new idea.
1394,743,8,46,145,199,1.3115577889447236,0.0385921135466068,685,"I know which came first, the question is which leaves first?"
1474,743,9,44,146,199,1.3115577889447236,0.03924423617198946,685,"So Dave, how’s the babysitting gig?"
1321,743,8,46,145,199,1.3115577889447236,0.0385921135466068,685,I'm afraid he's going to be sorry when it hatches.
589,743,12,38,149,199,1.3115577889447236,0.04113862670178683,685,Gwyneth's website says it should clear his eczema right up.
513,743,8,46,145,199,1.3115577889447236,0.0385921135466068,685,He says he likes the view.
368,743,10,42,147,199,1.3115577889447236,0.03988569815675263,685,I don’t care who came first. I just want Marty to leave.
108,743,9,44,146,199,1.3115577889447236,0.03924423617198946,685,"So, George, how do you like working from home?"
28,743,10,42,147,199,1.3115577889447236,0.03988569815675263,685,"If he fails, we're eating 67 omelettes."
1326,743,9,44,146,199,1.3115577889447236,0.03924423617198946,685,and here I thought we were finally empty nesters
5011,762,11,42,153,206,1.3106796116504855,0.03956802768558272,685,Your heart's in the right place but your ergonomics are way off.
3186,763,9,43,145,197,1.3096446700507614,0.03945647348244872,685,John insists on managing our nest egg himself.
2015,763,8,45,144,197,1.3096446700507614,0.038794534808108065,685,And what happened to its mother again?
2146,763,10,41,146,197,1.3096446700507614,0.04010748893118153,685,He got it used from Gwyneth Paltrow.
3021,763,10,41,146,197,1.3096446700507614,0.04010748893118153,685,Any day now.
3127,763,12,37,148,197,1.3096446700507614,0.04137880382215259,685,Even a paleontologist should know you can’t count your dinosaurs before they hatch.
3665,763,14,33,150,197,1.3096446700507614,0.04261220650399989,685,"On the bright side, the doctor says his cholesterol is down by 800 points."
3420,763,14,33,150,197,1.3096446700507614,0.04261220650399989,685,That's my Harold. Always working on his core.
3542,763,14,33,150,197,1.3096446700507614,0.04261220650399989,685,"Personally, I'd hate being cooped up in the house all day, but not Charlie ."
1937,763,6,49,142,197,1.3096446700507614,0.03743556054863033,685,I guess one cannot really trust an egg donor found on Craigslist.
3705,763,10,41,146,197,1.3096446700507614,0.04010748893118153,685,Do you plan to eat your young?
3343,763,6,49,142,197,1.3096446700507614,0.03743556054863033,685,I regret going to the fertility clinic
1258,763,14,33,150,197,1.3096446700507614,0.04261220650399989,685,He’s hatching another great idea.
664,763,9,43,145,197,1.3096446700507614,0.03945647348244872,685,He's just so proud of putting him back together again.
774,763,9,43,145,197,1.3096446700507614,0.03945647348244872,685,The gestation period is thirty years.
686,763,6,49,142,197,1.3096446700507614,0.03743556054863033,685,Ever since he turned 65 he's been sitting on our nest egg.
3907,763,9,43,145,197,1.3096446700507614,0.03945647348244872,685,"You can't just sit on top of our nest egg, doing nothing, and expect it to grow, Harold."
584,763,7,47,143,197,1.3096446700507614,0.03812110389644872,685,It always happens during eggnog season
539,763,16,29,152,197,1.3096446700507614,0.0438108991065793,685,Bill's favorite movie is March of the Penguins.
517,763,11,39,147,197,1.3096446700507614,0.040748104705108916,685,Marvin seems to be brooding a lot more lately.
262,763,12,37,148,197,1.3096446700507614,0.04137880382215259,685,The King’s horses and men really came through this year.
4349,763,7,47,143,197,1.3096446700507614,0.03812110389644872,685,"Which came first, Morris or the egg?"
4842,763,9,43,145,197,1.3096446700507614,0.03945647348244872,685,it helps him with his low self-esteem.
783,763,13,35,149,197,1.3096446700507614,0.04200003302910439,685,"He has been swallowing his Bubble Gum all of his life, and this morning he had his first Breakfast Burrito."
3968,763,8,45,144,197,1.3096446700507614,0.038794534808108065,685,Henry finds a certain comfort in protecting our nest egg.
4075,787,10,36,135,181,1.3093922651933703,0.04243726932524094,685,So you laid an egg.  Big deal.
520,788,7,45,139,191,1.3089005235602094,0.03885055167418439,685,"He's very protective of his nest egg, especially during the holidays."
3333,789,9,45,150,204,1.3088235294117647,0.038550513929031825,685,He thinks he's hatching a big idea
4127,789,7,49,148,204,1.3088235294117647,0.03727669196576371,685,It's revealed a nurturing side of Marvin that I've never seen before.
4515,791,7,39,126,172,1.308139534883721,0.0415056475240337,685,"We're on a pension, so I hope it eats like a bird."
4626,792,11,38,146,195,1.3076923076923077,0.040982663187715686,685,Yes! That's exactly how childbirth feels.
3222,792,9,42,144,195,1.3076923076923077,0.03967168377756774,685,How the f*** did he get up there?
3273,792,12,36,147,195,1.3076923076923077,0.04162267141910709,685,"Excuse me, ladies... my eyes are up here."
3318,792,13,34,148,195,1.3076923076923077,0.04225298652365488,685,Mother warned me about marrying a bird brain.
3535,792,13,34,148,195,1.3076923076923077,0.04225298652365488,685,We'll be eating chicken until Hell freezes
3556,792,8,44,143,195,1.3076923076923077,0.03899967178890258,685,long story!
3590,792,10,40,145,195,1.3076923076923077,0.040332500391775106,685,"Speaking from experience, I really don't envy the egg."
4065,792,9,42,144,195,1.3076923076923077,0.03967168377756774,685,There has to be a better way to break into ostrich farming.
4137,792,11,38,146,195,1.3076923076923077,0.040982663187715686,685,That's Jim showing off his feminine side.
4291,792,10,40,145,195,1.3076923076923077,0.040332500391775106,685,"Don, for the last time, they’re extinct!"
4347,792,10,40,145,195,1.3076923076923077,0.040332500391775106,685,I'll concede: we've made a questionable retirement investment mistake.
4550,792,6,48,141,195,1.3076923076923077,0.037619651931293956,685,Howie is trying to grow our nest egg.
3221,792,8,44,143,195,1.3076923076923077,0.03899967178890258,685,"It's nothing now, but when he was laying it--you never heard such noise!"
4579,792,6,48,141,195,1.3076923076923077,0.037619651931293956,685,"Madge, this is Jasper. He identifies as a pterodactyl. Don't ask me where he got the egg, I don't know and I don't want to."
3964,792,9,42,144,195,1.3076923076923077,0.03967168377756774,685,I think we should discuss the elephant in the room.
2988,792,7,46,142,195,1.3076923076923077,0.03831587537218635,685,He's the only paleontologist who works from home.
2855,792,10,40,145,195,1.3076923076923077,0.040332500391775106,685,"Ever since we retired, that dumb nest egg is all he talks about."
608,792,11,38,146,195,1.3076923076923077,0.040982663187715686,685,He says I egged him on.
2430,792,13,34,148,195,1.3076923076923077,0.04225298652365488,685,"I told him, it’s me or that chick."
2244,792,9,42,144,195,1.3076923076923077,0.03967168377756774,685,The photo online made it look smaller.
1842,792,9,42,144,195,1.3076923076923077,0.03967168377756774,685,He looks idiotic but it strengthens his core.
1800,792,8,44,143,195,1.3076923076923077,0.03899967178890258,685,What came first...Harold or the egg?
1609,792,10,40,145,195,1.3076923076923077,0.040332500391775106,685,I didn't even know he was pregnant
1241,792,9,42,144,195,1.3076923076923077,0.03967168377756774,685,"Theresa, our pterodactyl, has a talon-sharpening appointment. So Henry is covering for her"
1073,792,12,36,147,195,1.3076923076923077,0.04162267141910709,685,Is there no limit to your Amazon Prime addiction?
749,792,7,46,142,195,1.3076923076923077,0.03831587537218635,685,"Yes, our retirement investments are in a shell corporation."
2598,792,13,34,148,195,1.3076923076923077,0.04225298652365488,685,If it's twins I'm kickin the three of em out.
593,792,11,38,146,195,1.3076923076923077,0.040982663187715686,685,I've never understood IKEA.
239,792,8,44,143,195,1.3076923076923077,0.03899967178890258,685,"I don't care what it is, as long as it's healthy!"
52,792,8,44,143,195,1.3076923076923077,0.03899967178890258,685,He lays one everywhere he goes.
97,792,8,44,143,195,1.3076923076923077,0.03899967178890258,685,"On the upside, laying eggs seems to have resolved his flatulence issues."
2955,823,6,47,139,192,1.3072916666666667,0.03796964192862372,685,Big Bird said she would be right back
260,823,8,43,141,192,1.3072916666666667,0.03937980131765418,685,It's not you.  Harold gets protective of his egg whoever visits.
951,825,10,38,141,189,1.306878306878307,0.04116159885820016,685,He's trying to apologize for his years of toxic masculinity.
1758,826,7,46,143,196,1.3061224489795917,0.03815219633687811,685,"It's a bit of an issue on the subway."""
3316,827,5,49,139,193,1.305699481865285,0.03708526072859928,685,"Herb has a really good sense of balance for people our age, Alice. But, he is kind of a show-off."
3275,827,8,43,142,193,1.305699481865285,0.03920757148503059,685,That's what he gets for fooling around with those emu girls.
2425,827,14,31,148,193,1.305699481865285,0.04314009571900572,685,He's mad because he hasn't gotten laid in a while.
3124,827,11,37,145,193,1.305699481865285,0.041220756424395946,685,"Angela thinks you should get your prostate checked, Dennis """
2620,827,8,43,142,193,1.305699481865285,0.03920757148503059,685,The husband came first I believe
3499,827,8,43,142,193,1.305699481865285,0.03920757148503059,685,You were right Ma.  He is s a dumb cluck.
3136,827,9,41,143,193,1.305699481865285,0.03988992388940239,685,"Oh Phil, you're just a big chicken."
3625,827,7,45,141,193,1.305699481865285,0.03851313146973707,685,Ergonomics not eggonomics!
4534,827,8,43,142,193,1.305699481865285,0.03920757148503059,685,"Sure, he's brooding now, but it won't last."
3691,827,13,33,147,193,1.305699481865285,0.0425099458067926,685,Arnold’s hemorrhoid is becoming a real problem.
3942,827,8,43,142,193,1.305699481865285,0.03920757148503059,685,The adoption agency didn't have a lot to choose from.
4122,827,12,35,146,193,1.305699481865285,0.04187031318664707,685,"It's my fault, I egged him on."
4174,827,6,47,140,193,1.305699481865285,0.037805937753965575,685,I just wish he had been as nurturing with the kids.
2343,827,13,33,147,193,1.305699481865285,0.0425099458067926,685,Well if we're ever going to start a family we need to get cracking.
4600,827,8,43,142,193,1.305699481865285,0.03920757148503059,685,"You really should get a second opinion, no matter what that quack said."
4922,827,10,39,144,193,1.305699481865285,0.04056079873536575,685,"This isn't how great ideas are hatched, Ted."
3650,827,10,39,144,193,1.305699481865285,0.04056079873536575,685,So Larry still thinks it's his?
2183,827,9,41,143,193,1.305699481865285,0.03988992388940239,685,"Jeez, Frank you know I've told you to do that outside when we have guests."
2196,827,8,43,142,193,1.305699481865285,0.03920757148503059,685,Mama told me not to marry an Avian Paleontologist...
2154,827,9,41,143,193,1.305699481865285,0.03988992388940239,685,It's called manopause
2172,827,10,39,144,193,1.305699481865285,0.04056079873536575,685,He’s desperate for a chick.
323,827,10,39,144,193,1.305699481865285,0.04056079873536575,685,He's hatching a new conspiracy theory.
556,827,9,41,143,193,1.305699481865285,0.03988992388940239,685,"He always wanted a vintage Egg Chair, but this was much cheaper."
673,827,12,35,146,193,1.305699481865285,0.04187031318664707,685,His screaming was unbearable.
765,827,8,43,142,193,1.305699481865285,0.03920757148503059,685,He’s hoping for a pterodactyl. I’m hoping for a giant bunny.
801,827,14,31,148,193,1.305699481865285,0.04314009571900572,685,He always sits there when he’s brooding.
825,827,7,45,141,193,1.305699481865285,0.03851313146973707,685,What was it that attracted you to him in the first place?
103,827,5,49,139,193,1.305699481865285,0.03708526072859928,685,At least he stopped clucking.
1083,827,13,33,147,193,1.305699481865285,0.0425099458067926,685,"It started as just an anal polyp."""
1238,827,7,45,141,193,1.305699481865285,0.03851313146973707,685,I begged him not to retire
1296,827,5,49,139,193,1.305699481865285,0.03708526072859928,685,"Okay, so, he put Humpty Dumpty back together again.  Big whup. Suddenly he's bigger than all the king's horses and all the king's men; just don't ask him to pick up his undies."""
1772,827,8,43,142,193,1.305699481865285,0.03920757148503059,685,Don't tell us how much it hurt.
3679,859,9,33,125,167,1.3053892215568863,0.043899603152382664,685,"I can see why you didn’t take his last name, Doris."
4853,860,11,36,143,190,1.305263157894737,0.0416502847803091,685,It ain't golden. Try again.
2920,860,8,42,140,190,1.305263157894737,0.03959370966037603,685,"With retirement, he became very focused on the nest egg."
2865,860,6,46,138,190,1.305263157894737,0.038161135459998545,685,"Before you hatch that thing, you might want to consider a cage."
2666,860,7,44,139,190,1.305263157894737,0.03888402052428808,685,"Ever since he's retired, he spends all his time protecting our nest egg."
2099,860,9,40,141,190,1.305263157894737,0.04029090017866382,685,"Yes, but at least it cured his chronic flatulence."
1943,860,9,40,141,190,1.305263157894737,0.04029090017866382,685,"I'd tell him, but we need the eggs."
1340,860,11,36,143,190,1.305263157894737,0.0416502847803091,685,"You know how stubborn he is. Says he's getting 6% growth right here, and darned if he'll let the banks have it."
1150,860,9,40,141,190,1.305263157894737,0.04029090017866382,685,His health insurance doesn't cover pre-existing conditions.
3818,860,9,40,141,190,1.305263157894737,0.04029090017866382,685,It’s not even Christmas and we have Easter decorations out?
3827,860,8,42,140,190,1.305263157894737,0.03959370966037603,685,"If it hatches, I'm moving out."
4342,860,10,38,142,190,1.305263157894737,0.0409762300577292,685,"Carl, it was fun in the bedroom but this is inappropriate."
4397,860,10,38,142,190,1.305263157894737,0.0409762300577292,685,I told him we were having a hen night.
4829,860,10,38,142,190,1.305263157894737,0.0409762300577292,685,"So, there weren't more chairs in IKEA?"""
3791,860,9,40,141,190,1.305263157894737,0.04029090017866382,685,"I told him not to sit on his nest egg, but no"
876,860,7,44,139,190,1.305263157894737,0.03888402052428808,685,"I told Herb, when you retire you need a hobby."
148,875,10,37,140,187,1.304812834224599,0.041403719248442786,685,Irv went to something called a 'business incubator.'
1894,876,7,28,103,138,1.3043478260869565,0.04781117835006826,685,"Of course, then there’s the cholesterol."
4147,877,11,36,144,191,1.3036649214659686,0.04146246133618203,685,I warned him to stop swallowing his bubble gum.
305,878,11,35,142,188,1.303191489361702,0.041899273584764064,685,"With any luck, he'll hatch me a new husband."
2440,878,8,41,139,188,1.303191489361702,0.039810567022161104,685,"It may be good for your core, but it’s terrible for your cholesterol."
2200,878,11,35,142,188,1.303191489361702,0.041899273584764064,685,He's  trying to hatch a plan to get rid of Trump.
2070,878,9,39,140,188,1.303191489361702,0.04051876775101826,685,"God forbid, it should look like him."
3876,878,8,41,139,188,1.303191489361702,0.039810567022161104,685,Being Foster Parents has its challenges
860,878,12,33,143,188,1.303191489361702,0.042572742692547814,685,This is his brain on drugs.
1507,878,6,45,137,188,1.303191489361702,0.038354956130284265,685,He didn't like being an empty nester.
2608,878,11,35,142,188,1.303191489361702,0.041899273584764064,685,It's gotten too big to keep under the mattress.
241,878,7,43,138,188,1.303191489361702,0.03908953764360747,685,"Well, Leo saved for our retirement when interest rates were high."
2789,878,9,39,140,188,1.303191489361702,0.04051876775101826,685,He's too cheap to buy an incubator until it hatches.
171,878,13,31,144,188,1.303191489361702,0.04323572265847836,685,Gwyneth recommends it. Who am I to argue?
3903,878,9,39,140,188,1.303191489361702,0.04051876775101826,685,"You're lucky, Bud wouldn't even go to Lamaze with me."
4301,878,7,43,138,188,1.303191489361702,0.03908953764360747,685,Maybe try a beanbag chair instead?
3686,878,13,31,144,188,1.303191489361702,0.04323572265847836,685,"...Janet, it's not polite to ask someone that."
4326,878,12,33,143,188,1.303191489361702,0.042572742692547814,685,You really should have your prostate checked.
202,878,10,37,141,188,1.303191489361702,0.04121480114589821,685,"He’s taken his birding hobby a little too far, if you ask me."
3270,878,8,41,139,188,1.303191489361702,0.039810567022161104,685,He’s having a hard time since our youngest moved out.
4666,895,10,39,146,195,1.3025641025641026,0.040204577941607665,685,Actually I was looking forward to being an empty-nester.
36,895,6,47,142,195,1.3025641025641026,0.037482472050839655,685,"Listen, Harris - just because it's going to breathe fire doesn't mean it will spark joy."
4012,897,10,35,137,182,1.3021978021978022,0.042097256536818235,685,I know who came first.
1106,898,15,34,163,212,1.3018867924528301,0.0408592887081123,685,"With what my hips have been through, let him incubate it."
5035,899,7,36,123,166,1.3012048192771084,0.042270257866670345,685,"Plus, it's great for his core."
782,900,10,33,133,176,1.3011363636363635,0.043034180286876625,685,I bet it it’s a double yolk
1693,901,10,36,140,186,1.3010752688172043,0.04145696779333654,685,You would not believe the amount of cackling that went on!
4438,901,6,44,136,186,1.3010752688172043,0.03855112999052743,685,"If it starts to crack, run like hell."
4248,901,11,34,141,186,1.3010752688172043,0.042152138941998464,685,My eyes are up here Carol
4136,901,8,40,138,186,1.3010752688172043,0.04003042469275268,685,It looks just like you Phil.
4064,901,10,36,140,186,1.3010752688172043,0.04145696779333654,685,He just watched Jurassic Park again
2869,901,7,42,137,186,1.3010752688172043,0.039297738641229006,685,It’s a metaphore.
5063,901,12,32,142,186,1.3010752688172043,0.042836029883187625,685,"Trojan horse? No, what's that?"
2047,901,9,38,139,186,1.3010752688172043,0.04074993913921766,685,It was a large bird.
1819,901,10,36,140,186,1.3010752688172043,0.04145696779333654,685,Boy is he going to have egg on his face when tries to get off of that.
4759,901,11,34,141,186,1.3010752688172043,0.042152138941998464,685,"Norman, did you hear a who?"
4592,901,11,34,141,186,1.3010752688172043,0.042152138941998464,685,The anticipation is killing me
1277,901,10,36,140,186,1.3010752688172043,0.04145696779333654,685,I thought you said you were empty nesters.
5212,901,9,38,139,186,1.3010752688172043,0.04074993913921766,685,His mother warned him not to swallow bubble gum.
327,901,10,36,140,186,1.3010752688172043,0.04145696779333654,685,That's Harold's new eggonomic chair.
1298,901,11,34,141,186,1.3010752688172043,0.042152138941998464,685,"Well, I'm glad he's staying on top of his cholesterol."
2785,916,3,46,124,173,1.300578034682081,0.03773476595999742,685,"Sure, but who do you think is going to end up feeding and walking it?"
1862,917,9,40,144,193,1.3005181347150259,0.039756500656017636,685,Eventually he'll slide off and go looking for a worm.
5127,918,6,36,118,160,1.3,0.04233736919305072,685,"I'll just assume this has a backstory, for the sake of the afternoon tea."
4034,919,6,44,137,187,1.2994652406417113,0.038378206551176436,685,He's cheating on you.
4252,920,9,40,145,194,1.2989690721649485,0.03958136312432108,685,George was put in charge of the corporate nest egg
996,921,7,41,136,184,1.298913043478261,0.039508662150345986,685,The English professor is making a point. I told him he “laid” around the house too much.
2918,921,7,41,136,184,1.298913043478261,0.039508662150345986,685,He's taking Paleo seriously.
1026,921,9,37,138,184,1.298913043478261,0.04098447812764403,685,"We're still trying to have a baby, but the process eludes him."
869,921,9,37,138,184,1.298913043478261,0.04098447812764403,685,"If it hatches,run quickly!"
1636,921,10,35,139,184,1.298913043478261,0.041702805404887425,685,He is always hatching something. Nothing good ever comes out of it.
1851,921,5,45,134,184,1.298913043478261,0.03797553584118374,685,"It's unlikely, but if it starts to hatch, run like hell!"
1888,921,12,31,141,184,1.298913043478261,0.043103561814808976,685,"Yes, your scrotum looks swollen! What do you want me to do about it?"
2349,921,7,41,136,184,1.298913043478261,0.039508662150345986,685,IKEA
2903,921,11,33,140,184,1.298913043478261,0.04240896732862619,685,"If it hatches, it will probably eat you..."
1014,921,9,37,138,184,1.298913043478261,0.04098447812764403,685,He's got my vote for Stepfather of the Year.
809,921,8,39,137,184,1.298913043478261,0.04025333422404605,685,He’s hatching our nest egg.
3082,921,7,41,136,184,1.298913043478261,0.039508662150345986,685,I'm afraid we'll be walking on eggshells soon.
142,921,10,35,139,184,1.298913043478261,0.041702805404887425,685,"Mostly it consists of money market accounts, fixed annuities and timeshare in Boca."
3039,921,10,35,139,184,1.298913043478261,0.041702805404887425,685,Is this what he thinks being a feminist entails?
2917,921,9,37,138,184,1.298913043478261,0.04098447812764403,685,"I'm not cruel, HE didn't have to lay it!"
3906,921,7,41,136,184,1.298913043478261,0.039508662150345986,685,This isn’t so bad.  The trouble starts when he thinks he's a rooster.
4166,921,11,33,140,184,1.298913043478261,0.04240896732862619,685,Don’t say anything...you’ll only egg him on.
4356,921,6,43,135,184,1.298913043478261,0.03874968198150284,685,Unfortunately Tom hasn’t been the same since he watched March of the Penguins.
4432,921,8,39,137,184,1.298913043478261,0.04025333422404605,685,And the chicken was $1.99. Can you believe that?
4903,921,5,45,134,184,1.298913043478261,0.03797553584118374,685,This is how you hatch your ideas?
308,921,2,51,131,184,1.298913043478261,0.03555209879454804,685,"When you said you were growing your nest egg, we thought you meant retirement."
2997,921,7,41,136,184,1.298913043478261,0.039508662150345986,685,What do you think he's compensating for?
1939,943,8,38,135,181,1.298342541436464,0.040670222485317764,685,"It's the latest ""jätteägg"" from IKEA..."
464,944,13,30,145,188,1.297872340425532,0.043104293468009994,685,He laid that one when he tried to market a Trump-branded factbook.
833,945,6,43,136,185,1.2972972972972974,0.0385735096630788,685,His yolks are getting old
4694,945,9,37,139,185,1.2972972972972974,0.040794348474624695,685,He’s practicing Yoka.
5184,947,11,35,146,192,1.296875,0.04114357238027794,685,He swallows his chewing gum.
954,948,11,32,139,182,1.2967032967032968,0.042669847241103134,685,"Yes, we're expecting."
1569,948,10,34,138,182,1.2967032967032968,0.04195239082202573,685,Harold will usually brood for days over nothing.
1774,948,9,36,137,182,1.2967032967032968,0.041222449318167646,685,"Having watched Game of Thrones, he is obsessed with the idea of hatching a dragon"
2313,948,11,32,139,182,1.2967032967032968,0.042669847241103134,685,"Oh Ed I just love your new 
eggronomic chair."
2559,948,7,40,135,182,1.2967032967032968,0.039722346254957346,685,His balance has always been excellent
2820,948,6,42,134,182,1.2967032967032968,0.038950635734268005,685,He's hoping for a recliner.
3179,948,5,44,133,182,1.2967032967032968,0.03816332344291502,685,Only three weeks left until it becomes a rocking chair.
3488,948,7,40,135,182,1.2967032967032968,0.039722346254957346,685,"Imagine my surprise, I didn't even know he was ovulating!"
3693,948,5,44,133,182,1.2967032967032968,0.03816332344291502,685,Fred and his nest egg are seldom apart.
1506,948,8,38,136,182,1.2967032967032968,0.04047934732544254,685,"That’s one hell of a hemorrhoid, Larry!"
3810,948,4,46,132,182,1.2967032967032968,0.03735942301901167,685,George was tired of being referred to as an egg head.
3936,948,13,28,141,182,1.2967032967032968,0.04406973337075292,685,You proved your point Arnold. You CAN balance an egg on the Spring Equinox. Now get off and make us an omelette.
4157,948,5,44,133,182,1.2967032967032968,0.03816332344291502,685,I didn't think you were being literal when you said you were feathering your nest...
4161,948,9,36,137,182,1.2967032967032968,0.041222449318167646,685,Buying him that egg was one of my better ideas.
4207,948,10,34,138,182,1.2967032967032968,0.04195239082202573,685,"I'd see Dr. Lance Boyle, if I were you."
4928,948,5,44,133,182,1.2967032967032968,0.03816332344291502,685,"So, when's the gender reveal party?"
3546,948,5,44,133,182,1.2967032967032968,0.03816332344291502,685,"I’ll have you know, Marge, this takes incredible core strength.”"
1455,948,4,46,132,182,1.2967032967032968,0.03735942301901167,685,I see Bob's still volunteering for the Pterodactyl Preservation Society.
5284,948,10,34,138,182,1.2967032967032968,0.04195239082202573,685,Marty's finally going public about his hemorrhoid.
4960,948,9,36,137,182,1.2967032967032968,0.041222449318167646,685,I wanted satin. Wilbur said eggshell would work well.
70,948,7,40,135,182,1.2967032967032968,0.039722346254957346,685,At work they call him “The Hatch It Man”
968,948,10,34,138,182,1.2967032967032968,0.04195239082202573,685,"His mantra is, 'An elephant's faithful, one-hundred percent.'"
268,948,7,40,135,182,1.2967032967032968,0.039722346254957346,685,He got tired of being called a couch potato...
449,948,6,42,134,182,1.2967032967032968,0.038950635734268005,685,I guess we boomers just don't get this new free-range parenting style.
477,948,5,44,133,182,1.2967032967032968,0.03816332344291502,685,Hatch it? How did he lay it?
169,948,8,38,136,182,1.2967032967032968,0.04047934732544254,685,"No,  he adopted it."
713,948,8,38,136,182,1.2967032967032968,0.04047934732544254,685,Back from open mic night?
726,948,7,40,135,182,1.2967032967032968,0.039722346254957346,685,I can't get him to stop brooding...
730,948,8,38,136,182,1.2967032967032968,0.04047934732544254,685,"You see, Linda, George took a DNA test and found out he is 38% Ostrich."
805,948,10,34,138,182,1.2967032967032968,0.04195239082202573,685,This new time-out chair is doing wonders for our marriage.
588,948,7,40,135,182,1.2967032967032968,0.039722346254957346,685,Girls' night off!
5111,979,8,37,134,179,1.2960893854748603,0.040903142385280554,685,"So, your company's lay-off ... is a contest?"
4924,979,8,37,134,179,1.2960893854748603,0.040903142385280554,685,Picking out furniture was much simpler before HGTV.
4553,979,6,41,132,179,1.2960893854748603,0.03933860266601729,685,"Stand back, Murray’s about to hatch another one his big ideas."
2872,979,8,37,134,179,1.2960893854748603,0.040903142385280554,685,It's really great for his health- he can't reach the snacks.
2834,979,6,41,132,179,1.2960893854748603,0.03933860266601729,685,Les refuses to let our nest egg out of his sight.
1690,979,9,35,135,179,1.2960893854748603,0.04166338627174237,685,"Can you take a turn, I have to go to the bathroom."
2194,979,7,39,133,179,1.2960893854748603,0.040128498082443335,685,He's always hatching bird-brained ideas.
1887,979,8,37,134,179,1.2960893854748603,0.040903142385280554,685,I told him to get off his high horse and he came back with this.
2341,979,7,39,133,179,1.2960893854748603,0.040128498082443335,685,You did tell him to find an egg donor...
6,979,9,35,135,179,1.2960893854748603,0.04166338627174237,685,"Careful. If its not hard boiled, it's going to be over easy."
5181,989,9,37,140,186,1.2956989247311828,0.04060590186050327,685,I still want to see the shop that sold it to him.
4446,989,8,39,139,186,1.2956989247311828,0.03988378902683423,685,My job is to just feed him.
2490,989,3,49,134,186,1.2956989247311828,0.03605694708787784,685,I just don't want to be around when it hatches.
1934,989,8,39,139,186,1.2956989247311828,0.03988378902683423,685,It only hurt for a moment.
3496,993,8,41,144,193,1.2953367875647668,0.03893200027236563,685,"Dad, it's just a semester abroad. No need to get into full-flung empty nester syndrome."
4816,994,8,38,137,183,1.2950819672131149,0.04029017644209687,685,I’ve always said he’s an odd bird.
4413,995,7,39,134,180,1.2944444444444445,0.039938828320153934,685,the brooding behaviour comes with the midlife crisis
4370,995,9,35,136,180,1.2944444444444445,0.04146391805471725,685,I told him to chew gum when he's gassy.
4939,995,8,37,135,180,1.2944444444444445,0.04070851574323876,685,"When I told Dan we needed a nest egg, he took it rather literally."
1955,995,9,35,136,180,1.2944444444444445,0.04146391805471725,685,At least the egg got laid.
4284,995,6,41,133,180,1.2944444444444445,0.039154013346730396,685,This chair is called nesting
3385,995,9,35,136,180,1.2944444444444445,0.04146391805471725,685,"Please excuse my husband, he’s a compulsive incubator."
2336,995,7,39,134,180,1.2944444444444445,0.039938828320153934,685,Ted hasn't adjusted well to empty nest syndrome.
1154,995,6,41,133,180,1.2944444444444445,0.039154013346730396,685,You think that’s hard? Let me tell you about laying it.
940,995,14,25,141,180,1.2944444444444445,0.0450513344153339,685,I told him not to fuck that brontosaur.
1060,995,7,39,134,180,1.2944444444444445,0.039938828320153934,685,Which came first?
595,995,8,37,135,180,1.2944444444444445,0.04070851574323876,685,His 401-egg
482,995,5,43,132,180,1.2944444444444445,0.038353142175383145,685,It soothes him when he's brooding.
85,995,7,39,134,180,1.2944444444444445,0.039938828320153934,685,I see you’ve been searching for hot chicks online again
4978,1008,7,38,132,177,1.2937853107344632,0.04035154801080762,685,Fritz finally found an outlet for all that hot air.
4901,1008,7,38,132,177,1.2937853107344632,0.04035154801080762,685,He refuses to get down until I say the Hatch Act is an amusing visual pun.
3982,1008,10,32,135,177,1.2937853107344632,0.04267143579763681,685,You better be cleaning that mess up after it hatches.
3951,1008,9,34,134,177,1.2937853107344632,0.041912409828642215,685,“I see dad likes his new elliptical.”
3510,1008,11,30,136,177,1.2937853107344632,0.04341719438678202,685,"I had a great summer, I hope he has a great fall."
2984,1008,11,30,136,177,1.2937853107344632,0.04341719438678202,685,I see those laxatives finally kicked in.
2910,1008,9,34,134,177,1.2937853107344632,0.041912409828642215,685,We had a rough night.
2534,1008,12,28,137,177,1.2937853107344632,0.044150357912562756,685,I told him not to  hang out with that chick!
2308,1008,5,42,130,177,1.2937853107344632,0.03872782921999321,685,Harry stuffed the bean bag chair a little too full.
4339,1008,7,38,132,177,1.2937853107344632,0.04035154801080762,685,I get to name it.
1312,1008,6,40,131,177,1.2937853107344632,0.039548022598870046,685,"Go on, bounce some ideas off us."
1167,1008,12,28,137,177,1.2937853107344632,0.044150357912562756,685,Was it painful?
1135,1008,10,32,135,177,1.2937853107344632,0.04267143579763681,685,"We both agree: It's time for the hemorrhoid surgery, dear."
681,1008,6,40,131,177,1.2937853107344632,0.039548022598870046,685,"Honey, call the doctor. It’s been like this for more than four hours."
627,1008,9,34,134,177,1.2937853107344632,0.041912409828642215,685,He thinks He’s Humpty Dumpty
1509,1008,7,38,132,177,1.2937853107344632,0.04035154801080762,685,I told him.  Big Bird isn't coming back.
3887,1024,5,39,123,167,1.2934131736526946,0.0401204603858246,685,"Oh, he’s just hatching another crazy scheme."
4019,1025,8,37,136,181,1.292817679558011,0.040515653775322284,685,Fred is making the turkey this year
3015,1025,5,43,133,181,1.292817679558011,0.0381753341599872,685,"Oooh, that's a relief."
3456,1027,9,33,133,175,1.2914285714285714,0.04216518570209371,685,"It's good for his core, but not his cholesterol."
3111,1027,10,31,134,175,1.2914285714285714,0.04293698091719815,685,Alvin's gym instructor suggested his balance would improve if he practiced being Humpty Dumpty.
2773,1027,8,35,132,175,1.2914285714285714,0.04137899757485986,685,"He didn't lay the egg, he ordered it from Ebay."
3861,1027,8,35,132,175,1.2914285714285714,0.04137899757485986,685,"I don't know how he does it, but his omelettes are to die for."
2728,1027,4,43,128,175,1.2914285714285714,0.0380722426491151,685,He's protecting his nest egg.
2611,1027,10,31,134,175,1.2914285714285714,0.04293698091719815,685,Five bucks says we’re having an omelet for dinner.
2433,1027,8,35,132,175,1.2914285714285714,0.04137899757485986,685,"If it breaks, he'll have egg on more than just his face..."
2963,1027,4,43,128,175,1.2914285714285714,0.0380722426491151,685,How did he get up there
4074,1027,6,39,130,175,1.2914285714285714,0.03976001195066066,685,"Humpty Dumpty was a freak accident, I'll be fine."
4987,1027,5,41,129,175,1.2914285714285714,0.03892527591841693,685,"It's not his, though."
4693,1027,8,35,132,175,1.2914285714285714,0.04137899757485986,685,"It's like a yoga ball, only keto."
4783,1027,7,37,131,175,1.2914285714285714,0.040577579958746536,685,The doctor said the inflammation will go down in a few days.
4808,1027,6,39,130,175,1.2914285714285714,0.03976001195066066,685,...but we have to buy the bacon.
5077,1027,7,37,131,175,1.2914285714285714,0.040577579958746536,685,I hate it when he brings work home
5315,1027,6,39,130,175,1.2914285714285714,0.03976001195066066,685,"Don't you think this is rather extreme, Benedict?"
5225,1027,7,37,131,175,1.2914285714285714,0.040577579958746536,685,"We thought the online add said it was ""erg""onomic..."
2354,1027,9,33,133,175,1.2914285714285714,0.04216518570209371,685,He’s hoping to get paternity leave.
5138,1027,8,35,132,175,1.2914285714285714,0.04137899757485986,685,"Yes, George takes very good care of our nest egg."
5114,1027,7,37,131,175,1.2914285714285714,0.040577579958746536,685,"I told him where he could stick his 1,000-watt light bulb invention."
4523,1027,4,43,128,175,1.2914285714285714,0.0380722426491151,685,He thinks our nest egg might hatch into something bigger...and it's good for his abs.
2201,1027,5,41,129,175,1.2914285714285714,0.03892527591841693,685,"It’s his hobby.  It’s cheaper than bowling, and he’s home nights."
2213,1027,11,29,135,175,1.2914285714285714,0.043695145900610376,685,Natural childbirth was out of the question for us.
895,1027,7,37,131,175,1.2914285714285714,0.040577579958746536,685,"We've been through this, Mother. Stan identifies as emperor penguin."
198,1027,6,39,130,175,1.2914285714285714,0.03976001195066066,685,"Do you think it might be time for ""the talk"" ?"
371,1027,8,35,132,175,1.2914285714285714,0.04137899757485986,685,Sitting on a comfortable nest egg doesn't actually look comfortable.
817,1027,7,37,131,175,1.2914285714285714,0.040577579958746536,685,What kind of knuckle-headed plan are you hatching now?
2168,1027,8,35,132,175,1.2914285714285714,0.04137899757485986,685,I fear that he has no idea what a nest egg really is.
977,1027,8,35,132,175,1.2914285714285714,0.04137899757485986,685,"Doesn't talk much when hatching his schemes, does he?"
1009,1027,6,39,130,175,1.2914285714285714,0.03976001195066066,685,"You hatch it, you take care of it."
24,1027,5,41,129,175,1.2914285714285714,0.03892527591841693,685,He’s determined to meet new chicks.
1376,1027,7,37,131,175,1.2914285714285714,0.040577579958746536,685,At least he's stopped putting them all in one basket.
1299,1027,7,37,131,175,1.2914285714285714,0.040577579958746536,685,When he retired I thought that we would finally travel.
1519,1027,8,35,132,175,1.2914285714285714,0.04137899757485986,685,He keeps saying that this is how he rolls.
1712,1027,7,37,131,175,1.2914285714285714,0.040577579958746536,685,I insisted he find something to do in retirement.
1981,1027,10,31,134,175,1.2914285714285714,0.04293698091719815,685,"We promised to share when we adopted. He sits during the day, I sit at night."
2118,1027,6,39,130,175,1.2914285714285714,0.03976001195066066,685,It's almost like the new sculpture is his baby.
2133,1027,7,37,131,175,1.2914285714285714,0.040577579958746536,685,It beats walking on eggshells around him.
1460,1027,8,35,132,175,1.2914285714285714,0.04137899757485986,685,They removed the wrong one.
4624,1065,12,29,141,182,1.2912087912087913,0.04323099735831552,685,"Bean Bag, Lou! BEAN BAG! You can’t just use ANY food item..."
2510,1066,6,39,131,176,1.2897727272727273,0.039568119344707026,685,At least when it hatches I  get maternity leave.
2566,1066,7,37,132,176,1.2897727272727273,0.04038033102157588,685,"Geez, Leonard - at least say excuse me!"
1369,1066,6,39,131,176,1.2897727272727273,0.039568119344707026,685,I think I felt a peck
1146,1066,6,39,131,176,1.2897727272727273,0.039568119344707026,685,Do you smell sulfur?
2949,1066,9,33,134,176,1.2897727272727273,0.04195761269760439,685,I'm waiting to judge until it hatches.
149,1066,3,45,128,176,1.2897727272727273,0.03702473326942118,685,He's convinced it's a recession-proof nest egg.
4087,1066,6,39,131,176,1.2897727272727273,0.039568119344707026,685,It is the first thing he has laid in over fifty years.
3363,1066,5,41,130,176,1.2897727272727273,0.03873888232179542,685,"Edward, this could prove to be the worst idea you’ve ever hatched."
5095,1074,10,26,123,159,1.2893081761006289,0.04579778882396355,685,A goldfish would have been nice.
2593,1075,8,34,131,173,1.2890173410404624,0.04162204432912362,685,He is confident that Ancestry.com will prove he is related to Humpty Dumpty.
2141,1075,6,38,129,173,1.2890173410404624,0.039974590728163235,685,"Unusual but very effective. His doctor said it would help with his posture but as a side effect, he no longer can reach the remote."
3414,1075,7,36,130,173,1.2890173410404624,0.04080663229194297,685,"Yes, Ralph really laid an egg this time."
3141,1075,7,36,130,173,1.2890173410404624,0.04080663229194297,685,This is not the nest egg I was expecting!
3125,1075,5,40,128,173,1.2890173410404624,0.03912485870592334,685,"I did all the labour to lay it, now he is going to get all the glory when it hatches."
3063,1075,6,38,129,173,1.2890173410404624,0.039974590728163235,685,Whose gender is being revealed at this party?
2273,1075,3,44,126,173,1.2890173410404624,0.03736747112806923,685,Ignore him.  He's just trying to egg us on.
2941,1075,7,36,130,173,1.2890173410404624,0.04080663229194297,685,Dr. Wisotsky says it’s a classic “Humpty Dumpty “ complex.
581,1075,9,32,132,173,1.2890173410404624,0.042421785785857966,685,When we bought it at the MoMA gift shop we didn't realize it was a couch.
3724,1075,8,34,131,173,1.2890173410404624,0.04162204432912362,685,"Harold doesn't work anymore and this is very inconvenient, but the eggs are delicious"
4392,1075,4,42,127,173,1.2890173410404624,0.038256257444146,685,"Well, it does look like him."
4495,1075,8,34,131,173,1.2890173410404624,0.04162204432912362,685,"Orin, hatch already!!"
4572,1075,11,28,134,173,1.2890173410404624,0.043977660004968416,685,he said it was an impulse buy from eggkea
1828,1075,8,34,131,173,1.2890173410404624,0.04162204432912362,685,"Harold, it’s still your turn to do the dishes."
4937,1075,5,40,128,173,1.2890173410404624,0.03912485870592334,685,I just hope when it hatches it will go with the sofa.
4941,1075,6,38,129,173,1.2890173410404624,0.039974590728163235,685,Naming it won’t stop us from having omelettes tomorrow.
5102,1075,11,28,134,173,1.2890173410404624,0.043977660004968416,685,"For the last time son, it doesn’t work that way."
5326,1075,9,32,132,173,1.2890173410404624,0.042421785785857966,685,We thought we ordered an ergonomic chair.
3599,1075,9,32,132,173,1.2890173410404624,0.042421785785857966,685,"I'd like you to meet my husband, Horton."
1793,1075,8,34,131,173,1.2890173410404624,0.04162204432912362,685,Some guy called him a chicken.  He wants to prove him wrong.
12,1075,6,38,129,173,1.2890173410404624,0.039974590728163235,685,I tried talking to him but it just ruffled his feathers.
1295,1075,6,38,129,173,1.2890173410404624,0.039974590728163235,685,It made him feel better on his 60th birthday when the kids started called him a dinosaur
1137,1075,7,36,130,173,1.2890173410404624,0.04080663229194297,685,Tell me again how you got up there.
886,1075,8,34,131,173,1.2890173410404624,0.04162204432912362,685,We're hoping it's a boy.
583,1075,9,32,132,173,1.2890173410404624,0.042421785785857966,685,Is he planning on breast feeding?
526,1075,7,36,130,173,1.2890173410404624,0.04080663229194297,685,This is the least of his fowl behaviors; I call it his “over easy chair”.
461,1075,8,34,131,173,1.2890173410404624,0.04162204432912362,685,So will this be a monthly thing?
240,1075,7,36,130,173,1.2890173410404624,0.04080663229194297,685,He’s been doing that ever since we became empty-nesters.
110,1075,8,34,131,173,1.2890173410404624,0.04162204432912362,685,"And what was wrong with the standing desk?"""
1661,1075,6,38,129,173,1.2890173410404624,0.039974590728163235,685,I’m sure he came first.
4103,1105,7,33,123,163,1.2883435582822085,0.0423893709912522,685,"I told him to ask for modern chic, not chick."
2193,1106,7,35,128,170,1.2882352941176471,0.04124602548677637,685,"In this economy, it's the only way to grow your nest egg."
2286,1106,7,35,128,170,1.2882352941176471,0.04124602548677637,685,You should see the side of bacon that goes with it .
2810,1106,7,35,128,170,1.2882352941176471,0.04124602548677637,685,It's our neighbor's egg. They're on vacation.
3050,1106,12,25,133,170,1.2882352941176471,0.0452692261898433,685,That's the only one the kids didn't find.
4569,1106,7,35,128,170,1.2882352941176471,0.04124602548677637,685,"If nothing else, he's well balanced!"
3965,1106,10,29,131,170,1.2882352941176471,0.04370441111922959,685,The lesson here is not to bet on sports with an emperor penguin.
4051,1106,7,35,128,170,1.2882352941176471,0.04124602548677637,685,So how long are you babysitting for Big Bird?
4519,1106,11,27,132,170,1.2882352941176471,0.04449369838025287,685,"I know he's probably nuts, but if he pulls this off we'll eat like kings."
2097,1106,9,31,130,170,1.2882352941176471,0.042900604972475165,685,Thank God the egg came first.
5123,1106,6,37,127,170,1.2882352941176471,0.04039332833750554,685,I'm shopping for the world's largest omelette pan.
3462,1106,8,33,129,170,1.2882352941176471,0.04208144796380091,685,"Nope, nothing new around here."
1551,1106,5,39,126,170,1.2882352941176471,0.039522238422276264,685,This is how he protects his best egg for retirement
5103,1106,6,37,127,170,1.2882352941176471,0.04039332833750554,685,I told him to read the side effects carefully !
597,1106,7,35,128,170,1.2882352941176471,0.04124602548677637,685,Last time I buy online.
1462,1106,7,35,128,170,1.2882352941176471,0.04124602548677637,685,Doctor says Bill caught a strain of chicken pox and bird flu.
570,1121,8,31,125,164,1.2865853658536586,0.04304478831253317,685,"Frankly, I don’t think anyone actually knows what a ‘nest egg’ is."
4990,1122,7,35,129,171,1.286549707602339,0.04103874193294408,685,"Stanley took the term ""nest egg"" literally."
4243,1122,11,27,133,171,1.286549707602339,0.04426484087689004,685,I told Harry he could get a hatched one at the pound.
3792,1124,9,39,151,199,1.2864321608040201,0.038588808719921514,685,What's the pronoun for this?
1741,1125,8,32,128,168,1.2857142857142858,0.04233596225370394,685,The doctor said Harry's cholesterol  was high.
1788,1125,4,40,124,168,1.2857142857142858,0.03882254116139484,685,Time will tell.
1924,1125,4,40,124,168,1.2857142857142858,0.03882254116139484,685,It makes him feel important.
2280,1125,11,26,131,168,1.2857142857142858,0.04479053134576749,685,Bill's prostate exam was long overdue
2553,1125,5,38,125,168,1.2857142857142858,0.03973003525870457,685,I told him to invest in a mutual fund but noooo...
2684,1125,8,32,128,168,1.2857142857142858,0.04233596225370394,685,"If he ever succeeds in hatching it, we will all have egg on our face for doubting him."
2935,1125,8,32,128,168,1.2857142857142858,0.04233596225370394,685,"Given the absence of a giant rooster, he may be sitting there for some time."
3033,1125,11,26,131,168,1.2857142857142858,0.04479053134576749,685,Has he tried Preparation H?
3069,1125,5,38,125,168,1.2857142857142858,0.03973003525870457,685,Some of us preferred the nest empty.
3092,1125,9,30,129,168,1.2857142857142858,0.043169661793634156,685,"Honestly, I still don't understand bitcoin"
3223,1125,8,32,128,168,1.2857142857142858,0.04233596225370394,685,"No, we don’t care what gender it is as long as it has has twelve fingers and toes!"
3562,1125,5,38,125,168,1.2857142857142858,0.03973003525870457,685,"But, if it does hatch Bill has promised to keep it in the back yard only!"
3669,1125,8,32,128,168,1.2857142857142858,0.04233596225370394,685,It doesn't look ergonomic to me.
4384,1125,4,40,124,168,1.2857142857142858,0.03882254116139484,685,But it's not gold now is it?
4577,1125,4,40,124,168,1.2857142857142858,0.03882254116139484,685,Being an empty nester has been hard on Bill.
4832,1125,3,42,123,168,1.2857142857142858,0.0378933200287133,685,He's a stay-at-home dad
5073,1125,5,38,125,168,1.2857142857142858,0.03973003525870457,685,"It promotes core strength, and also has the benefit of being high in protein"
1706,1125,9,30,129,168,1.2857142857142858,0.043169661793634156,685,"We thought about committing him,but we need the eggs."
1570,1125,10,28,130,168,1.2857142857142858,0.043987563001449265,685,His newest chair patent didn't have legs.
1203,1125,9,30,129,168,1.2857142857142858,0.043169661793634156,685,This is the easy part. The hard part was laying it.
1476,1125,7,34,127,168,1.2857142857142858,0.0414855119351001,685,"Yeah, but he still doesn't help with the dishes."
648,1125,7,34,127,168,1.2857142857142858,0.0414855119351001,685,He bought it on Amazon— swears he’s going to hatch a dragon
586,1125,7,34,127,168,1.2857142857142858,0.0414855119351001,685,Has one ever hatched?
301,1125,10,28,130,168,1.2857142857142858,0.043987563001449265,685,He wanted a bird’s eye view.
139,1125,5,38,125,168,1.2857142857142858,0.03973003525870457,685,I don't have the heart to tell him it's just a rock.
48,1125,5,38,125,168,1.2857142857142858,0.03973003525870457,685,"well, my cousin knows this really good urologist..."
1516,1125,7,34,127,168,1.2857142857142858,0.0414855119351001,685,It's a temporary position.
4439,1125,5,40,130,175,1.2857142857142858,0.03874648592118917,685,"It's called ""modern-chick""."
3768,1125,7,36,132,175,1.2857142857142858,0.040406101782088436,685,Laying it was the hard part for him. Now we just wait.
2796,1125,8,34,133,175,1.2857142857142858,0.04121085422817974,685,That’s my Harold. You should’ve seen the idea he hatched last month.
1734,1125,8,34,133,175,1.2857142857142858,0.04121085422817974,685,Arthur won't stop talking about the farm-to-table movement. He's making breakfast.
1116,1156,5,43,138,186,1.2849462365591398,0.03730917716899919,685,Don’t think this is what the financial planner  meant when he advised us to protect our nest egg.
4160,1157,8,33,132,173,1.283236994219653,0.0414489983929548,685,"No, he just climbed up there after a couple of drinks and has been too scared to jump down."
3603,1158,8,31,127,166,1.283132530120482,0.04259421234526494,685,"Sorry, we didn’t know you’d gone vegan."
3937,1158,7,33,126,166,1.283132530120482,0.041728258712600705,685,"Don't worry, that's just his inflated ego.  It'll shrink to a manageable size after he sees his brother's new fiance."
3737,1158,5,37,124,166,1.283132530120482,0.03994006603562604,685,I warned you not to egg him on.
3561,1158,10,27,129,166,1.283132530120482,0.04427533879677363,685,Which came out of you first: the chicken or the egg?
3585,1158,6,35,125,166,1.283132530120482,0.040843949675049215,685,It's the latest in organic furniture.
3668,1158,2,43,121,166,1.283132530120482,0.037096506904920536,685,It was supposed to be an ergonomic chair.
3505,1158,9,29,128,166,1.283132530120482,0.04344290822955232,685,He finally watched March of the Penguins.
2757,1158,9,29,128,166,1.283132530120482,0.04344290822955232,685,"Stop brooding, it's not attractive!"
3377,1158,7,33,126,166,1.283132530120482,0.041728258712600705,685,All I'm saying is I'm not bringing the king's horses in here.
3350,1158,5,37,124,166,1.283132530120482,0.03994006603562604,685,"Ever since he put Humpty Dumpty back together again, he has been insufferble!"
3159,1158,10,27,129,166,1.283132530120482,0.04427533879677363,685,I always said that he was a big chicken.
3016,1158,7,33,126,166,1.283132530120482,0.041728258712600705,685,I would have preferred the chicken.
2994,1158,5,37,124,166,1.283132530120482,0.03994006603562604,685,"Couldn't handle being an empty-nester, huh?"
2772,1158,5,37,124,166,1.283132530120482,0.03994006603562604,685,"I'm tired of walking on eggshells, OK?"
4030,1158,9,29,128,166,1.283132530120482,0.04344290822955232,685,My eyes are up here.
3434,1158,7,33,126,166,1.283132530120482,0.041728258712600705,685,"Our cholesterol levels are through the roof, but the omelettes are to die for."
4083,1158,6,35,125,166,1.283132530120482,0.040843949675049215,685,"I told him if he sits on it long enough, we will have a baby.  It worked like a charm...he hasn't bothered me in bed for twenty years."
3769,1158,6,35,125,166,1.283132530120482,0.040843949675049215,685,The therapist seems to think it’s a deep longing  for Mother
4168,1158,5,37,124,166,1.283132530120482,0.03994006603562604,685,Harold has been trying to get in touch with his maternal side.
2698,1158,9,29,128,166,1.283132530120482,0.04344290822955232,685,"Yes, Ed's a surrogate. The couple flew in from Australia."
5296,1158,10,27,129,166,1.283132530120482,0.04427533879677363,685,"If it starts hatching, he's gonna get pecked right in the nuts."
5221,1158,6,35,125,166,1.283132530120482,0.040843949675049215,685,He gets very aggressive if someone tries to take his seat.
5191,1158,8,31,127,166,1.283132530120482,0.04259421234526494,685,"This is great, but I just wanted him to cook dinner once in a while."
5147,1158,7,33,126,166,1.283132530120482,0.041728258712600705,685,All I told him is that he should be more nurturing.
5081,1158,4,39,123,166,1.283132530120482,0.039015247337449814,685,Soon. That's why we pulled up the rug.
4826,1158,8,31,127,166,1.283132530120482,0.04259421234526494,685,He’s protecting it from poachers.
4095,1158,5,37,124,166,1.283132530120482,0.03994006603562604,685,Harold said he wanted another one.
4698,1158,8,31,127,166,1.283132530120482,0.04259421234526494,685,"When it comes to retirement,
Charles is a bit of a literalist."
4609,1158,10,27,129,166,1.283132530120482,0.04427533879677363,685,He's fallen up and he can't get down.
4558,1158,8,31,127,166,1.283132530120482,0.04259421234526494,685,Is this called “The Hatch Act”?
4538,1158,5,37,124,166,1.283132530120482,0.03994006603562604,685,I told him that anything would be better than that old recliner...”
4319,1158,9,29,128,166,1.283132530120482,0.04344290822955232,685,"That was interesting,now show me how you deflate it!"
4315,1158,6,35,125,166,1.283132530120482,0.040843949675049215,685,"The dragon never showed up, so he uses the egg for core strengthening."
4204,1158,7,33,126,166,1.283132530120482,0.041728258712600705,685,He takes over the sitting duties when he gets home from work.
4186,1158,8,31,127,166,1.283132530120482,0.04259421234526494,685,I'll admit I never really saw Harry's maternal side until now.
4628,1158,5,37,124,166,1.283132530120482,0.03994006603562604,685,He's just hoping it's not a tyrannosaurus.
2691,1158,7,33,126,166,1.283132530120482,0.041728258712600705,685,"In an ever more confusing world, it gives him a sense of purpose."
3486,1158,6,35,125,166,1.283132530120482,0.040843949675049215,685,He doesn't understand the idea of a large nest egg.
2022,1158,8,31,127,166,1.283132530120482,0.04259421234526494,685,Ergonomics was never you're forte.
58,1158,6,35,125,166,1.283132530120482,0.040843949675049215,685,We started late
144,1158,6,35,125,166,1.283132530120482,0.040843949675049215,685,"Well, he asked for a new chair in eggshell!"
217,1158,10,27,129,166,1.283132530120482,0.04427533879677363,685,"Goodness me, as if we need another ostrich in the house."
261,1158,9,29,128,166,1.283132530120482,0.04344290822955232,685,You’re headed for a really bad case of empty nest syndrome.
458,1158,7,33,126,166,1.283132530120482,0.041728258712600705,685,Morris has always wanted a dinosaur.
471,1158,7,33,126,166,1.283132530120482,0.041728258712600705,685,He wants an offspring in the worst way.
506,1158,8,31,127,166,1.283132530120482,0.04259421234526494,685,I read that egg sitting combats toxic masculinity.
827,1158,5,37,124,166,1.283132530120482,0.03994006603562604,685,Awkward...
857,1158,5,37,124,166,1.283132530120482,0.03994006603562604,685,Mother's not impressed. You're not a goose and it's not golden.
912,1158,4,39,123,166,1.283132530120482,0.039015247337449814,685,He might be overprotective but all the king's horses and all the kings men...
1068,1158,6,35,125,166,1.283132530120482,0.040843949675049215,685,"I know that other man bring home work as well, but you’re a paleontologist!"
1081,1158,5,37,124,166,1.283132530120482,0.03994006603562604,685,"I suggested an incubator, but Marlin's so old-fashioned."
1091,1158,7,33,126,166,1.283132530120482,0.041728258712600705,685,Seems like a painful way to celebrate Easter.
1097,1158,8,31,127,166,1.283132530120482,0.04259421234526494,685,Guess that dentist wasn’t joking about the lead skirt...
431,1158,6,35,125,166,1.283132530120482,0.040843949675049215,685,My doctor said he’s never seen this degree of a prolapse.
1153,1158,9,29,128,166,1.283132530120482,0.04344290822955232,685,Harold insists he came first.
1128,1158,7,33,126,166,1.283132530120482,0.041728258712600705,685,"I still don't understand it but, it did save our marriage."
1929,1158,9,29,128,166,1.283132530120482,0.04344290822955232,685,I got him at Cirque du Soleil.
1811,1158,6,35,125,166,1.283132530120482,0.040843949675049215,685,Sooner or later he'll have a great fall.
1750,1158,8,31,127,166,1.283132530120482,0.04259421234526494,685,I told him not to swallow that chewing gum!
1511,1158,6,35,125,166,1.283132530120482,0.040843949675049215,685,It started with poufs.
1510,1158,5,37,124,166,1.283132530120482,0.03994006603562604,685,He seriously thinks that whatever comes out eventually will call him 'daddy'...
1316,1158,8,31,127,166,1.283132530120482,0.04259421234526494,685,I knew we shouldn't have thrown away his armchair.
1535,1158,8,31,127,166,1.283132530120482,0.04259421234526494,685,"As with many things, in nesting, size matters."
1290,1158,7,33,126,166,1.283132530120482,0.041728258712600705,685,What do you think? Too modern or too prehistoric?
1279,1158,8,31,127,166,1.283132530120482,0.04259421234526494,685,"So enlighten us, Roger. Which came first?”"
2395,1158,7,33,126,166,1.283132530120482,0.041728258712600705,685,"Don't mind him. If he leaves our nest egg, we'll get a penalty for early withdrawal."
1228,1158,7,33,126,166,1.283132530120482,0.041728258712600705,685,"Yes well, I did encourage him to leave his job and start an incubator.... this just wasn't what I had in mind."
1206,1158,11,25,130,166,1.283132530120482,0.04509240485599401,685,"You're raising this one yourself, Harold."
1175,1158,4,39,123,166,1.283132530120482,0.039015247337449814,685,"Usually, Stanley is extremely secretive when he's hatching up something odd to surprise me with."
267,1227,12,26,139,177,1.2824858757062148,0.043841192366706985,685,No wonder he has hemorrhoids.
105,1228,9,30,131,170,1.2823529411764707,0.0427260511642095,685,"Frankly, I don't see sustained growth over the long term."
3629,1229,7,32,124,163,1.2822085889570551,0.04219710304169643,685,We're hoping he hatches an Eames chair.
3577,1229,6,34,123,163,1.2822085889570551,0.04128989153621762,685,I don't care if it's good for your back.
3254,1229,6,34,123,163,1.2822085889570551,0.04128989153621762,685,Of course he’s hen pecked but still a good lay.
2957,1229,9,28,126,163,1.2822085889570551,0.04395538908017317,685,"So, this is the nest egg we’ve been hearing about."
2209,1229,9,28,126,163,1.2822085889570551,0.04395538908017317,685,He’s more of a dumpty than a humpty.
3636,1229,7,32,124,163,1.2822085889570551,0.04219710304169643,685,He can't sit still without that cushion.
2407,1229,6,34,123,163,1.2822085889570551,0.04128989153621762,685,Hatch it damn it
2366,1229,7,32,124,163,1.2822085889570551,0.04219710304169643,685,That’s not how we blow bubblegum
3148,1229,4,38,121,163,1.2822085889570551,0.0394128712351023,685,"Is it me, or has Fred's nest egg grown?"
3929,1229,5,36,122,163,1.2822085889570551,0.04036229405068157,685,The chicken eggs weren’t strong enough.
4844,1229,5,36,122,163,1.2822085889570551,0.04036229405068157,685,"On the plus side, he's lost a lot of weight."
4139,1229,7,32,124,163,1.2822085889570551,0.04219710304169643,685,"Guinness is banging on the door, CNN's here to interview Harriet, the Wonder Hen, a Michelin chef has plans for the world's record 1-egg omelet... And Roy's gone catatonic"
4212,1229,8,30,125,163,1.2822085889570551,0.04308521634099655,685,"We were empty-nesters, but now I don't know what we are."
4224,1229,6,34,123,163,1.2822085889570551,0.04128989153621762,685,"We decided years ago I would work, and he would raise the kids."
4272,1229,8,30,125,163,1.2822085889570551,0.04308521634099655,685,"Ironically, we had a chicken chair first."
4602,1229,2,42,119,163,1.2822085889570551,0.037441870878962405,685,"Silly looking, sure, but you can bounce a quarter off Myron’s abs I tell you."
4790,1229,7,32,124,163,1.2822085889570551,0.04219710304169643,685,Impressive.  But are you free range?
4947,1229,7,32,124,163,1.2822085889570551,0.04219710304169643,685,He thinks he’s being useful.
5105,1229,6,34,123,163,1.2822085889570551,0.04128989153621762,685,"Don't worry mom, Jerry has this business incubator idea he's been sitting on for a while."
2138,1229,5,36,122,163,1.2822085889570551,0.04036229405068157,685,We prefer index funds to just sitting on our next egg.
5309,1229,6,34,123,163,1.2822085889570551,0.04128989153621762,685,"I’m ok with it for now, but if 
 it hatches we’re through."
3994,1229,4,38,121,163,1.2822085889570551,0.0394128712351023,685,I'm waiting to see who'll crack first.
2107,1229,4,38,121,163,1.2822085889570551,0.0394128712351023,685,It's his retirement nest egg.  Our financial advisor is Big Bird.
1261,1229,6,34,123,163,1.2822085889570551,0.04128989153621762,685,Ignore my husband. He doesn’t need anyone else egging him on.
1856,1229,8,30,125,163,1.2822085889570551,0.04308521634099655,685,"Honey, this is your project, I won't be doing any of the regurgitating."
1886,1229,6,34,123,163,1.2822085889570551,0.04128989153621762,685,My decorator says it's from the Mesozoic collection.
891,1229,6,34,123,163,1.2822085889570551,0.04128989153621762,685,"There’s something in his soul o'er which his melancholy sits on brood, and I do doubt the hatch and the disclose will be some danger which for to prevent, I have in quick determination thus set it down: he shall with speed to England."
924,1229,8,30,125,163,1.2822085889570551,0.04308521634099655,685,I think his diaper is full
952,1229,9,28,126,163,1.2822085889570551,0.04395538908017317,685,Says it’s the only way he can get a young chick
1088,1229,6,34,123,163,1.2822085889570551,0.04128989153621762,685,"Not on the rug, Martin."
1138,1229,8,30,125,163,1.2822085889570551,0.04308521634099655,685,He said any more egg jokes and he's taking œuf.
1166,1229,8,30,125,163,1.2822085889570551,0.04308521634099655,685,It's the newest GOOP egg. This year is all about balance.
1213,1229,3,40,120,163,1.2822085889570551,0.038440005943753755,685,I think IKEA is taking modern design to an extreme
1029,1229,8,30,125,163,1.2822085889570551,0.04308521634099655,685,The doctor said the polyp was benign?!
1497,1229,6,34,123,163,1.2822085889570551,0.04128989153621762,685,So we’re not going to talk about the egg in the room?
1512,1229,8,30,125,163,1.2822085889570551,0.04308521634099655,685,"Horton, get down from there"
1560,1229,6,34,123,163,1.2822085889570551,0.04128989153621762,685,"'He is a silly goose, he thinks it will turn to gold.'"
1709,1229,5,36,122,163,1.2822085889570551,0.04036229405068157,685,They told him he needed to hatch a good idea.
1745,1229,8,30,125,163,1.2822085889570551,0.04308521634099655,685,"The deal is, if he does this, then I have to do the sex talk."
1780,1229,7,32,124,163,1.2822085889570551,0.04219710304169643,685,"If I had to guess, I'd say it's because we never had children."
1829,1229,5,36,122,163,1.2822085889570551,0.04036229405068157,685,It's a yoga egg.  Don't even ask.
1145,1270,8,33,133,174,1.2816091954022988,0.04124223377273099,685,"We tried postmodern,then transitional. Now it's Mesozoic."
4465,1271,10,27,130,167,1.281437125748503,0.04404206293391515,685,"I told him, “you laid it, you hatch it”."
3880,1272,6,34,124,164,1.2804878048780488,0.04107341384083192,685,Eggshell is the new gray
3776,1272,7,32,125,164,1.2804878048780488,0.04197430194330192,685,Unfortunately there were no proctologists in our medical insurance network.
3658,1272,10,26,128,164,1.2804878048780488,0.04456783729203368,685,Maybe I should do the grocery shopping from now on.
2805,1272,6,34,124,164,1.2804878048780488,0.04107341384083192,685,"I don't give a peep, just stop egging him on."
2402,1272,6,34,124,164,1.2804878048780488,0.04107341384083192,685,"After it hatches, Leonard can retire."
2447,1272,7,32,125,164,1.2804878048780488,0.04197430194330192,685,Carl has an appointment to get that thing lanced.
3924,1272,2,42,120,164,1.2804878048780488,0.03725263115796384,685,"Don't look at me, you're the one who egged him on."
3337,1272,10,26,128,164,1.2804878048780488,0.04456783729203368,685,Do you think it’s a bit too post-post modern?
4348,1272,5,36,123,164,1.2804878048780488,0.040152317809225,685,Don't keep us in suspense. What's this big plan you are hatching?
4898,1272,8,30,126,164,1.2804878048780488,0.042856256517744475,685,Talk about an empty-nester.
4454,1272,12,22,130,164,1.2804878048780488,0.04621607424980686,685,He was always a fan of big-bird.
4686,1272,6,34,124,164,1.2804878048780488,0.04107341384083192,685,I keep telling him Humpty Dumpty sat on a WALL.
5197,1272,4,38,122,164,1.2804878048780488,0.039209589724527476,685,It’s supposed to stimulate creativity but it’s also good for hemorrhoids.”
5054,1272,6,34,124,164,1.2804878048780488,0.04107341384083192,685,I thought you said you were going to get a beanbag chair
4949,1272,9,28,127,164,1.2804878048780488,0.04372042339458702,685,Never swallow bubblegum!
4717,1272,6,34,124,164,1.2804878048780488,0.04107341384083192,685,"When we bought the house, his nesting instinct really kicked in."
4695,1272,3,40,121,164,1.2804878048780488,0.038243629891506564,685,"When it comes to Henry's nest egg, he doesn't trust any of those investment firms."
2261,1272,8,30,126,164,1.2804878048780488,0.042856256517744475,685,Yes you might say he is a little egg-centric.
4387,1272,7,32,125,164,1.2804878048780488,0.04197430194330192,685,I bought it on EBAY
2012,1272,10,26,128,164,1.2804878048780488,0.04456783729203368,685,"I told Ed, you dug it up, you sit on it!"
888,1272,6,34,124,164,1.2804878048780488,0.04107341384083192,685,"The Egg. The Egg came first."""
1461,1272,7,32,125,164,1.2804878048780488,0.04197430194330192,685,So this is that nest egg you've been talking about?
1391,1272,7,32,125,164,1.2804878048780488,0.04197430194330192,685,"Harold is very ""woke"" about gender roles."
1354,1272,9,28,127,164,1.2804878048780488,0.04372042339458702,685,At least something's getting laid.
1234,1272,7,32,125,164,1.2804878048780488,0.04197430194330192,685,"Well for heaven’s sake George, it was just a joke!"
1181,1272,6,34,124,164,1.2804878048780488,0.04107341384083192,685,Don't laugh when he tries to get off.
1089,1272,7,32,125,164,1.2804878048780488,0.04197430194330192,685,Is your son having a midlife crisis or a gender reveal party?
944,1272,11,24,129,164,1.2804878048780488,0.045399436339853654,685,"My first husband, I had him stuffed and mounted, he was a good egg."
905,1272,6,34,124,164,1.2804878048780488,0.04107341384083192,685,And to think I always thought it was his ego that was inflated...
500,1272,9,28,127,164,1.2804878048780488,0.04372042339458702,685,His therapist says it'll develop his nurturing instinct.
451,1272,8,30,126,164,1.2804878048780488,0.042856256517744475,685,"He told me, ‘I’m expecting to sit on a large nest egg,’ not that he’d be sitting, expecting, on a large egg."
172,1272,6,34,124,164,1.2804878048780488,0.04107341384083192,685,"Needless to say, we're sitting on quite a nest egg."
65,1272,4,38,122,164,1.2804878048780488,0.039209589724527476,685,I should have been suspicious when he said his absolute favorite film was Jurassic Park
1701,1272,4,38,122,164,1.2804878048780488,0.039209589724527476,685,"Gender-wise, Sheldon is on the fence."
2725,1306,7,30,120,157,1.2802547770700636,0.043181490241751705,685,We always thought I was the one who would crack as an empty nester.
4481,1307,6,37,132,175,1.28,0.039404433248124635,685,I prefer free range eggs.
5006,1307,7,35,133,175,1.28,0.040229228237659495,685,Do you want to take a crack at it?
2451,1309,4,37,120,161,1.279503105590062,0.03961301558116359,685,"Horton is his hero-mine too, really."
4623,1309,7,31,123,161,1.279503105590062,0.04245126921650158,685,I think when it hatches he’ll realize he’s neither the father nor the mother.
4173,1309,10,25,126,161,1.279503105590062,0.04511130138613028,685,Empty nesting just wasn’t for us.
4082,1309,5,35,121,161,1.279503105590062,0.04058116256326702,685,So I gather you just started saving for retirement?
4043,1309,8,29,124,161,1.279503105590062,0.0433560838827112,685,It wouldn’t be so bad if he’d just stop saying ‘goo goo ga joob’ every ten seconds.
3989,1309,7,31,123,161,1.279503105590062,0.04245126921650158,685,"Over the phone he thought he was buying a large keg and, well, here we are."
3369,1309,6,33,122,161,1.279503105590062,0.041526744473159696,685,"Nice try, Joe. But it’s not size that counts here."
2711,1309,8,29,124,161,1.279503105590062,0.0433560838827112,685,When Joe said he wanted to start a work-from-home incubator space I too wondered how his lack of tech skills would make it possible.
4996,1309,1,43,117,161,1.279503105590062,0.036555050933832996,685,I never said anything about size...just that it wouldn't be golden.
1044,1309,4,37,120,161,1.279503105590062,0.03961301558116359,685,Pelvic floor exercises!
599,1309,6,33,122,161,1.279503105590062,0.041526744473159696,685,"It fixes his posture, but he looks like an idiot."
234,1309,8,29,124,161,1.279503105590062,0.0433560838827112,685,Only another 21 weeks to Easter.
192,1309,7,31,123,161,1.279503105590062,0.04245126921650158,685,He’s always trying to hatch some wild scheme.
5278,1309,7,31,123,161,1.279503105590062,0.04245126921650158,685,"Oh great, now it's gonna be ""HeToo"" this and ""HeToo"" that now."
4883,1309,4,37,120,161,1.279503105590062,0.03961301558116359,685,"Has your new bean bag chair broken in yet, Herman?"
2233,1309,8,29,124,161,1.279503105590062,0.0433560838827112,685,Does he really expect us to believe he laid that thing?
1802,1325,5,36,124,165,1.2787878787878788,0.03994441702456406,685,"He thinks if it hatches it won't cause allergies, it'll love him unconditionally, and it'll eat his enemies."
410,1326,9,26,123,158,1.2784810126582278,0.04478209014730891,685,Would you like to stay for lunch? We're having egg salad.
980,1326,4,36,118,158,1.2784810126582278,0.040028831141371894,685,"I told him to go with index funds, but did he listen?"
4680,1326,3,38,117,158,1.2784810126582278,0.03900873834746539,685,"I knew if we got a pet, I'd be the one taking care of it."
4692,1329,8,29,125,162,1.2777777777777777,0.04312215179535924,685,"Whatever you do, don't ask him about his  hemorrhoids!"
4785,1329,6,33,123,162,1.2777777777777777,0.04130565945798412,685,I don’t know what kind of plot he’s hatching but I think it’s gonna be big!
1255,1329,9,27,126,162,1.2777777777777777,0.04400228643563344,685,I think you need a new financial advisor.
1318,1329,8,29,125,162,1.2777777777777777,0.04312215179535924,685,"Charades?  Oh, I get it--he's Teri Hatcher!"
1898,1329,7,31,124,162,1.2777777777777777,0.0422236751048565,685,"First it was flatulence, now this!"
2053,1329,5,35,122,162,1.2777777777777777,0.0403667718198697,685,I told him child birth is like a man passing a very large egg.
4561,1329,8,29,125,162,1.2777777777777777,0.04312215179535924,685,"You know, I always wondered what the whole ""egg donor"" thing was about. Good for you."
3049,1329,5,35,122,162,1.2777777777777777,0.0403667718198697,685,"I thought you said he was an egghead."""
3952,1329,4,37,121,162,1.2777777777777777,0.03940552031195503,685,"Stan wanted a child, but I wanted a pet, so we compromised."
4131,1329,7,31,124,162,1.2777777777777777,0.0422236751048565,685,He's kept it there ever since the crash.
729,1339,5,36,125,166,1.2771084337349397,0.03973856332851152,685,"Patience, certainly. But people always forget the boyish agility required."
421,1339,8,30,128,166,1.2771084337349397,0.04240532355492023,685,"Eventually he plans to ride it to work."""
3227,1341,5,34,120,159,1.2767295597484276,0.0408023479306168,685,"Tom, You need to come to terms that Joan is not out gathering fish and going to bring it back to you and your penguin offspring.  She left you."
2348,1341,5,34,120,159,1.2767295597484276,0.0408023479306168,685,"Which came first, the egg or his midlife crisis?"
2468,1341,7,30,122,159,1.2767295597484276,0.0427089520879537,685,Big man...always trying to hatch some big plan.
2635,1341,8,28,123,159,1.2767295597484276,0.04363102204110205,685,"Ever since the kids moved out, he's been trying to fill the empty nest."
4967,1341,5,34,120,159,1.2767295597484276,0.0408023479306168,685,"It's a good retirement plan, but it keeps us pretty much stuck at home."""
3000,1341,6,32,121,159,1.2767295597484276,0.041766530769877415,685,"he said he's ""nesting"""
3019,1341,8,28,123,159,1.2767295597484276,0.04363102204110205,685,"For god's sake, Frank. I said a large pack of eggs!"
2255,1341,5,34,120,159,1.2767295597484276,0.0408023479306168,685,There's no debate. He came first.
2277,1341,4,36,119,159,1.2767295597484276,0.039814822626141395,685,He just sits there brooding all day
3051,1341,7,30,122,159,1.2767295597484276,0.0427089520879537,685,I'm more mid-century modern and he's more mid-Mesozoic.
3181,1341,7,30,122,159,1.2767295597484276,0.0427089520879537,685,"Since we used a sperm donor, that’s his job."
2381,1341,7,30,122,159,1.2767295597484276,0.0427089520879537,685,I thought it was just a phase but it's grown into something bigger.
3407,1341,5,34,120,159,1.2767295597484276,0.0408023479306168,685,I hope it gets YOUR hairline!
3981,1341,5,34,120,159,1.2767295597484276,0.0408023479306168,685,He's convinced it's Mid-Century Modern.
3487,1341,3,38,118,159,1.2767295597484276,0.03880217268209466,685,"yes, I agree, but he’s also a good egg."
3573,1341,7,30,122,159,1.2767295597484276,0.0427089520879537,685,There's gotta be a yoke in this.
3642,1341,7,30,122,159,1.2767295597484276,0.0427089520879537,685,"You may as well know...it was one of those Emperor Penguins, they met at the zoo, had a fling, and then she went south for the winter, and left him with the egg."
3672,1341,6,32,121,159,1.2767295597484276,0.041766530769877415,685,Carl gets broody every year about this time.
4084,1341,7,30,122,159,1.2767295597484276,0.0427089520879537,685,He thinks he laid it himself.
4155,1341,4,36,119,159,1.2767295597484276,0.039814822626141395,685,We get it. The egg came first.
4220,1341,5,34,120,159,1.2767295597484276,0.0408023479306168,685,It works the core and feeds one hundred.
4256,1341,7,30,122,159,1.2767295597484276,0.0427089520879537,685,Yeah... MY husband told me we had plenty 'squirreled away.'
4659,1341,5,34,120,159,1.2767295597484276,0.0408023479306168,685,"These new eggonomic chairs are supposed to be good for your back, but I think I've been mislaid."
4700,1341,6,32,121,159,1.2767295597484276,0.041766530769877415,685,We're gender neutral in this house.
5325,1341,5,34,120,159,1.2767295597484276,0.0408023479306168,685,Over easy.
5064,1341,8,28,123,159,1.2767295597484276,0.04363102204110205,685,"I mean, he just lays there."
5279,1341,7,30,122,159,1.2767295597484276,0.0427089520879537,685,"We're surprised too, Walt has always had commitment issues."""
3468,1341,5,34,120,159,1.2767295597484276,0.0408023479306168,685,You wanna stay for brunch?
2248,1341,7,30,122,159,1.2767295597484276,0.0427089520879537,685,The kids are calling it poultryamory.
4882,1341,7,30,122,159,1.2767295597484276,0.0427089520879537,685,"It's just charades, Billy, you didn't really need to lay it."
2163,1341,7,30,122,159,1.2767295597484276,0.0427089520879537,685,Yes Eric I AM sure the Doctor will make another visit under the circumstances.
378,1341,6,32,121,159,1.2767295597484276,0.041766530769877415,685,This isn’t the first time he’s laid an egg.
389,1341,6,32,121,159,1.2767295597484276,0.041766530769877415,685,I say what's the use of having a nest egg if you don't use it.
440,1341,5,34,120,159,1.2767295597484276,0.0408023479306168,685,"Unfortunately, someone told him to sit on his nest egg and it would grow naturally."
475,1341,9,26,124,159,1.2767295597484276,0.04453400476322718,685,"There’s gender fluid, then there’s gender stupid."
499,1341,5,34,120,159,1.2767295597484276,0.0408023479306168,685,Greg’s not dealing with the empty nest syndrome very well...
516,1341,10,24,125,159,1.2767295597484276,0.045419038696907145,685,"What came first, Harry or the egg?"
613,1341,7,30,122,159,1.2767295597484276,0.0427089520879537,685,I still say that traditional conception would have been more straight-forward
718,1341,7,30,122,159,1.2767295597484276,0.0427089520879537,685,If you hatch it you own it
762,1341,7,30,122,159,1.2767295597484276,0.0427089520879537,685,Psst- don't say anything. We need the eggs.
768,1341,9,26,124,159,1.2767295597484276,0.04453400476322718,685,He claims it's the bubblegum he swallowed...
49,1341,4,36,119,159,1.2767295597484276,0.039814822626141395,685,It keeps his mind off of work.
214,1341,6,32,121,159,1.2767295597484276,0.041766530769877415,685,"As an anthropologist, he’s still conflicted."
806,1341,7,30,122,159,1.2767295597484276,0.0427089520879537,685,He met her on Twitter.
894,1341,9,26,124,159,1.2767295597484276,0.04453400476322718,685,"He won't say anything except, ""Goo goo g'joob."""
1035,1341,4,36,119,159,1.2767295597484276,0.039814822626141395,685,His prostate problem just disappeared.
1659,1341,3,38,118,159,1.2767295597484276,0.03880217268209466,685,He’s a top volunteer at the Museum of Natural History.
2239,1341,5,34,120,159,1.2767295597484276,0.0408023479306168,685,"Earl, you can't even hatch a plan."
1685,1341,4,36,119,159,1.2767295597484276,0.039814822626141395,685,Norman didn't realize what getting custody meant'!
1824,1341,7,30,122,159,1.2767295597484276,0.0427089520879537,685,That’s going to be one hell of an omelette.
1985,1341,7,30,122,159,1.2767295597484276,0.0427089520879537,685,George says it's a new homeopathic hemorrhoid treatment.
1989,1341,6,32,121,159,1.2767295597484276,0.041766530769877415,685,Earl's having a ball.
2011,1341,7,30,122,159,1.2767295597484276,0.0427089520879537,685,Get over it.  You're not the first guy to have hemorrhoids.
2039,1341,7,30,122,159,1.2767295597484276,0.0427089520879537,685,He rests on the shell of the man he used to be.
879,1341,5,34,120,159,1.2767295597484276,0.0408023479306168,685,It’s from the Empty Nesters’ spring collection.
207,1341,4,36,119,159,1.2767295597484276,0.039814822626141395,685,He's taking his mentor role at the Incubator very seriously.
3583,1397,4,32,109,145,1.2758620689655173,0.042075874063731325,685,"Until I damn well say so, that's how long.."
1040,1398,8,29,127,164,1.274390243902439,0.04266154527409851,685,Exercise balls are for amateurs.
5068,1399,2,39,116,157,1.2738853503184713,0.037922819073049376,685,"It's uncomfortable, but he's emotionally attached to it."
2565,1399,8,27,122,157,1.2738853503184713,0.04391009121393259,685,Beats the local news.
2661,1399,5,33,119,157,1.2738853503184713,0.04102582306830125,685,"Yep, that's our nest egg, alright."
2755,1399,6,31,120,157,1.2738853503184713,0.042009254644181274,685,He finally got off his high horse.
3045,1399,6,31,120,157,1.2738853503184713,0.042009254644181274,685,The chicken that laid it got hit crossing the street.
3097,1399,5,33,119,157,1.2738853503184713,0.04102582306830125,685,I told him he had to use it or it was going in the frying pan.
3244,1399,9,25,123,157,1.2738853503184713,0.04483029586946742,685,His Nesting Instincts have really gone into high gear since he retired.
3421,1399,3,37,117,157,1.2738853503184713,0.03898460624112221,685,Rotating it every hour is the hard part.
3504,1399,2,39,116,157,1.2738853503184713,0.037922819073049376,685,It’ll be his first idea in years.
3707,1399,5,33,119,157,1.2738853503184713,0.04102582306830125,685,He keeps on hoping he’s the goose that lays the golden egg.
3731,1399,6,31,120,157,1.2738853503184713,0.042009254644181274,685,Wishful thinking
3755,1399,5,33,119,157,1.2738853503184713,0.04102582306830125,685,"The bubble is impressive, but how does he chew it?"
3790,1399,8,27,122,157,1.2738853503184713,0.04391009121393259,685,He got this idea on the internet that if he sits on it long enough a BarcaLounger with hatch.
3823,1399,7,29,121,157,1.2738853503184713,0.042970184931970835,685,Is that the model with built-in speakers?
3860,1399,6,31,120,157,1.2738853503184713,0.042009254644181274,685,He's about to have a great fall.
3943,1399,6,31,120,157,1.2738853503184713,0.042009254644181274,685,It's nice to have a husband who's always on the ball.
4138,1399,9,25,123,157,1.2738853503184713,0.04483029586946742,685,The eggonomic design will keep his back straight for years!
4177,1399,5,33,119,157,1.2738853503184713,0.04102582306830125,685,"It's either this, or that gaudy recliner."
4273,1399,5,33,119,157,1.2738853503184713,0.04102582306830125,685,"Uh uh, you're not raising it here with that chick you knocked up!"
4285,1399,9,25,123,157,1.2738853503184713,0.04483029586946742,685,We have another chair.
4363,1399,4,35,118,157,1.2738853503184713,0.04001823135901251,685,"Yes you're cage-free, but I wish you'd stay in the kitchen."
4418,1399,3,37,117,157,1.2738853503184713,0.03898460624112221,685,He sure has a funny nose!
4525,1399,6,31,120,157,1.2738853503184713,0.042009254644181274,685,"That's how we roll."""
4593,1399,5,33,119,157,1.2738853503184713,0.04102582306830125,685,stay at home dad
4642,1399,1,41,115,157,1.2738853503184713,0.036830434278177206,685,"He likes to stay on top of things. Literally, for once."
5168,1399,13,17,127,157,1.2738853503184713,0.048336246203614285,685,"They used to call him ""Egg Head.""  Now it's ""Egg Butt."""
4656,1399,5,33,119,157,1.2738853503184713,0.04102582306830125,685,Henry grew up on a farm.
4744,1399,5,33,119,157,1.2738853503184713,0.04102582306830125,685,He's trying to do more around the house.
4930,1399,9,25,123,157,1.2738853503184713,0.04483029586946742,685,Howard used to think he was the top lawyer in Washington.  Now he thinks he's a chicken.
2397,1399,5,33,119,157,1.2738853503184713,0.04102582306830125,685,Now I see why he doesn't go out much.
5143,1399,2,39,116,157,1.2738853503184713,0.037922819073049376,685,"I'm worried, the incubation period ended three months ago."
2148,1399,4,35,118,157,1.2738853503184713,0.04001823135901251,685,Are you concerned about the growling noise?
2568,1399,5,33,119,157,1.2738853503184713,0.04102582306830125,685,"‘I’m telling you, whatever it is, you’re walking it."
2034,1399,7,29,121,157,1.2738853503184713,0.042970184931970835,685,"Well,how else do I keep it warm?"
2108,1399,4,35,118,157,1.2738853503184713,0.04001823135901251,685,I think he's hatching something
76,1399,3,37,117,157,1.2738853503184713,0.03898460624112221,685,"Don't mind him, he's just brooding."
243,1399,8,27,122,157,1.2738853503184713,0.04391009121393259,685,"After all these years, he's still hoping that at least one great idea will hatch."
487,1399,7,29,121,157,1.2738853503184713,0.042970184931970835,685,So the guy at the bean bag store said it would help your posture?
616,1399,5,33,119,157,1.2738853503184713,0.04102582306830125,685,Is farting the only way you can keep that egg warm?
789,1399,7,29,121,157,1.2738853503184713,0.042970184931970835,685,His spirit animal is awkward duck.
883,1399,4,35,118,157,1.2738853503184713,0.04001823135901251,685,I always thought he was something of an odd duck.
898,1399,7,29,121,157,1.2738853503184713,0.042970184931970835,685,"His doctor told him only one egg per week,and here we are."
1093,1399,3,37,117,157,1.2738853503184713,0.03898460624112221,685,The tyrannosaurus can only imprint on one of us
1129,1399,4,35,118,157,1.2738853503184713,0.04001823135901251,685,I hear free range is healthier.
1232,1399,4,35,118,157,1.2738853503184713,0.04001823135901251,685,I think you have gas.
1250,1399,5,33,119,157,1.2738853503184713,0.04102582306830125,685,Are you sure it's organic?
592,1399,5,33,119,157,1.2738853503184713,0.04102582306830125,685,If its mother comes back and one of us isn't sitting on it we're in big trouble.
1271,1399,8,27,122,157,1.2738853503184713,0.04391009121393259,685,He wants to feel like he can still procreate.
1251,1399,5,33,119,157,1.2738853503184713,0.04102582306830125,685,You should see our pet chicken.
1908,1399,4,35,118,157,1.2738853503184713,0.04001823135901251,685,"I think it's time you blocked NatGeo on your TV, Ruth"
1900,1399,5,33,119,157,1.2738853503184713,0.04102582306830125,685,He usually has egg on his face.
1875,1399,6,31,120,157,1.2738853503184713,0.042009254644181274,685,I can see you're still swallowing gum.
1854,1399,6,31,120,157,1.2738853503184713,0.042009254644181274,685,You still only have one testicle . . .
1940,1399,5,33,119,157,1.2738853503184713,0.04102582306830125,685,I am worried about when it hatches...
1715,1399,5,33,119,157,1.2738853503184713,0.04102582306830125,685,Oh my God!  If he doesn’t do something about that prostate!
1705,1399,5,33,119,157,1.2738853503184713,0.04102582306830125,685,I did my part. Now bring home the bacon.
1648,1399,4,35,118,157,1.2738853503184713,0.04001823135901251,685,He's on a timer.
1624,1399,8,27,122,157,1.2738853503184713,0.04391009121393259,685,"It does take 60 days to hatch, but apparently it's a great core workout."
1848,1399,5,33,119,157,1.2738853503184713,0.04102582306830125,685,So you're a stay-at-home Dad?
3762,1458,4,34,116,154,1.2727272727272727,0.040446459355779806,685,Was it a calcium or uric acid stone?
3319,1458,8,26,120,154,1.2727272727272727,0.044445987734701146,685,Oh that? It's a rotten egg. He was the last one there.
3659,1458,4,34,116,154,1.2727272727272727,0.040446459355779806,685,How many months?
3632,1458,4,34,116,154,1.2727272727272727,0.040446459355779806,685,He's trying to get in touch with his maternal instincts.
3591,1458,6,30,118,154,1.2727272727272727,0.04249330476752751,685,Where did you say you put the Chicken ?
3446,1458,7,28,119,154,1.2727272727272727,0.04348060933208722,685,"Well, smartypants, I hope 'Brontosaurus damage' is included in your renter's insurance."
2144,1458,6,30,118,154,1.2727272727272727,0.04249330476752751,685,My Harold's just the best at managing our nest egg.
3354,1458,5,32,117,154,1.2727272727272727,0.04148250850951955,685,Frank's hemorrhoids are acting up again.
3727,1458,9,24,121,154,1.2727272727272727,0.045390838982517376,685,"Before we married, all his friends told me he was a good egg."
2826,1458,8,26,120,154,1.2727272727272727,0.044445987734701146,685,"It’s from Ikea. For once, no assembly needed. He loves it."
3065,1458,10,22,122,154,1.2727272727272727,0.0463164193495183,685,"Any day now, he'll hatch the elephant in the room."
3013,1458,2,38,114,154,1.2727272727272727,0.03829035386062029,685,George spoke up at PTA last night and as usual laid an egg.
2985,1458,9,24,121,154,1.2727272727272727,0.045390838982517376,685,I'm not sure that's how Atlas did it.
2675,1458,6,30,118,154,1.2727272727272727,0.04249330476752751,685,"I tell Larry no to swallow his gum, but does he listen?"
2647,1458,5,32,117,154,1.2727272727272727,0.04148250850951955,685,I'm waiting to see which cracks first; Harold or the egg.
2549,1458,8,26,120,154,1.2727272727272727,0.044445987734701146,685,Eggheads! Always looking down at the rest of us!
2383,1458,5,32,117,154,1.2727272727272727,0.04148250850951955,685,He thinks he's woke.
3812,1458,5,32,117,154,1.2727272727272727,0.04148250850951955,685,"Since the fall, Howard self identified as All The Kings Men."
3089,1458,5,32,117,154,1.2727272727272727,0.04148250850951955,685,I told you to quit swallowing chewing gum!
3814,1458,8,26,120,154,1.2727272727272727,0.044445987734701146,685,"Seriously, homeboy worked for a startup for like ONE year and ever since he’s said he can’t just sit in a normal chair like a normal person"
4775,1458,5,29,109,143,1.2727272727272727,0.04346580146458082,685,That's not how charades works.
3915,1458,5,32,117,154,1.2727272727272727,0.04148250850951955,685,Our marriage is just a big yolk to him.
2360,1458,4,34,116,154,1.2727272727272727,0.040446459355779806,685,It's good for the core... and omelets.
4782,1458,7,28,119,154,1.2727272727272727,0.04348060933208722,685,"He is so proud of this one!"""
4845,1458,10,22,122,154,1.2727272727272727,0.0463164193495183,685,"For the love of God, Hank, stop babying him."
4908,1458,7,28,119,154,1.2727272727272727,0.04348060933208722,685,I don’t have the heart to tell him it’s a rock.
4957,1458,6,30,118,154,1.2727272727272727,0.04249330476752751,685,You really have him henpecked.
4991,1458,8,26,120,154,1.2727272727272727,0.044445987734701146,685,"Luckily, Harold has high good cholesterol."""
5027,1458,5,32,117,154,1.2727272727272727,0.04148250850951955,685,I keep telling him that he needs to have that growth checked out by his doctor.
5248,1458,4,34,116,154,1.2727272727272727,0.040446459355779806,685,I didn't say eggsactly
5295,1458,7,28,119,154,1.2727272727272727,0.04348060933208722,685,At least he's a good lay.
4756,1458,3,36,115,154,1.2727272727272727,0.03938316438016546,685,He mastered his balance ball.  This is the next step.
4631,1458,3,36,115,154,1.2727272727272727,0.03938316438016546,685,"Yes, Harry. You're on the ball."
4472,1458,8,26,120,154,1.2727272727272727,0.044445987734701146,685,It took a little introspection but he is finally out of his shell!
4450,1458,4,34,116,154,1.2727272727272727,0.040446459355779806,685,"I meant what I said, and I said what I meant, George Smith is faithful, 100%."
4208,1458,7,28,119,154,1.2727272727272727,0.04348060933208722,685,"He's been doing it ever since we saw ""March of the Penguins""."
4185,1458,7,28,119,154,1.2727272727272727,0.04348060933208722,685,He's only on there 15% of the time. Same as housework.
4077,1458,6,30,118,154,1.2727272727272727,0.04249330476752751,685,Faberge' says it should disappear in a few days--and popping it will only make it worse.
4045,1458,9,24,121,154,1.2727272727272727,0.045390838982517376,685,What ever it is he is getting up in the middle of the night to feed it.
4024,1458,9,24,121,154,1.2727272727272727,0.045390838982517376,685,Your robbing the cradle has gotten out of hand.
4016,1458,7,28,119,154,1.2727272727272727,0.04348060933208722,685,"Nest egg sitting is a lot of work, but Harold swears his core muscles are really benefitting."
3822,1458,7,28,119,154,1.2727272727272727,0.04348060933208722,685,"Which came first, Mr. Little?"
2358,1458,7,28,119,154,1.2727272727272727,0.04348060933208722,685,He thinks if he bonds with this one now it won't grow up to resent him.
1548,1458,7,28,119,154,1.2727272727272727,0.04348060933208722,685,"Oh sure, he's all about the nest egg now...but who do you think LAID it?"
2182,1458,7,28,119,154,1.2727272727272727,0.04348060933208722,685,He also bought a bacon couch but I made him put that in the basement.
1227,1458,7,28,119,154,1.2727272727272727,0.04348060933208722,685,I'm afraid Harry has only one egg and no basket.
1059,1458,4,34,116,154,1.2727272727272727,0.040446459355779806,685,"You know it will hatch the minute you leave,right?"
971,1458,7,28,119,154,1.2727272727272727,0.04348060933208722,685,Harvey's had a really hard time with empty nest syndrome.
814,1458,5,32,117,154,1.2727272727272727,0.04148250850951955,685,"Stewart, you can't even crack a joke - much less an egg."
808,1458,4,34,116,154,1.2727272727272727,0.040446459355779806,685,He's so dramatic. It's just a hemorrhoid. It'll go away in its own.
727,1458,7,28,119,154,1.2727272727272727,0.04348060933208722,685,"It's method. George landed the lead in our community theater's upcoming production of  ""Horton Hatches the Egg."""
1240,1458,5,32,117,154,1.2727272727272727,0.04148250850951955,685,It’s mid-mesozoic era modern.  I have eleven more.
542,1458,8,26,120,154,1.2727272727272727,0.044445987734701146,685,He's trying to hatch his next big idea.`
528,1458,6,30,118,154,1.2727272727272727,0.04249330476752751,685,He’s brooding because I called him a chicken.
380,1458,7,28,119,154,1.2727272727272727,0.04348060933208722,685,Most people would have picked a throne.
319,1458,3,36,115,154,1.2727272727272727,0.03938316438016546,685,He swears that it’s helping him with his transition as an empty nester.
310,1458,7,28,119,154,1.2727272727272727,0.04348060933208722,685,"I think we need to talk about the 
egg-lephant in the room."
51,1458,6,30,118,154,1.2727272727272727,0.04249330476752751,685,At least something in this house got laid
2240,1458,6,30,118,154,1.2727272727272727,0.04249330476752751,685,"So who came first, Chuck or the egg?"
541,1458,7,28,119,154,1.2727272727272727,0.04348060933208722,685,I keep buying him Preparation H but he refuses to use it.
1348,1458,5,32,117,154,1.2727272727272727,0.04148250850951955,685,"Don’t ask me, Madge! Last one was an Emu!"
1162,1458,9,24,121,154,1.2727272727272727,0.045390838982517376,685,"I keep telling him over and over again that his friend, Horton, is taking advantage of him."
1418,1458,5,32,117,154,1.2727272727272727,0.04148250850951955,685,"Bill, how’s the empty nesting life?"
2153,1458,2,38,114,154,1.2727272727272727,0.03829035386062029,685,Are you sure they’re putting hormones in chicken-feed?
1853,1458,7,28,119,154,1.2727272727272727,0.04348060933208722,685,Is that a dinosaur in your egg or are you just glad to see us ?
1795,1458,3,36,115,154,1.2727272727272727,0.03938316438016546,685,That’s the last time I’ll suggest growing a ‘nest egg’.
1725,1458,7,28,119,154,1.2727272727272727,0.04348060933208722,685,I have my doubts about those non-GMO claims.
1398,1458,8,26,120,154,1.2727272727272727,0.044445987734701146,685,I've really got to find out what happened in Antarctica.
1711,1458,9,24,121,154,1.2727272727272727,0.045390838982517376,685,I'd hate to see the sperm.
1707,1458,5,32,117,154,1.2727272727272727,0.04148250850951955,685,"It hatches, and then what?"
1612,1458,7,28,119,154,1.2727272727272727,0.04348060933208722,685,What do you mean you had an affair with a hen?
1716,1458,7,19,95,121,1.2727272727272727,0.051157403079194336,685,Frank read about it on Goop.
1579,1458,3,36,115,154,1.2727272727272727,0.03938316438016546,685,Gwyneth Paltrow says it's good for mental clarity.
1515,1458,8,26,120,154,1.2727272727272727,0.044445987734701146,685,When's your due date?
1465,1458,2,38,114,154,1.2727272727272727,0.03829035386062029,685,"I don't care if you are gay, that's still my job"
1591,1458,7,28,119,154,1.2727272727272727,0.04348060933208722,685,He's been brooding ever since we got the new furniture.
379,1534,4,35,119,158,1.2721518987341771,0.039801910313432186,685,He calls it “urban farming”.
5086,1535,9,22,116,147,1.272108843537415,0.04685408714485814,685,I couldn't get a high horse
5255,1536,7,28,120,155,1.270967741935484,0.043234997053330476,685,"When you genetically engineer a T. Rex in your basement, you have to cut a few corners."
4956,1536,10,22,123,155,1.270967741935484,0.04605026071463241,685,It's hard to believe that big egg came from such a small senator.
3667,1536,5,32,118,155,1.270967741935484,0.04125155280809132,685,All the king's horses and all the king's men couldn't... but guess who COULD?!!?
3839,1536,7,28,120,155,1.270967741935484,0.043234997053330476,685,He’s trying to prove he still has a hot ass.
3458,1536,5,32,118,155,1.270967741935484,0.04125155280809132,685,I keep telling him to watch Jurassic Park to the end.
2977,1536,8,26,121,155,1.270967741935484,0.044193349621440434,685,"Boy, that is quite a hemorrhoid."
2832,1536,5,32,118,155,1.270967741935484,0.04125155280809132,685,"We take turns sitting on it,
but I'm not sure we really want it to hatch"
1892,1536,6,30,119,155,1.270967741935484,0.04225491438448457,685,He went to Ikea
136,1536,6,30,119,155,1.270967741935484,0.04225491438448457,685,"Isn't it ironic that we, as identical twins, are both infatuated  with the same guy?"
2346,1536,3,36,116,155,1.270967741935484,0.03916779605691388,685,I think he's egg-cellent.
2287,1546,5,26,102,133,1.2706766917293233,0.04544383731668337,685,He thinks that THIS one is going to go to medical school.
3067,1547,6,31,122,159,1.270440251572327,0.0415501846950937,685,The doctor said it's just Empty Nest Syndrome.
226,1548,9,16,101,126,1.2698412698412698,0.05214472949695789,685,More coffee Brenda?
1533,1549,3,35,114,152,1.269736842105263,0.039571593457772426,685,What scheme are you hatching up this time?
1345,1549,8,25,119,152,1.269736842105263,0.044739276787746564,685,You really should get that checked.
1528,1549,4,33,115,152,1.269736842105263,0.04065771002562606,685,He's very cautious with our nest egg.
1737,1549,4,33,115,152,1.269736842105263,0.04065771002562606,685,"George, why don't you buy eggs like everyone else?"
1841,1549,5,31,116,152,1.269736842105263,0.041715557772473454,685,You shoulda heard the squawk when he laid it!
2420,1549,7,27,118,152,1.269736842105263,0.04375459417878221,685,Sure it's expensive but have you seen the price of quail eggs?
2501,1549,4,33,115,152,1.269736842105263,0.04065771002562606,685,"And the worst of it is, the snow is rotting the floorboards"
2580,1549,4,33,115,152,1.269736842105263,0.04065771002562606,685,Harvey resists all labels; he sees himself as neither mammal nor male.
2735,1549,3,35,114,152,1.269736842105263,0.039571593457772426,685,We met on a trip to Antarctica.
2843,1549,3,35,114,152,1.269736842105263,0.039571593457772426,685,His posture is great but he’s really not so on the ball
2904,1549,8,25,119,152,1.269736842105263,0.044739276787746564,685,I shudder to think what Harold is hatching up this time.
3339,1549,4,33,115,152,1.269736842105263,0.04065771002562606,685,I’d tell him he’s not a chicken but we need the egg.
3378,1549,9,23,120,152,1.269736842105263,0.04570274896799179,685,"Don’t ask me why, but it won’t hatch unless an accountant sits on it."
3383,1549,4,33,115,152,1.269736842105263,0.04065771002562606,685,"Oh God, Henry's laid another egg."
3687,1549,4,33,115,152,1.269736842105263,0.04065771002562606,685,George is always hatching something.
3716,1549,7,27,118,152,1.269736842105263,0.04375459417878221,685,Sometimes I wish he were an egghead.
4134,1549,5,31,116,152,1.269736842105263,0.041715557772473454,685,Who's the hen now?
4234,1549,5,31,116,152,1.269736842105263,0.041715557772473454,685,"At first, I was mad that he didn't understand what I meant by 'nest egg,' but now I'm just curious to see what hatches"
4765,1549,4,33,115,152,1.269736842105263,0.04065771002562606,685,His idea of a retirement egg nest is different from others.
1196,1549,5,31,116,152,1.269736842105263,0.041715557772473454,685,"He hasn't been the same since he saw ""March of the Penguins."""
1144,1549,5,31,116,152,1.269736842105263,0.041715557772473454,685,"So, what’s for dinner?"
1108,1549,9,23,120,152,1.269736842105263,0.04570274896799179,685,"No, I said go suck an egg!"
1050,1549,6,29,117,152,1.269736842105263,0.04274723541948937,685,Harold hopes his nest egg will grow.
4977,1549,6,29,117,152,1.269736842105263,0.04274723541948937,685,"Oh for heaven’s sake, Arthur, I’m sorry I called you broody."
68,1549,5,31,116,152,1.269736842105263,0.041715557772473454,685,"Yes, we never did learn the name of that masked dinosaur—all she left behind was this egg. Bob is hoping for a boy."
254,1549,7,27,118,152,1.269736842105263,0.04375459417878221,685,I’m not even gonna guess how you got up there.
5124,1549,6,29,117,152,1.269736842105263,0.04274723541948937,685,"We said to get an ergonomic chair, not an eggonomic chair."
605,1549,8,25,119,152,1.269736842105263,0.044739276787746564,685,I warned him that’s what happens when you have an affair
640,1549,5,31,116,152,1.269736842105263,0.041715557772473454,685,He lost the other one.
804,1549,7,27,118,152,1.269736842105263,0.04375459417878221,685,I told him to lay off of it.
438,1549,6,29,117,152,1.269736842105263,0.04274723541948937,685,I'm not sure which one came first.
2970,1580,7,28,121,156,1.2692307692307692,0.04299205867207354,685,Does this happen everyday?
231,1580,4,34,118,156,1.2692307692307692,0.04000222682609853,685,Now what have you done?
3651,1582,5,29,111,145,1.2689655172413794,0.04294607285579174,685,Earl says a velociraptor will keep kids off the lawn.
4771,1583,5,27,106,138,1.2681159420289856,0.044286191993398845,685,"Yes, Walter HAS hinted that he's hatching a plan to leave me."
3201,1584,4,33,116,153,1.2679738562091503,0.04042955620720004,685,Is George incubating again?
3155,1584,3,35,115,153,1.2679738562091503,0.03935161627056306,685,We warned you not to swallow your bubble gum.
2502,1584,8,25,120,153,1.2679738562091503,0.04448085276985102,685,I still can't figure out which came first.
4029,1584,6,29,118,153,1.2679738562091503,0.04250350149249065,685,I actually prefer when we had an empty nest.
1558,1584,3,35,115,153,1.2679738562091503,0.03935161627056306,685,It's how he wanted to spend his retirement.
1973,1584,4,33,116,153,1.2679738562091503,0.04042955620720004,685,He's always hatching something!
1503,1584,4,33,116,153,1.2679738562091503,0.04042955620720004,685,Looks like he's brooding again
4529,1591,8,26,123,157,1.267515923566879,0.04369635775399191,685,"Harold's in a time out for one hour, unless he cracks first"
3492,1592,8,23,115,146,1.2671232876712328,0.045890234702387844,685,He was tired of being known as an egghead.
1726,1593,7,26,117,150,1.2666666666666666,0.044032392659054245,685,"If you're going to burst Marvin's bubble, I'll open a window."
1385,1593,5,30,115,150,1.2666666666666666,0.041950931885420414,685,preparation H is completely useless.
920,1593,5,30,115,150,1.2666666666666666,0.041950931885420414,685,"Which came first, Harold or the egg?"
1392,1593,4,32,114,150,1.2666666666666666,0.040870468891880944,685,He'd rather fall and break his neck than spend a penny of his nest egg.
2231,1593,7,26,117,150,1.2666666666666666,0.044032392659054245,685,Part of the #MeToo movement.
2840,1593,3,34,113,150,1.2666666666666666,0.039760656041232925,685,It’s how he hatches a plan
565,1593,6,28,116,150,1.2666666666666666,0.043004257285391624,685,We are hoping for a boy.
2242,1593,5,30,115,150,1.2666666666666666,0.041950931885420414,685,All I said was “Go lay an egg.” Always so literal.
821,1593,3,34,113,150,1.2666666666666666,0.039760656041232925,685,Harold has a highly developed nesting instinct.
1102,1593,3,34,113,150,1.2666666666666666,0.039760656041232925,685,Did you really think this would help you get over your empty nest syndrome?
514,1593,7,26,117,150,1.2666666666666666,0.044032392659054245,685,So the chair is actually “egg”onomic?
2848,1593,2,36,112,150,1.2666666666666666,0.03861896309089949,685,That's no way to grow your nest egg.
118,1593,6,28,116,150,1.2666666666666666,0.043004257285391624,685,"It's a splendid egg, Benedict."
2958,1593,5,30,115,150,1.2666666666666666,0.041950931885420414,685,"In fairness, he did warn me to stop calling him chicken."
3581,1593,7,26,117,150,1.2666666666666666,0.044032392659054245,685,"I said ""ergonomic,"" Stan."
3806,1593,7,26,117,150,1.2666666666666666,0.044032392659054245,685,Can you believe it? And he said they were “just friends.”
3997,1593,5,30,115,150,1.2666666666666666,0.041950931885420414,685,Ronnie takes the 'nest egg' thing very seriously.
4113,1593,5,30,115,150,1.2666666666666666,0.041950931885420414,685,It's a new 'furniture in to food' app.
5293,1593,4,32,114,150,1.2666666666666666,0.040870468891880944,685,"I told him if he does it for 9 months, I'll let him get me pregnant."
388,1593,3,34,113,150,1.2666666666666666,0.039760656041232925,685,It's his nest egg.
2870,1593,5,30,115,150,1.2666666666666666,0.041950931885420414,685,"Roger, what’s the end game?"
1163,1614,6,29,119,154,1.2662337662337662,0.042262440707957816,685,It was $100 less than an ergonomic chair
3477,1614,7,27,120,154,1.2662337662337662,0.043255015112900655,685,This isn't what we meant when we said you could have free range
158,1614,6,29,119,154,1.2662337662337662,0.042262440707957816,685,He got it online after reading an interview with Gwyneth.
1746,1614,6,29,119,154,1.2662337662337662,0.042262440707957816,685,That's just Henry's way of asking us to play charades.
2547,1618,4,35,123,162,1.2654320987654322,0.03895853949714062,685,"If it hatches with a double yolk, we can't afford it."
5133,1619,6,27,114,147,1.2653061224489797,0.04352226928804891,685,He's struggling with being an empty-nester.
3866,1619,4,31,112,147,1.2653061224489797,0.041325682132910276,685,I've been waiting for Harold to hatch this big idea of his for decades.
3841,1619,6,27,114,147,1.2653061224489797,0.04352226928804891,685,What I can't figure out is how did he ever lay it?
3837,1619,7,25,115,147,1.2653061224489797,0.044579994213738955,685,Even if it hatches in time it sure isn't going to fit in the oven
3752,1619,4,31,112,147,1.2653061224489797,0.041325682132910276,685,"He's keeping dinner warm."""
3694,1619,7,25,115,147,1.2653061224489797,0.044579994213738955,685,"What came first, Bob or his egg?"
3637,1619,5,29,113,147,1.2653061224489797,0.04243818992211959,685,Definitely poached.
3616,1619,6,27,114,147,1.2653061224489797,0.04352226928804891,685,Few people are aware that Charles Eames had a step-brother.
3525,1619,5,29,113,147,1.2653061224489797,0.04243818992211959,685,He says he wants to know what it feels like to be a hat.
3402,1619,5,29,113,147,1.2653061224489797,0.04243818992211959,685,"Trust us, it's not all that its cracked up to be."
3207,1619,5,29,113,147,1.2653061224489797,0.04243818992211959,685,So....how's the in vitro fertilization going?
3185,1619,4,31,112,147,1.2653061224489797,0.041325682132910276,685,"Go ahead and take credit for that, too, Gary."
2948,1619,7,25,115,147,1.2653061224489797,0.044579994213738955,685,Impressive ! Now can you get down without breaking it?
2940,1619,4,31,112,147,1.2653061224489797,0.041325682132910276,685,At least he doesn't wear the dinosaur costume anymore.
2883,1619,4,31,112,147,1.2653061224489797,0.041325682132910276,685,"I don't know which came first, Chuck or the egg."
2845,1619,7,25,115,147,1.2653061224489797,0.044579994213738955,685,He is looking for the chance to be the father he never was while our children were growing up.
2746,1619,5,29,113,147,1.2653061224489797,0.04243818992211959,685,"He says if women can run for president, he can hatch an egg."
2722,1619,6,27,114,147,1.2653061224489797,0.04352226928804891,685,He hasn't had such a great fall.  We're hoping for a better winter.
3869,1619,7,25,115,147,1.2653061224489797,0.044579994213738955,685,You should see the goose that laid this golden nest egg.
3949,1619,5,29,113,147,1.2653061224489797,0.04243818992211959,685,He's hatching a really big idea.
3977,1619,6,27,114,147,1.2653061224489797,0.04352226928804891,685,"Unfortunately, he doesn't get out enough to qualify for Free Range."
4006,1619,8,23,116,147,1.2653061224489797,0.04561319813620343,685,Never trust a fart...
5341,1619,4,31,112,147,1.2653061224489797,0.041325682132910276,685,I told you we should have adopted!
5275,1619,5,29,113,147,1.2653061224489797,0.04243818992211959,685,"As Marsha and Emma considered, it occurred to them that “Have you chosen a name yet?” was not their most pressing question."
5269,1619,6,27,114,147,1.2653061224489797,0.04352226928804891,685,I think it's time for me to stop calling him chicken all the time.
5265,1619,7,25,115,147,1.2653061224489797,0.044579994213738955,685,"If your irresponsible son marries an irresponsible chicken, you have to expect to raise your own grandchild."
5259,1619,6,27,114,147,1.2653061224489797,0.04352226928804891,685,It's our miracle child.
5125,1619,7,25,115,147,1.2653061224489797,0.044579994213738955,685,He's working on building a sizable next egg  for retirement.
4948,1619,4,31,112,147,1.2653061224489797,0.041325682132910276,685,He was in the bathroom when the hypnotist brought everyone back.
4916,1619,8,23,116,147,1.2653061224489797,0.04561319813620343,685,It's known as an eggsistential crisis
2706,1619,4,31,112,147,1.2653061224489797,0.041325682132910276,685,They are both hard boiled . Works well for them.
4772,1619,6,27,114,147,1.2653061224489797,0.04352226928804891,685,Gerald and I just weren't meant to be empty nesters.
4614,1619,6,27,114,147,1.2653061224489797,0.04352226928804891,685,He just couldn't stand being an empty nester.
4537,1619,4,31,112,147,1.2653061224489797,0.041325682132910276,685,What's his cholesterol like?
4485,1619,7,25,115,147,1.2653061224489797,0.044579994213738955,685,Get off your nest egg Boomer!
4395,1619,7,25,115,147,1.2653061224489797,0.044579994213738955,685,"When Herbert said he was bringing home our ""nest egg,"" I thought he meant something completely different."
4382,1619,5,29,113,147,1.2653061224489797,0.04243818992211959,685,Gary still says he can hatch it but I think it's his excuse for spending all day on his ass.
4333,1619,4,31,112,147,1.2653061224489797,0.041325682132910276,685,Ralph lost his trust in the banking system some years ago.
4313,1619,6,27,114,147,1.2653061224489797,0.04352226928804891,685,Did Guinness world records contact you about your hemorrhoid?
4233,1619,4,31,112,147,1.2653061224489797,0.041325682132910276,685,The doctor says ice packs should help.
4627,1619,4,31,112,147,1.2653061224489797,0.041325682132910276,685,He always wanted a hatch back.
2655,1619,7,25,115,147,1.2653061224489797,0.044579994213738955,685,He just loved ‘March of the Penguins’.
3366,1619,6,27,114,147,1.2653061224489797,0.04352226928804891,685,I agreed to lay it if he would hatch it.
2398,1619,6,27,114,147,1.2653061224489797,0.04352226928804891,685,Quit your whining. You’ve only been on there for nine minutes.
1038,1619,4,31,112,147,1.2653061224489797,0.041325682132910276,685,"Honey, tell her about your table-to-farm movement."
934,1619,4,31,112,147,1.2653061224489797,0.041325682132910276,685,"…Yes, but I'm a little more concerned about what's inside"
928,1619,6,27,114,147,1.2653061224489797,0.04352226928804891,685,"yes, he thinks he's a penguin despite the lack of a tuxedo."
925,1619,4,31,112,147,1.2653061224489797,0.041325682132910276,685,I'm guessing twins.
760,1619,7,25,115,147,1.2653061224489797,0.044579994213738955,685,Our financial advisor suggested he take a more active role in protecting our nest egg.
734,1619,7,25,115,147,1.2653061224489797,0.044579994213738955,685,Don't make any sudden moves. He thinks you're a weasel.
2572,1619,6,27,114,147,1.2653061224489797,0.04352226928804891,685,"Mom, you've been so wrong calling him an egghead."
1057,1619,4,31,112,147,1.2653061224489797,0.041325682132910276,685,Yeah but is it free-range organic?
590,1619,3,33,111,147,1.2653061224489797,0.04018238474300383,685,"I'm telling you, size matters."
439,1619,8,23,116,147,1.2653061224489797,0.04561319813620343,685,Mel is so proud of his bowling trophy.
405,1619,8,23,116,147,1.2653061224489797,0.04561319813620343,685,Try not to touch it. If it gets your scent he will reject it.
366,1619,8,23,116,147,1.2653061224489797,0.04561319813620343,685,My wife’s on a work trip this week.
138,1619,9,21,117,147,1.2653061224489797,0.04662351128270054,685,I don't have the heart to tell him it's not fertilised.
99,1619,8,23,116,147,1.2653061224489797,0.04561319813620343,685,"You know who’s going to end up walking it, don’t you?"
57,1619,7,25,115,147,1.2653061224489797,0.044579994213738955,685,I knew it was a mistake to marry somebody named Horton
56,1619,5,29,113,147,1.2653061224489797,0.04243818992211959,685,We’re wait-listed at the 92nd Street Coop.
551,1619,4,31,112,147,1.2653061224489797,0.041325682132910276,685,We waited this long because we didn't want a millenial.
1074,1619,2,35,110,147,1.2653061224489797,0.039005590413673186,685,It’s for his doctoral research in paleontology.
710,1619,3,33,111,147,1.2653061224489797,0.04018238474300383,685,Have you thought of a name yet?
1152,1619,4,31,112,147,1.2653061224489797,0.041325682132910276,685,"Ok, what’s your exit strategy?"
2315,1619,2,35,110,147,1.2653061224489797,0.039005590413673186,685,Another hatch it job.
1100,1619,5,29,113,147,1.2653061224489797,0.04243818992211959,685,He takes the task of monitoring our nest egg very seriously.
2299,1619,5,29,113,147,1.2653061224489797,0.04243818992211959,685,It does wonders for my lower back pain.
2208,1619,4,31,112,147,1.2653061224489797,0.041325682132910276,685,"He says he's a lifestyle influencer, I say he's sitting on an egg."
2131,1619,5,29,113,147,1.2653061224489797,0.04243818992211959,685,"Dad, she did not say ""Mother-clucker""."
1921,1619,4,31,112,147,1.2653061224489797,0.041325682132910276,685,He came first...
1782,1619,6,27,114,147,1.2653061224489797,0.04352226928804891,685,And you should hear how he wants to feed it.
1743,1619,9,21,117,147,1.2653061224489797,0.04662351128270054,685,I had this statue made in memory  of my late husband who never managed to get off his assets!
2305,1619,4,31,112,147,1.2653061224489797,0.041325682132910276,685,Technically there's no benefit but look how much room we have on the couch
1366,1619,7,25,115,147,1.2653061224489797,0.044579994213738955,685,He agreed he wouldn't talk anymore about having a baby.
1194,1619,3,33,111,147,1.2653061224489797,0.04018238474300383,685,We're a few weeks late.
1572,1619,3,33,111,147,1.2653061224489797,0.04018238474300383,685,He says the Christmas tree will have to go somewhere else this year.
1302,1619,7,25,115,147,1.2653061224489797,0.044579994213738955,685,"Side effects aside, our lovemaking has never been better."
1508,1619,7,25,115,147,1.2653061224489797,0.044579994213738955,685,"Flown south for the winter again, has she?"
4327,1697,5,30,116,151,1.2649006622516556,0.041709588582099735,685,"The problem is you did come first, George."
1584,1697,2,36,113,151,1.2649006622516556,0.038402983184075284,685,Could you warm my coffee next?
3778,1697,4,32,115,151,1.2649006622516556,0.040637292711713374,685,I didn't realize hemorrhoids could get that big!
4880,1700,4,28,104,136,1.2647058823529411,0.04332993214109077,685,I see what you mean-it does clash with the eggshell paint.
59,1701,5,31,119,155,1.264516129032258,0.041015001654154525,685,You'd think after all these years our nest egg would be a bit bigger.
4791,1702,5,28,111,144,1.2638888888888888,0.04294214579750938,685,We found this neat balance ball at Jurassic Park.
1442,1702,8,22,114,144,1.2638888888888888,0.046210422818557334,685,You should see the squash from our meal kit service.
315,1702,4,30,110,144,1.2638888888888888,0.04179596617581002,685,I kind of wish he’d just go back to being an egghead.
4575,1705,7,29,127,163,1.2638036809815951,0.04158145875937288,685,"When he said he was leaving his job to start and incubator, I just had no idea."
2575,1706,6,27,115,148,1.2635135135135136,0.043264352955627354,685,Did you get that at  IKEA ?
1534,1706,6,27,115,148,1.2635135135135136,0.043264352955627354,685,"Not the man of my dreams, but a good provider."
1525,1706,4,31,113,148,1.2635135135135136,0.04108463106752489,685,He thinks it will catch on like the Bean Bag. Don't encourage him.
1375,1706,6,27,115,148,1.2635135135135136,0.043264352955627354,685,We think it has something to do with rejection by his mother.
1202,1706,2,35,111,148,1.2635135135135136,0.038782593817847745,685,First he was fretting; now he just broods.
2338,1706,2,35,111,148,1.2635135135135136,0.038782593817847745,685,We’ve always shared parenting duties.
4664,1706,7,25,116,148,1.2635135135135136,0.044314025996588666,685,He's free-range.
5113,1706,4,31,113,148,1.2635135135135136,0.04108463106752489,685,"All these years, and I still can’t figure out how he keeps it balanced."
4381,1706,4,31,113,148,1.2635135135135136,0.04108463106752489,685,You are not a dragon!
5046,1706,6,27,115,148,1.2635135135135136,0.043264352955627354,685,We made a rather contemporary decision.
3090,1706,4,31,113,148,1.2635135135135136,0.04108463106752489,685,He just wants to sit on our nest egg. I say let's eat it.
3195,1706,6,27,115,148,1.2635135135135136,0.043264352955627354,685,"Well, ""I am the walrus""."
3261,1706,5,29,114,148,1.2635135135135136,0.04218857159601243,685,He got pecked by a radioactive chicken....
4169,1706,5,29,114,148,1.2635135135135136,0.04218857159601243,685,"Okay if it's not cage-free, at least it's local."
4583,1706,4,31,113,148,1.2635135135135136,0.04108463106752489,685,"nah, same old, same old"
3815,1706,5,29,114,148,1.2635135135135136,0.04218857159601243,685,The doctor says its an enlarged prostate.
3406,1706,6,27,115,148,1.2635135135135136,0.043264352955627354,685,Harold is an avid proponent of eggonomic seating.
1063,1706,8,23,117,148,1.2635135135135136,0.045339404091624,685,My Harold is always so proud of the kidney stones he passes naturally.
5198,1706,8,23,117,148,1.2635135135135136,0.045339404091624,685,"Your DNA Test is in, You are the Father"
975,1706,8,23,117,148,1.2635135135135136,0.045339404091624,685,I don't have the heart to tell him it's unfertilized.
684,1706,5,29,114,148,1.2635135135135136,0.04218857159601243,685,And to think they said we couldn't have kids past 40.
930,1706,6,27,115,148,1.2635135135135136,0.043264352955627354,685,Someone called him a dinosaur last week and he can't get over it.
835,1706,5,29,114,148,1.2635135135135136,0.04218857159601243,685,When did Hen say she would be back?
697,1706,4,31,113,148,1.2635135135135136,0.04108463106752489,685,We need to address the egg-lephant in the room.
486,1706,6,27,115,148,1.2635135135135136,0.043264352955627354,685,Harvey's a fan of the Hatch Act.
430,1706,3,33,112,148,1.2635135135135136,0.03995019707832988,685,He's always considered himself a bit of an egghead.
89,1706,6,27,115,148,1.2635135135135136,0.043264352955627354,685,"His name is Calvin, not Khalisi."
943,1706,2,35,111,148,1.2635135135135136,0.038782593817847745,685,You need better back support at your age.
3260,1734,7,23,111,141,1.2624113475177305,0.04573545142240031,685,This began as a paleontology project but has become obsession.
1941,1735,7,24,114,145,1.2620689655172415,0.04487177309412216,685,So that's what he meant by a nest egg.
2132,1735,2,34,109,145,1.2620689655172415,0.03917331767345282,685,Its Humphrey not Humpty.
2411,1735,6,26,113,145,1.2620689655172415,0.043791444141491366,685,Ignore him. He is going through a chicken phase.
2516,1735,3,32,110,145,1.2620689655172415,0.04037739786264437,685,How much did you say you make from egg sitting?
2841,1735,5,28,112,145,1.2620689655172415,0.04268378075316585,685,He didn't want to be an empty nester.
3263,1735,7,24,114,145,1.2620689655172415,0.04487177309412216,685,Hatching a new idea certainly comes at a price
766,1735,5,28,112,145,1.2620689655172415,0.04268378075316585,685,"I told him to try a yoga ball, but he was too chicken."
5306,1735,6,26,113,145,1.2620689655172415,0.043791444141491366,685,How long is he planning to just sit on your nest egg?
1864,1735,4,30,111,145,1.2620689655172415,0.041546596717075446,685,Fred is hatching a new idea.
4562,1735,3,32,110,145,1.2620689655172415,0.04037739786264437,685,"Frank likes his furniture to be ""Keto"" as well."
4934,1735,6,26,113,145,1.2620689655172415,0.043791444141491366,685,"If it hatches, I'll never hear the end of it."
961,1746,4,29,109,142,1.2605633802816902,0.04202398279359126,685,It's the new fad--male surrogacy.
822,1746,3,31,108,142,1.2605633802816902,0.04081819458242865,685,We’re only incubating for the tax write-off.
446,1746,5,27,110,142,1.2605633802816902,0.04319612541308653,685,"George, I love the increased responsibility, but we’re still not getting a dog"
177,1746,6,25,111,142,1.2605633802816902,0.044337290981409164,685,Horton thinks it'll hatch any day; his next project is finding out where those tiny voices are coming from.
42,1750,6,26,114,146,1.2602739726027397,0.04352749528272793,685,Hope you saved room for custard.
3415,1750,3,32,111,146,1.2602739726027397,0.04014004125208667,685,"... thinks he's hatching a Tyrannosaurus Rex, but he's a good egg even if his mind is kinda' scrammbled!"
3390,1750,5,28,113,146,1.2602739726027397,0.04242840480501643,685,Seems like they keep making it harder and harder to adopt.
2449,1750,5,28,113,146,1.2602739726027397,0.04242840480501643,685,Only when I have company does he shows his nurturing side.
1200,1750,2,34,110,146,1.2602739726027397,0.038945469575159306,685,"Well, your husband really seems on the ball these days."
299,1750,3,32,111,146,1.2602739726027397,0.04014004125208667,685,"You really want to hatch that?"""
107,1750,5,28,113,146,1.2602739726027397,0.04242840480501643,685,"Oh, don’t egg him on"
4890,1750,7,24,115,146,1.2602739726027397,0.044599508482464946,685,"Humpty Goldstein, get off of there right now!"
1556,1758,4,32,118,154,1.2597402597402598,0.039952856954326835,685,Harry and I agreed to share the child rearing duties
2902,1759,6,29,123,158,1.259493670886076,0.04132410908906316,685,The neighbors asked me to keep an eye on it until they get back.
4852,1760,7,22,110,139,1.2589928057553956,0.0460493557511131,685,"You look ridiculous, Roman!"
3608,1761,4,29,110,143,1.2587412587412588,0.041768837001271146,685,I'd hate to see the size of that chicken.
3764,1761,4,29,110,143,1.2587412587412588,0.041768837001271146,685,Edgar has grown our IRA nest egg rather well
3537,1761,4,29,110,143,1.2587412587412588,0.041768837001271146,685,why cant he invest his nest egg like everybody else?
2699,1761,5,27,111,143,1.2587412587412588,0.04293167595934606,685,The fertility clinic said our egg comes with one male donor.
3779,1761,5,27,111,143,1.2587412587412588,0.04293167595934606,685,"When I said I wanted to have a ""nest egg"" to retire with, this isn't what I meant."
3788,1761,6,25,112,143,1.2587412587412588,0.044063838426966706,685,"He's not much, but he's always on the ball."
3800,1761,5,27,111,143,1.2587412587412588,0.04293167595934606,685,"It's not going to hatch, no matter how long you sit on it."
3533,1761,3,31,109,143,1.2587412587412588,0.04057268401522412,685,It was better when we went to the beach and he put his head in the sand
2790,1761,8,21,114,143,1.2587412587412588,0.046245085894578014,685,You told me he had big balls
3509,1761,5,27,111,143,1.2587412587412588,0.04293167595934606,685,It's been like this since that damn cuckoo came around.
3313,1761,7,23,113,143,1.2587412587412588,0.0451676312546647,685,Every part of that yoga ball has touched his ass.
3298,1761,4,29,110,143,1.2587412587412588,0.041768837001271146,685,Ten bucks you crack before it does.
3611,1761,3,31,109,143,1.2587412587412588,0.04057268401522412,685,Bob always planned to manage his own nest egg after he retired
3258,1761,8,21,114,143,1.2587412587412588,0.046245085894578014,685,"Yeah, he's real proud of that kidney stone."
3851,1761,3,31,109,143,1.2587412587412588,0.04057268401522412,685,He’s keeping our nest egg safe.
3161,1761,3,31,109,143,1.2587412587412588,0.04057268401522412,685,"Hey Freak, what are you up
Tonight?"
3139,1761,5,27,111,143,1.2587412587412588,0.04293167595934606,685,"Sorry, Andrew is going through a postmodern phase."
3058,1761,8,21,114,143,1.2587412587412588,0.046245085894578014,685,I just hope it doesn't have us for breakfast.
2967,1761,4,29,110,143,1.2587412587412588,0.041768837001271146,685,"I don't know where he got it from, but I can't wait until he hatches it."
2864,1761,5,27,111,143,1.2587412587412588,0.04293167595934606,685,I wanted to get a puppy but he insisted on a bird.
2937,1761,9,19,115,143,1.2587412587412588,0.04729800234297885,685,Every time he tells that joke he lays an egg.
2687,1761,11,15,117,143,1.2587412587412588,0.0493364686425316,685,I'm tired of asking him to get that thing lanced.
2662,1761,3,31,109,143,1.2587412587412588,0.04057268401522412,685,His financial adviser told him to sit on it.
2849,1761,5,27,111,143,1.2587412587412588,0.04293167595934606,685,Whose next?
2627,1761,5,27,111,143,1.2587412587412588,0.04293167595934606,685,It brings out his nurturing instincts.
2394,1761,7,23,113,143,1.2587412587412588,0.0451676312546647,685,It’s an idea he’s working on.
2361,1761,2,33,108,143,1.2587412587412588,0.039340178341737184,685,"If it's twins, we each get one."
2345,1761,5,27,111,143,1.2587412587412588,0.04293167595934606,685,His therapist says it’s the Humpty Dumpty phase
2290,1761,4,29,110,143,1.2587412587412588,0.041768837001271146,685,Our investment counselor says we could retire; we have a sizeable nest egg.
3253,1761,5,27,111,143,1.2587412587412588,0.04293167595934606,685,What growth?
3913,1761,0,37,106,143,1.2587412587412588,0.03675137438900234,685,Phil says that with retirement around the corner we can't be too careful with our nest egg.
4570,1761,6,25,112,143,1.2587412587412588,0.044063838426966706,685,"Hey, Trumpty-Dumpty, where's your wall?"
4056,1761,6,25,112,143,1.2587412587412588,0.044063838426966706,685,What kind of plot is he hatching now?
5217,1761,4,29,110,143,1.2587412587412588,0.041768837001271146,685,It’s for his core.
5216,1761,5,27,111,143,1.2587412587412588,0.04293167595934606,685,The life of a single father is hard.
5167,1761,5,27,111,143,1.2587412587412588,0.04293167595934606,685,"The chick will probably be an enormous loon, like it's father."
5165,1761,5,27,111,143,1.2587412587412588,0.04293167595934606,685,Thank goodness this is a chicken co-op.
5059,1761,7,23,113,143,1.2587412587412588,0.0451676312546647,685,My first husband was only worth two in the bush.
5049,1761,5,27,111,143,1.2587412587412588,0.04293167595934606,685,"Ever since ‘Game of Thrones’ ended, Tom has been obsessed with being the ‘Father of Dragons’."
4993,1761,6,25,112,143,1.2587412587412588,0.044063838426966706,685,Murray doesn't believe in incubators.
4979,1761,3,31,109,143,1.2587412587412588,0.04057268401522412,685,"Geez Fred, don’t have a cow"
2247,1761,8,21,114,143,1.2587412587412588,0.046245085894578014,685,He still doesn't get that's not how babies are born.
4958,1761,2,33,108,143,1.2587412587412588,0.039340178341737184,685,He thinks we'll be able to retire any day now.
4952,1761,4,29,110,143,1.2587412587412588,0.041768837001271146,685,Walter is obsessed with protecting our nest egg!
4945,1761,6,25,112,143,1.2587412587412588,0.044063838426966706,685,This is why our lawn looks so bad.
4913,1761,5,27,111,143,1.2587412587412588,0.04293167595934606,685,Harold took our nest egg out of the market.
4831,1761,4,29,110,143,1.2587412587412588,0.041768837001271146,685,You still don't understand what it's like to be a woman giving birth.
4712,1761,5,27,111,143,1.2587412587412588,0.04293167595934606,685,"We know we can't be its Forever Home, but Jeffery and I feel we need to do what we can for the species."
4688,1761,8,21,114,143,1.2587412587412588,0.046245085894578014,685,"It’s weird, because the egg came before the guy."
4632,1761,4,29,110,143,1.2587412587412588,0.041768837001271146,685,He mistook bubblegum for his laxative
4089,1761,4,29,110,143,1.2587412587412588,0.041768837001271146,685,"Egg-o-nomic is not going to catch on, Harvey."
4184,1761,2,33,108,143,1.2587412587412588,0.039340178341737184,685,"Harold, you were mislaid."
4199,1761,6,25,112,143,1.2587412587412588,0.044063838426966706,685,We sub-let from some guy who just flew the coop.
4293,1761,8,21,114,143,1.2587412587412588,0.046245085894578014,685,I think it was Pottery Barn or Coops To Go.
4337,1761,7,23,113,143,1.2587412587412588,0.0451676312546647,685,Let me guess—Bill went shopping in the Skymall catalog again?
4341,1761,4,29,110,143,1.2587412587412588,0.041768837001271146,685,"When he flunked out of Wharton, he started setting up shell corporations."
3934,1761,4,29,110,143,1.2587412587412588,0.041768837001271146,685,I'm knitting him a nest to go with his egg.
4421,1761,5,27,111,143,1.2587412587412588,0.04293167595934606,685,He said it’s even safer than sitting on a wall.
4449,1761,7,23,113,143,1.2587412587412588,0.0451676312546647,685,He always has had a strong mothering instinct.
4557,1761,4,29,110,143,1.2587412587412588,0.041768837001271146,685,So he thinks he’s on the ball...
4563,1761,5,27,111,143,1.2587412587412588,0.04293167595934606,685,I haven't had back pain since I started sitting on this egg.
4588,1761,4,29,110,143,1.2587412587412588,0.041768837001271146,685,He’s just having a really hard time with the empty nest.
4594,1761,7,23,113,143,1.2587412587412588,0.0451676312546647,685,George found it on our visit to Jurassic Park.
4610,1761,7,23,113,143,1.2587412587412588,0.0451676312546647,685,You better not get any shell on the carpet.
4447,1761,8,21,114,143,1.2587412587412588,0.046245085894578014,685,"Harold laid a big one this time, and there's no getting around it"
2232,1761,10,17,116,143,1.2587412587412588,0.04832798445906852,685,His spirit-animal is a penguin.
1681,1761,6,25,112,143,1.2587412587412588,0.044063838426966706,685,Turns out our little nest egg is just an overstuffed bean bag chair.
2199,1761,6,25,112,143,1.2587412587412588,0.044063838426966706,685,I told you he's henpecked.
1254,1761,4,29,110,143,1.2587412587412588,0.041768837001271146,685,This was not what we were expecting when we volunteered to be pet foster parents.
1231,1761,3,31,109,143,1.2587412587412588,0.04057268401522412,685,He is in his brooding mood.
1199,1761,7,23,113,143,1.2587412587412588,0.0451676312546647,685,"Okay Humpty, what's your next move?"
1065,1761,6,25,112,143,1.2587412587412588,0.044063838426966706,685,"Big Bird called, he wants his egg back."
957,1761,1,35,107,143,1.2587412587412588,0.0380677892150326,685,He's hoping it hatches before Thanksgiving.
939,1761,6,25,112,143,1.2587412587412588,0.044063838426966706,685,"… well, I have to admit, he doesn't complain when it's his turn."
877,1761,5,27,111,143,1.2587412587412588,0.04293167595934606,685,"Unfortunately, he came first."
791,1761,6,25,112,143,1.2587412587412588,0.044063838426966706,685,I’ll give you ten bucks if you tell us which came first?
743,1761,5,27,111,143,1.2587412587412588,0.04293167595934606,685,"I said poach, not perch."
742,1761,5,27,111,143,1.2587412587412588,0.04293167595934606,685,"In retrospect,I should have asked why his nickname was ""Benedict""."
612,1761,4,29,110,143,1.2587412587412588,0.041768837001271146,685,He's been doing that ever since we announced I'm pregnant.
607,1761,6,25,112,143,1.2587412587412588,0.044063838426966706,685,Free range is so last week
562,1761,4,29,110,143,1.2587412587412588,0.041768837001271146,685,"Jeez, that hemorrhoid of his has really gotten out of control."
372,1761,7,23,113,143,1.2587412587412588,0.0451676312546647,685,Howard has a tendency to brood.
312,1761,4,29,110,143,1.2587412587412588,0.041768837001271146,685,"It's his nest egg. He's says when it hatches, he's retiring."
307,1761,5,27,111,143,1.2587412587412588,0.04293167595934606,685,You're too old to reproduce!
291,1761,8,21,114,143,1.2587412587412588,0.046245085894578014,685,He's been talking about his big idea since the'90s. It just hasn't hatched yet.
221,1761,6,25,112,143,1.2587412587412588,0.044063838426966706,685,I see you're weening him off the incubator.
220,1761,4,29,110,143,1.2587412587412588,0.041768837001271146,685,Mike discovered the joy of retirement: sitting on your nest egg.
189,1761,5,27,111,143,1.2587412587412588,0.04293167595934606,685,He’s grown quite attached.
188,1761,4,29,110,143,1.2587412587412588,0.041768837001271146,685,Looks like a double-yolker.
20,1761,5,27,111,143,1.2587412587412588,0.04293167595934606,685,"As I said, there's no end to Edward's hubris."
2219,1761,9,19,115,143,1.2587412587412588,0.04729800234297885,685,It's new from IKEA: The Chegg.
1283,1761,6,25,112,143,1.2587412587412588,0.044063838426966706,685,"If all the kings’ horses and all the kings’ men couldn’t help, don’t expect me to."
1306,1761,6,25,112,143,1.2587412587412588,0.044063838426966706,685,I'd be more concerned if I still cared.
373,1761,4,29,110,143,1.2587412587412588,0.041768837001271146,685,It gives him a sense of purpose
2018,1761,5,27,111,143,1.2587412587412588,0.04293167595934606,685,That reminds me--time to go upstairs and wring the children's necks.
1322,1761,3,31,109,143,1.2587412587412588,0.04057268401522412,685,"No, I haven't seen Jurassic Park."
2185,1761,6,25,112,143,1.2587412587412588,0.044063838426966706,685,George is going through a midwife crisis.
2184,1761,6,25,112,143,1.2587412587412588,0.044063838426966706,685,It's nice to see a man doing women's work for once.
2179,1761,5,27,111,143,1.2587412587412588,0.04293167595934606,685,They lanced it and it grew right back.
2176,1761,5,27,111,143,1.2587412587412588,0.04293167595934606,685,It's all because I'm not the spring chicken I used to be.
2128,1761,3,31,109,143,1.2587412587412588,0.04057268401522412,685,"Gee, Edna, this isn't what I thought you meant when you told me that Herb just laid an egg."
2124,1761,7,23,113,143,1.2587412587412588,0.0451676312546647,685,"He's not comfortable with anyone else keeping our nest egg secure."""
2120,1761,5,27,111,143,1.2587412587412588,0.04293167595934606,685,I don't know how he does it but that's the second
1993,1761,8,21,114,143,1.2587412587412588,0.046245085894578014,685,"It's from IKEA--he wanted it, so he has to sit on it!"
1979,1761,4,29,110,143,1.2587412587412588,0.041768837001271146,685,If he sneezes it's scrambled.
1957,1761,5,27,111,143,1.2587412587412588,0.04293167595934606,685,It’s a “Therapy Pillow” to treat his fear of heights and high cholesterol.
1905,1761,5,27,111,143,1.2587412587412588,0.04293167595934606,685,He just retired to focus on growing our nest egg.
1936,1761,7,23,113,143,1.2587412587412588,0.0451676312546647,685,I can't decide. Scrambled or over easy.
1867,1761,7,23,113,143,1.2587412587412588,0.0451676312546647,685,He says he’s exercising.
1323,1761,6,25,112,143,1.2587412587412588,0.044063838426966706,685,He says it's his nest egg
1866,1761,8,21,114,143,1.2587412587412588,0.046245085894578014,685,Why did we agree to foster a dragon
1752,1761,7,23,113,143,1.2587412587412588,0.0451676312546647,685,It's not the first egg Fred has ever laid.
1871,1761,5,27,111,143,1.2587412587412588,0.04293167595934606,685,He never came out of his shell until recently.
1333,1761,8,21,114,143,1.2587412587412588,0.046245085894578014,685,"Ever since the whistleblower, he's been worried about the Hatch Act."
1631,1761,3,31,109,143,1.2587412587412588,0.04057268401522412,685,I refuse to buy the ladder when you have to buy it separately.
1483,1761,4,29,110,143,1.2587412587412588,0.041768837001271146,685,There you sit---like some king on top of his white privilege!
1416,1761,4,29,110,143,1.2587412587412588,0.041768837001271146,685,"I don't know how he did it, either.  I can't get anything out of him."
1382,1761,5,27,111,143,1.2587412587412588,0.04293167595934606,685,And to think no one told you swallowing gum is bad for you.
4245,1879,6,26,115,147,1.2585034013605443,0.04326661893920212,685,In his senility he thinks he is hatching eaglets
2588,1879,2,34,111,147,1.2585034013605443,0.03872013008717702,685,It was this or yoga.
4904,1879,4,30,113,147,1.2585034013605443,0.041056356319077045,685,The judge was an old friend so I asked that she tack it on to his community service
1662,1879,4,30,113,147,1.2585034013605443,0.041056356319077045,685,"Not so sure about beanbag chairs made by Millennials."""
4037,1879,5,28,114,147,1.2585034013605443,0.04217596891968897,685,It's his mid-life crisis thing.
324,1884,7,28,128,163,1.2576687116564418,0.04136297602257143,685,"We'll be able to pay you back, mother, as soon as our nest egg hatches."
2980,1885,2,30,100,132,1.2575757575757576,0.041122932161109266,685,He's always had big plans that never hatch.
3308,1886,2,32,106,140,1.2571428571428571,0.03974666510011288,685,If that's your nest egg I'd be worried.
3303,1886,5,26,109,140,1.2571428571428571,0.043452527605847675,685,Forty two day incubation period is Harold’s latest excuse not to go out.
3559,1886,5,26,109,140,1.2571428571428571,0.043452527605847675,685,Fred laid another egg.
3703,1886,1,34,105,140,1.2571428571428571,0.03843204995393458,685,"Sweetie, On the Ball is just an expression, an idiom, as some might say."
3580,1886,6,24,110,140,1.2571428571428571,0.04461946972181272,685,"No, trust me he does find it comfortable"
5170,1886,3,30,107,140,1.2571428571428571,0.041019170024506085,685,"Better than under our mattress, I tell you."
3154,1886,4,28,108,140,1.2571428571428571,0.04225336948005622,685,I hope that's not your retirement nest egg.
3713,1886,3,30,107,140,1.2571428571428571,0.041019170024506085,685,I asked for a yoga ball.
3102,1886,5,26,109,140,1.2571428571428571,0.043452527605847675,685,"The egg came first, we don't know what's next."
2952,1886,5,26,109,140,1.2571428571428571,0.043452527605847675,685,Call them 'big chicken' enough and they really take it to heart.
2892,1886,2,32,106,140,1.2571428571428571,0.03974666510011288,685,He says it’s a Dragon Egg and that he is Father of Dragons?
2830,1886,5,26,109,140,1.2571428571428571,0.043452527605847675,685,Herb's been hatching a new retirement plan.
2705,1886,5,26,109,140,1.2571428571428571,0.043452527605847675,685,He was the winner at his company for the biggest blunder of the year.
2694,1886,3,30,107,140,1.2571428571428571,0.041019170024506085,685,"You're no Horton, Fred."
2429,1886,6,24,110,140,1.2571428571428571,0.04461946972181272,685,Al's afraid of going the doctor because it might be a hemorrhoid.
3236,1886,4,28,108,140,1.2571428571428571,0.04225336948005622,685,Is it poaching season?
3857,1886,3,30,107,140,1.2571428571428571,0.041019170024506085,685,The most disturbing thing was how it just popped out of him.
4725,1886,7,22,111,140,1.2571428571428571,0.04575666073015567,685,You should have heard him scream when he laid that thing!
3895,1886,1,34,105,140,1.2571428571428571,0.03843204995393458,685,Let’s hatch a plan for dinner
5204,1886,5,26,109,140,1.2571428571428571,0.043452527605847675,685,Just because it's 'modern' doesn't mean it's not 'stupid'.
5157,1886,4,28,108,140,1.2571428571428571,0.04225336948005622,685,It's a Stability Egg.
5118,1886,7,22,111,140,1.2571428571428571,0.04575666073015567,685,We used the other eleven eggs to make a really big omelet
5026,1886,7,22,111,140,1.2571428571428571,0.04575666073015567,685,Something looks off about that love seat
4943,1886,2,32,106,140,1.2571428571428571,0.03974666510011288,685,Those are only $5 at Costco!
1798,1886,4,28,108,140,1.2571428571428571,0.04225336948005622,685,"I tell him he's not a penguin, but he still thinks this will get him out of doing his share of house keeping."
4938,1886,2,32,106,140,1.2571428571428571,0.03974666510011288,685,It's all about the Egg-secution
4911,1886,5,26,109,140,1.2571428571428571,0.043452527605847675,685,I always knew you were a chicken.
4824,1886,3,30,107,140,1.2571428571428571,0.041019170024506085,685,"Stanley, get back in your shell."
4751,1886,5,26,109,140,1.2571428571428571,0.043452527605847675,685,His financial advisor told him they could hatch a plan to get rich.
4714,1886,5,26,109,140,1.2571428571428571,0.043452527605847675,685,This is his excuse for not taking me out to dinner.
4105,1886,7,22,111,140,1.2571428571428571,0.04575666073015567,685,It's a plot.
4101,1886,3,30,107,140,1.2571428571428571,0.041019170024506085,685,I hope you want chicken for dinner.
3957,1886,5,26,109,140,1.2571428571428571,0.043452527605847675,685,Alpha male booster ball .Only  $9.99
3935,1886,4,28,108,140,1.2571428571428571,0.04225336948005622,685,He says he's henpecked.
3893,1886,7,22,111,140,1.2571428571428571,0.04575666073015567,685,He just couldn't get out of the old bean bag chair anymore.
1770,1886,6,24,110,140,1.2571428571428571,0.04461946972181272,685,Don't tell me you ran out of hemorrhoid cream already.
942,1886,4,28,108,140,1.2571428571428571,0.04225336948005622,685,Hope you fall over easy on that thing Henry.
1541,1886,5,26,109,140,1.2571428571428571,0.043452527605847675,685,Please don’t egg him on.
31,1886,4,28,108,140,1.2571428571428571,0.04225336948005622,685,I’m letting him live out his babysitter fantasy.
146,1886,2,32,106,140,1.2571428571428571,0.03974666510011288,685,He acts like he’ s on top of the world.
223,1886,4,28,108,140,1.2571428571428571,0.04225336948005622,685,He kept complaining that the butterfly chair was too hard to get out of.
238,1886,5,26,109,140,1.2571428571428571,0.043452527605847675,685,Charles has become a bit Egg-Centric of late”.
349,1886,5,26,109,140,1.2571428571428571,0.043452527605847675,685,He insists it is ours but I heard the cuckoo calling.
508,1886,5,26,109,140,1.2571428571428571,0.043452527605847675,685,He said in his PhD dissertation this would hatch within two years...that was 34 years ago.
543,1886,4,28,108,140,1.2571428571428571,0.04225336948005622,685,They say it’s good for the core
622,1886,8,20,112,140,1.2571428571428571,0.04686626637671682,685,James thinks that he was a penguin in a past life.
1629,1886,3,30,107,140,1.2571428571428571,0.041019170024506085,685,He is on a roll!
731,1886,3,30,107,140,1.2571428571428571,0.041019170024506085,685,Abner is a stay at home Dad
656,1886,3,30,107,140,1.2571428571428571,0.041019170024506085,685,He's been binge-watching Nature on PBS.
812,1886,4,28,108,140,1.2571428571428571,0.04225336948005622,685,Harold takes being a feminist ally very seriously.
973,1886,3,30,107,140,1.2571428571428571,0.041019170024506085,685,He keeps insisting he is hatching an idea to make us rich.
1011,1886,3,30,107,140,1.2571428571428571,0.041019170024506085,685,He’s always had maternal instincts.
1046,1886,6,24,110,140,1.2571428571428571,0.04461946972181272,685,I do the night shift
1148,1886,5,26,109,140,1.2571428571428571,0.043452527605847675,685,What can I say?  I married a schmuck.
1270,1886,7,22,111,140,1.2571428571428571,0.04575666073015567,685,His doctor told him to exercise more so he borrowed our son's exercise ball.  Too bad he doesn't know how to use it.
1456,1886,5,26,109,140,1.2571428571428571,0.043452527605847675,685,He's just still brooding.
1489,1886,5,26,109,140,1.2571428571428571,0.043452527605847675,685,He's protecting our nest egg from bad hombres.
1523,1886,2,32,106,140,1.2571428571428571,0.03974666510011288,685,It's good for his posture.
771,1886,4,28,108,140,1.2571428571428571,0.04225336948005622,685,“Bird-witted in deed.”
3523,1945,6,25,113,144,1.2569444444444444,0.04379364598089652,685,Egg?  My no.  Leonard has world class hemorrhoids.  He's in 14 text books.
1410,1945,5,27,112,144,1.2569444444444444,0.042670344868245405,685,Ed has always nurtured a huge sense of entitlement.
2175,1945,7,23,114,144,1.2569444444444444,0.04488884633653656,685,I keep telling him it's nothing like childbirth.
3292,1945,7,23,114,144,1.2569444444444444,0.04488884633653656,685,"I want to celebrate you for this."""
3311,1945,5,27,112,144,1.2569444444444444,0.042670344868245405,685,He claims its hemorroids.
4190,1945,4,29,111,144,1.2569444444444444,0.04151666212558399,685,I told you to stop egging him on.
84,1945,6,25,113,144,1.2569444444444444,0.04379364598089652,685,"I would describe our nest egg as solid, but not comfortable."
394,1945,4,29,111,144,1.2569444444444444,0.04151666212558399,685,He likes to feel tall.
498,1953,4,30,114,148,1.2567567567567568,0.04081539481055208,685,Hours before the well known “wall incident”.
3891,1954,5,25,107,137,1.2554744525547445,0.04399197431622221,685,We will take turns if it's taking time to hatch.
663,1955,10,16,115,141,1.2553191489361701,0.04869550087415568,685,"He's still trying to settle the age-old dilemma of which came first, the chicken or--you know--and swears this dropped in from Mars.  I think I've got a solid case for locking him up finally. You call them on your phone, cuz he's watching me."
1400,1955,5,26,110,141,1.2553191489361701,0.043181780792555385,685,The worst part is when he goes to the bathroom on the windshield.
2369,1955,4,28,109,141,1.2553191489361701,0.04199225011621295,685,He got it online now he’s convinced he’s going to be the father of dragons
2507,1955,6,24,111,141,1.2553191489361701,0.04433941040440235,685,You call that a nest?
2813,1955,7,22,112,141,1.2553191489361701,0.04546757567326129,685,"See, I told you he was an egghead."
3210,1955,7,22,112,141,1.2553191489361701,0.04546757567326129,685,Looks like more than one bird for Thanksgiving.
1374,1955,6,24,111,141,1.2553191489361701,0.04433941040440235,685,You should have seen him BEFORE the orchiectomy.
3551,1955,6,24,111,141,1.2553191489361701,0.04433941040440235,685,Virgil’s bean bag has taken on a life of its own.
3445,1955,6,24,111,141,1.2553191489361701,0.04433941040440235,685,I get it. You're hatching some grand scheme!
847,1964,5,27,113,145,1.2551724137931035,0.042412079833322056,685,Still not a substitute for an IRA.
285,1965,2,30,102,134,1.2537313432835822,0.040597278973574756,685,"Well just where is this mayzie bird then, huh?"
1610,1966,2,31,105,138,1.2536231884057971,0.039916333480218655,685,That look a lot like my egg!!
1691,1966,3,29,106,138,1.2536231884057971,0.041220143149933636,685,"Dad, that's not as intimidating as you think."
2225,1966,4,27,107,138,1.2536231884057971,0.042483958432542705,685,"Overdoing it as usual,Humpty?"
2347,1966,5,25,108,138,1.2536231884057971,0.04371124851677211,685,"But, Gary, you have to let it go! It's a Secret Santa present for Daenerys!"
2441,1966,5,25,108,138,1.2536231884057971,0.04371124851677211,685,I told you to stop swallowing your gum.
1324,1966,4,27,107,138,1.2536231884057971,0.042483958432542705,685,I always said he was a chicken.
1448,1966,6,23,109,138,1.2536231884057971,0.044905008291859914,685,Harry’s trying to hatch his latest invention.
2659,1966,5,25,108,138,1.2536231884057971,0.04371124851677211,685,We're canceling the gender-reveal party so we can focus on finding hiding places.
2690,1966,4,27,107,138,1.2536231884057971,0.042483958432542705,685,I'm tired of always being on the edge of my seat.
3291,1966,5,25,108,138,1.2536231884057971,0.04371124851677211,685,It's good for his back.
2807,1966,4,27,107,138,1.2536231884057971,0.042483958432542705,685,He’s always on the ball.
2886,1966,5,25,108,138,1.2536231884057971,0.04371124851677211,685,Forget the bubble. I’m more impressed with the chewing.
1470,1966,4,27,107,138,1.2536231884057971,0.042483958432542705,685,Isn't a pile that big painful?
1412,1966,6,23,109,138,1.2536231884057971,0.044905008291859914,685,It use to be our nest egg. Now its' filled with empty dreams.
4544,1966,6,23,109,138,1.2536231884057971,0.044905008291859914,685,"To tell you the truth, I'm getting sick of omelettes."
2895,1966,4,27,107,138,1.2536231884057971,0.042483958432542705,685,He's done this ever since our youngest left for college.
3459,1966,4,27,107,138,1.2536231884057971,0.042483958432542705,685,"Herb, I know you are out of work, but I think you can find a better way to pass the time."
4338,1966,2,31,105,138,1.2536231884057971,0.039916333480218655,685,He’s brooding because he paid too much for it.
4723,1966,2,31,105,138,1.2536231884057971,0.039916333480218655,685,"He can't accept that we're empty nesters."""
4940,1966,7,21,110,138,1.2536231884057971,0.046067844452383516,685,"Hold on, I think he's searching for the button to make it vibrate."
4281,1966,6,23,109,138,1.2536231884057971,0.044905008291859914,685,"Are you sure your Christmas turkey will be the biggest this year?"""
4143,1966,9,17,112,138,1.2536231884057971,0.04830961951912884,685,It's just a loaner until we get the crack fixed in the old one.
5145,1966,4,27,107,138,1.2536231884057971,0.042483958432542705,685,I love this chair but it only works on the spring equinox
3640,1966,4,27,107,138,1.2536231884057971,0.042483958432542705,685,Well what are you going to sit on after breakfast?
5258,1966,2,31,105,138,1.2536231884057971,0.039916333480218655,685,I’m shocked that he’s even heard of cultural appropriation.
5283,1966,5,25,108,138,1.2536231884057971,0.04371124851677211,685,He figures it's the safest way to guard our nest egg
3854,1966,3,29,106,138,1.2536231884057971,0.041220143149933636,685,"After our cruise to Antarctica, Howard decided to help out more."
3873,1966,6,23,109,138,1.2536231884057971,0.044905008291859914,685,In a couple of weeks we're having a gender reveal party -- not for the egg but for Albert.
1110,1966,8,19,111,138,1.2536231884057971,0.04720204249061685,685,He says it's his triumph of hope over the tyranny of despair. I say he doesn't want to clean the cat's litter box.
3218,1966,3,29,106,138,1.2536231884057971,0.041220143149933636,685,That’s the way to lay an egg.
4071,1996,6,24,112,142,1.2535211267605635,0.04406275403227522,685,"That's nice Harold, but you should really get a job."
3175,1997,7,25,122,154,1.2532467532467533,0.042780938132409324,685,I'm method acting for the role of Humpty Dumpty.
2856,1998,2,30,103,135,1.2518518518518518,0.040339244826054645,685,"This one is from ""egg of the year"" club."
3353,1998,6,22,107,135,1.2518518518518518,0.04549162506649493,685,"Hopefully, a turkey will come out before 2020 Thanksgiving"
3338,1998,4,26,105,135,1.2518518518518518,0.042992689054808644,685,Reginald has become a lot more broody lately.
3331,1998,6,22,107,135,1.2518518518518518,0.04549162506649493,685,That's actually a very unique and expensive piece by Damien Hirst I acquired in the mid 90s -CAN YOU NOT SIT ON IT  GRAHAM?!
3325,1998,5,24,106,135,1.2518518518518518,0.04425979701350884,685,Have you tried icing them?
3230,1998,4,26,105,135,1.2518518518518518,0.042992689054808644,685,Never knew anyone with a bigger nest egg.
3200,1998,7,20,108,135,1.2518518518518518,0.046690965621885495,685,Do you want to stay for dinner? The chicken we cooked could feed a village.
3169,1998,4,26,105,135,1.2518518518518518,0.042992689054808644,685,Our new bean bag chair only reacts to “hot air.“
3140,1998,7,20,108,135,1.2518518518518518,0.046690965621885495,685,He saw it in House Beautiful.
3135,1998,3,28,104,135,1.2518518518518518,0.041687084242603485,685,I'm just trying to understand the whole 'ovulation' thing.
3130,1998,3,28,104,135,1.2518518518518518,0.041687084242603485,685,"I don't know Ethel, is this really better than that old recliner?"
3119,1998,2,30,103,135,1.2518518518518518,0.040339244826054645,685,Egg chairs are the future.
3071,1998,5,24,106,135,1.2518518518518518,0.04425979701350884,685,He’s trying to get our nest egg to hatch so we can retire.
3038,1998,6,22,107,135,1.2518518518518518,0.04549162506649493,685,Eggzactly what is he trying to prove?
2961,1998,5,24,106,135,1.2518518518518518,0.04425979701350884,685,"Bob wanted a really big, from-scratch Thanksgiving this year."
2950,1998,6,22,107,135,1.2518518518518518,0.04549162506649493,685,I guess that will be this year Thanksgiving dinner?
2938,1998,5,24,106,135,1.2518518518518518,0.04425979701350884,685,That's what happens when you never leave the nest
5107,1998,4,26,105,135,1.2518518518518518,0.042992689054808644,685,Don't start rocking again.
2819,1998,6,22,107,135,1.2518518518518518,0.04549162506649493,685,At least it doesn’t require surgery like last year’s kangaroo fantasy.
2712,1998,5,24,106,135,1.2518518518518518,0.04425979701350884,685,He says he just found it.
2656,1998,2,30,103,135,1.2518518518518518,0.040339244826054645,685,How long before it hatches?
2603,1998,2,30,103,135,1.2518518518518518,0.040339244826054645,685,"Okay, Frank. What kind of plan are you hatching this time?"
2576,1998,3,28,104,135,1.2518518518518518,0.041687084242603485,685,He got it at “GOOP”. Apparently everyone in Hollywood has one.
2545,1998,5,24,106,135,1.2518518518518518,0.04425979701350884,685,The Emu promised Jim she'll be back before it hatches
2503,1998,2,30,103,135,1.2518518518518518,0.040339244826054645,685,The salesman said its Drogon's cousin.
2478,1998,5,24,106,135,1.2518518518518518,0.04425979701350884,685,"Well, he certainly is no egghead."
3365,1998,6,22,107,135,1.2518518518518518,0.04549162506649493,685,"So, remind me the mothers' species again?"
2424,1998,7,20,108,135,1.2518518518518518,0.046690965621885495,685,In vitro fertilization didn't work.
3450,1998,3,28,104,135,1.2518518518518518,0.041687084242603485,685,Preparation H isn’t covered by his supplemental.
4921,1998,5,24,106,135,1.2518518518518518,0.04425979701350884,685,I suggested adopting a child but he insisted.
4748,1998,5,24,106,135,1.2518518518518518,0.04425979701350884,685,Harold worries a lot about our retirement.
4708,1998,5,24,106,135,1.2518518518518518,0.04425979701350884,685,The shrink thinks it's because we're empty nesters.
4696,1998,5,24,106,135,1.2518518518518518,0.04425979701350884,685,"Even if you can hatch it, this building doesn't allow pets so you'll have to move."
4598,1998,6,22,107,135,1.2518518518518518,0.04549162506649493,685,He's an ostrich surrogate!
4530,1998,7,20,108,135,1.2518518518518518,0.046690965621885495,685,I asked him for a decision three years ago and he said that he would  sit on it. He's been there ever since.
4500,1998,3,28,104,135,1.2518518518518518,0.041687084242603485,685,Ever since he watched that penguin documentary.
4396,1998,7,20,108,135,1.2518518518518518,0.046690965621885495,685,He's volunteering with the Natural History Museum.
4367,1998,4,26,105,135,1.2518518518518518,0.042992689054808644,685,Howard is thinking about transitioning.
4361,1998,5,24,106,135,1.2518518518518518,0.04425979701350884,685,His doctor diagnosed him with OCD - Ostrich Complex Disorder.
4835,1998,5,24,106,135,1.2518518518518518,0.04425979701350884,685,Even my Mom thinks this is the stupidest gender reveal party ever.
4872,1998,3,28,104,135,1.2518518518518518,0.041687084242603485,685,"So . . . the yolk isn't on you, then?"
4217,1998,5,24,106,135,1.2518518518518518,0.04425979701350884,685,Henry is so proud of the 'Good Egg' award he got on his forced retirement.
4092,1998,5,24,106,135,1.2518518518518518,0.04425979701350884,685,"All he needed to hear was ""just pay for shipping and handling"""
3927,1998,4,26,105,135,1.2518518518518518,0.042992689054808644,685,My husband Lenny insists on ruling the roost.
3909,1998,5,24,106,135,1.2518518518518518,0.04425979701350884,685,It started just after the Jurassic Park viewing...
3871,1998,2,30,103,135,1.2518518518518518,0.040339244826054645,685,He's very concerned about the stability of his retirement fund.
3863,1998,2,30,103,135,1.2518518518518518,0.040339244826054645,685,"I don't even care anymore, as long as he picks up his socks from the floor."
3817,1998,4,26,105,135,1.2518518518518518,0.042992689054808644,685,Yoga balls just keep getting bigger and bigger...
3794,1998,2,30,103,135,1.2518518518518518,0.040339244826054645,685,IT WAS BETTER BEFORE HE CAME OUT OF HIS SHELL
3746,1998,4,26,105,135,1.2518518518518518,0.042992689054808644,685,"Harry, that's going to work only if it is YOUR egg."
3725,1998,3,28,104,135,1.2518518518518518,0.041687084242603485,685,Frank likes his 3 minute eggs just so.
3598,1998,6,22,107,135,1.2518518518518518,0.04549162506649493,685,He just sits there appearing dumbfounded but I think he’s hatching a plan of some sort
3594,1998,1,32,102,135,1.2518518518518518,0.03894478596195944,685,That's our nest egg. Henry doesn't believe in banks.
3572,1998,2,30,103,135,1.2518518518518518,0.040339244826054645,685,Don’t coddle him.
3508,1998,4,26,105,135,1.2518518518518518,0.042992689054808644,685,"Whenever he has a setback, he broods."
3463,1998,4,26,105,135,1.2518518518518518,0.042992689054808644,685,"Harold, you're taking this whole 'nesting' idea too far."
2389,1998,2,30,103,135,1.2518518518518518,0.040339244826054645,685,His therapist thought it would get him in touch with his feminine side.
2289,1998,5,24,106,135,1.2518518518518518,0.04425979701350884,685,It's cheaper than a surrogate !
2275,1998,5,24,106,135,1.2518518518518518,0.04425979701350884,685,It's about time men took over that task!
736,1998,4,26,105,135,1.2518518518518518,0.042992689054808644,685,Hubert; are you trying to lose your federal job? There are no exceptions to the Hatch Act!
662,1998,4,26,105,135,1.2518518518518518,0.042992689054808644,685,"Don't  worry, we have no intention in poaching on your territory."
598,1998,4,26,105,135,1.2518518518518518,0.042992689054808644,685,"He was torn between joining a startup or an incubator, so..."
4779,1998,6,22,107,135,1.2518518518518518,0.04549162506649493,685,"''I know, it's stupid. I suggested a loveseat, but when George wants something, he gets it.''"
470,1998,6,22,107,135,1.2518518518518518,0.04549162506649493,685,"The kids left us with an empty nest, and he can't stop brooding on it."
444,1998,3,28,104,135,1.2518518518518518,0.041687084242603485,685,He just won't listen—the latest research suggests coddling.
390,1998,5,24,106,135,1.2518518518518518,0.04425979701350884,685,"Well, yes.  We’ve been wanting a child for a very long time."
367,1998,5,24,106,135,1.2518518518518518,0.04425979701350884,685,"You can’t keep blaming that smell on the dog, Harold.”"
326,1998,4,26,105,135,1.2518518518518518,0.042992689054808644,685,And is he always that eggocentric?
758,1998,6,22,107,135,1.2518518518518518,0.04549162506649493,685,It’s his favorite chair.
5141,1998,5,24,106,135,1.2518518518518518,0.04425979701350884,685,"Okay, you're proud of your chicken. Give it a rest."
187,1998,3,28,104,135,1.2518518518518518,0.041687084242603485,685,This eggistential crisis had him feeling shell-shocked.
173,1998,6,22,107,135,1.2518518518518518,0.04549162506649493,685,Harold's been brooding like that since I told him he read the instruction wrong.
79,1998,4,26,105,135,1.2518518518518518,0.042992689054808644,685,"We’re going public, Ruth. It’s called WeSit. It’s an incubator and a startup without footage or overhead."
46,1998,2,30,103,135,1.2518518518518518,0.040339244826054645,685,Neighbors buy them right away but once in a while he holds on one of them for a day or two.
34,1998,3,28,104,135,1.2518518518518518,0.041687084242603485,685,"Well, he's not quite faithful 100 percent..."
19,1998,3,28,104,135,1.2518518518518518,0.041687084242603485,685,It's more comfortable than it looks.
5200,1998,5,24,106,135,1.2518518518518518,0.04425979701350884,685,Just wait until he becomes an empty nester.
5292,1998,4,26,105,135,1.2518518518518518,0.042992689054808644,685,George just can't get used to being an empty nester.
5308,1998,2,30,103,135,1.2518518518518518,0.040339244826054645,685,You didn't know he is a playwright?
212,1998,3,28,104,135,1.2518518518518518,0.041687084242603485,685,"I thought it'd make a great omelet, but No, he had a better idea."
858,1998,5,24,106,135,1.2518518518518518,0.04425979701350884,685,He kept asking me what he should do with the egg and I finally told him.
537,1998,4,26,105,135,1.2518518518518518,0.042992689054808644,685,The doctor says it's the best way to deal with empty nest syndrome.
1269,1998,5,24,106,135,1.2518518518518518,0.04425979701350884,685,"We don't really have any other options. Last time we plugged in the incubator, every house on the block lost electricity."
2267,1998,7,20,108,135,1.2518518518518518,0.046690965621885495,685,"We know we're a little old to adopt, but at least it'll be fully grown by the time it arrives."
2122,1998,3,28,104,135,1.2518518518518518,0.041687084242603485,685,Our kids left us with an empty nest. But not for long.
2028,1998,4,26,105,135,1.2518518518518518,0.042992689054808644,685,You think this is big? You should have seen the chicken.
1996,1998,5,24,106,135,1.2518518518518518,0.04425979701350884,685,"I'm checking to see if Ed is faithful, 100%."
900,1998,2,30,103,135,1.2518518518518518,0.040339244826054645,685,Herb’s commitment to gender equity is unassailable.
1831,1998,6,22,107,135,1.2518518518518518,0.04549162506649493,685,"If it hatches, I won’t let him keep it in the house."
1760,1998,3,28,104,135,1.2518518518518518,0.041687084242603485,685,"Well, I better get rollin' on breakfast."
1757,1998,5,24,106,135,1.2518518518518518,0.04425979701350884,685,They said surgery's not an option ...
1742,1998,4,26,105,135,1.2518518518518518,0.042992689054808644,685,"I believe he is trying to tell us something but
isn't it supposed to be *walking* on egg shells?!"
1561,1998,2,30,103,135,1.2518518518518518,0.040339244826054645,685,He always starts brooding every time our Janey goes back to college.
1883,1998,4,26,105,135,1.2518518518518518,0.042992689054808644,685,He is trying to become “Father of Dragons”.
1469,1998,4,26,105,135,1.2518518518518518,0.042992689054808644,685,"Well, I’ll say this for Horton, he’s faithful."
1485,1998,4,26,105,135,1.2518518518518518,0.042992689054808644,685,I can't wait to see what Harry's going to hatch this time.
1284,1998,4,26,105,135,1.2518518518518518,0.042992689054808644,685,If that ever blows...we're in trouble.
1334,1998,4,26,105,135,1.2518518518518518,0.042992689054808644,685,The nesting instinct has always been strong in Wilbur's family.
1350,1998,4,26,105,135,1.2518518518518518,0.042992689054808644,685,He likes to keep an eye on our nest egg.
4827,1998,6,22,107,135,1.2518518518518518,0.04549162506649493,685,It's very Art Deco
1399,1998,5,24,106,135,1.2518518518518518,0.04425979701350884,685,He'll tell you it's a brontosaurus egg but it's really a speech bubble.
1415,1998,5,24,106,135,1.2518518518518518,0.04425979701350884,685,How much longer is the new chair on layaway?
1429,1998,5,24,106,135,1.2518518518518518,0.04425979701350884,685,Bird or reptile? As long as it’s healthy we will be happy.
1439,1998,2,30,103,135,1.2518518518518518,0.040339244826054645,685,Don't ask me how he got up there...
1371,1998,6,22,107,135,1.2518518518518518,0.04549162506649493,685,"Hey listen, it was 75% off."
2745,2103,8,19,112,139,1.2517985611510791,0.04689673819985177,685,Foreplay is different for every couple.
5286,2103,6,23,110,139,1.2517985611510791,0.04461810422546896,685,I don't know which of us is going to crack up first
2529,2103,2,31,106,139,1.2517985611510791,0.03967010923168176,685,Booby.  Hatching.
2522,2103,4,27,108,139,1.2517985611510791,0.042216660165913016,685,They are pregnant.
2431,2103,8,19,112,139,1.2517985611510791,0.04689673819985177,685,What do you think of my new live installation work? I’m calling it “Tiresome and Useless”
2396,2103,4,27,108,139,1.2517985611510791,0.042216660165913016,685,The ads said it'll hatch him a sex drive and purpose in life.
2307,2103,4,27,108,139,1.2517985611510791,0.042216660165913016,685,His therapist claims it will help with his irritable bowel syndrome.
2306,2103,6,23,110,139,1.2517985611510791,0.04461810422546896,685,It's his new fancy chair for hatching ideas
2259,2103,6,23,110,139,1.2517985611510791,0.04461810422546896,685,"Well truthfully, I didn't think the treatment for his empty nest syndrome would be so literal"
1843,2103,6,23,110,139,1.2517985611510791,0.04461810422546896,685,"A baby T-Rex is troubling enough, but it's his gender fluidity that really took me aback."
2682,2103,3,29,107,139,1.2517985611510791,0.04096317835579747,685,\He has OCD about his nest egg.
3341,2103,7,21,111,139,1.2517985611510791,0.045771602978594964,685,"Yeah, pretty good. Yourself?"
2969,2103,5,25,109,139,1.2517985611510791,0.043433982204254526,685,He says it helps him meditate...
3408,2103,4,27,108,139,1.2517985611510791,0.042216660165913016,685,Ever since Dave went to that meditation class he's cairried that thing around everywhere.
3645,2103,4,27,108,139,1.2517985611510791,0.042216660165913016,685,"I've told him to see a doctor, but he says he's comfortable living with it."
3751,2103,7,21,111,139,1.2517985611510791,0.045771602978594964,685,He refuses to get his Hemorrhoid checked.
3875,2103,3,29,107,139,1.2517985611510791,0.04096317835579747,685,Is there a yolk to this?
1669,2103,6,23,110,139,1.2517985611510791,0.04461810422546896,685,"No, really...it's the latest thing in furniture design!"
3912,2103,2,31,106,139,1.2517985611510791,0.03967010923168176,685,"What is it?""  ""A yoga egg...he can't seem to get it patented."
4033,2103,4,27,108,139,1.2517985611510791,0.042216660165913016,685,It's his idea of our retirement nest egg.
4048,2103,3,29,107,139,1.2517985611510791,0.04096317835579747,685,I think he's having an affair with a chicken.
4210,2103,5,25,109,139,1.2517985611510791,0.043433982204254526,685,You insist it's infertile yet you continue to sit on it.
4390,2103,6,23,110,139,1.2517985611510791,0.04461810422546896,685,"Lenny thinks he deserves a medal for being a stay at home dad, but all he does is sit around all day."
4648,2103,3,29,107,139,1.2517985611510791,0.04096317835579747,685,I thought i heard you!
4839,2103,3,29,107,139,1.2517985611510791,0.04096317835579747,685,Well thats one way to capture natural gas.
4869,2103,5,25,109,139,1.2517985611510791,0.043433982204254526,685,"Cheap bastard has never chipped into his nest egg, not once. Here I am at the end of my years and get Cracker Barrel on our anniversary? I'm gonna kill the deaf bastard Elsie, and your gonna help me, then we're gonna take that fuckin thing"
4879,2103,4,27,108,139,1.2517985611510791,0.042216660165913016,685,I still don't know which came first- the senility or the egg.
5146,2103,2,31,106,139,1.2517985611510791,0.03967010923168176,685,George is just hatching another bad idea.
3197,2103,2,31,106,139,1.2517985611510791,0.03967010923168176,685,I’ll order our marriage ‘over easy.’
3114,2103,3,29,107,139,1.2517985611510791,0.04096317835579747,685,He’s protecting our nest egg and it soothes his hemorrhoids.
2934,2103,4,27,108,139,1.2517985611510791,0.042216660165913016,685,Design Within Reach?
1365,2103,2,31,106,139,1.2517985611510791,0.03967010923168176,685,"All I said was, let's make a frittata for the brunch on Sunday"
2556,2103,5,25,109,139,1.2517985611510791,0.043433982204254526,685,"I say we make an omelette, but Harold wants to incubate it."
1352,2103,1,33,105,139,1.2517985611510791,0.0383334469086495,685,It's the latest in eggonomic design.
1210,2103,6,23,110,139,1.2517985611510791,0.04461810422546896,685,So they sold him a fake Egg Chair?
1139,2103,5,25,109,139,1.2517985611510791,0.043433982204254526,685,He's just making himself useful .
938,2103,3,29,107,139,1.2517985611510791,0.04096317835579747,685,Just think how I used to be so afraid he'd fly the coop.
676,2103,5,25,109,139,1.2517985611510791,0.043433982204254526,685,He saw March of the penguins last night
666,2103,2,31,106,139,1.2517985611510791,0.03967010923168176,685,Now he’ll only eat what he can hatch.
466,2103,4,27,108,139,1.2517985611510791,0.042216660165913016,685,"Quit your laying around, George."
452,2103,5,25,109,139,1.2517985611510791,0.043433982204254526,685,He wants to crack a yoke.
409,2103,5,25,109,139,1.2517985611510791,0.043433982204254526,685,Who knows what plan he is hatching now.
219,2103,2,31,106,139,1.2517985611510791,0.03967010923168176,685,Jim uses it to cope with the big empty nest.
60,2103,6,23,110,139,1.2517985611510791,0.04461810422546896,685,I egg him on because we are empty nesters.
1355,2103,3,29,107,139,1.2517985611510791,0.04096317835579747,685,He says it's our nest egg but I had to get rid of the nest.
3626,2148,5,26,112,143,1.2517482517482517,0.04264999541139124,685,His wife's been egging him on again.
932,2148,4,28,111,143,1.2517482517482517,0.041479260508742906,685,Henry...Come down off your damn dinosaur egg and join in the conversation!
3266,2150,3,34,122,159,1.251572327044025,0.03782199651049327,685,It only stands out because we used egg shell paint finish
460,2151,4,26,106,136,1.25,0.042715556140397404,685,He's hoping to clone himself
1339,2151,4,27,109,140,1.25,0.04195259890620108,685,It’s solid jade from the Ming dynasty and it vibrates.
1987,2151,3,28,105,136,1.25,0.0414208434789757,685,His financial advisor told him he needed a bigger nest egg.
3568,2151,6,25,117,148,1.25,0.04274438190247978,685,He's watched too many penguin movies.
3086,2151,4,26,106,136,1.25,0.042715556140397404,685,Don't be intimidated; we got it to help with his hemorrhoids.
3327,2151,3,28,105,136,1.25,0.0414208434789757,685,Is this some kind of a sick yoke?
126,2151,4,27,109,140,1.25,0.04195259890620108,685,Well lets just hope it does not take after him
3399,2151,4,27,109,140,1.25,0.04195259890620108,685,What did I tell you about incubating in the living room?
4582,2151,7,20,109,136,1.25,0.04638336040008698,685,"Well, it's certainly one way of coping with empty nest. Paul and I just went to the SPCA."
706,2151,3,29,108,140,1.25,0.040709281890814235,685,"For some reason, he wants me to call him Horton."
3721,2151,4,27,109,140,1.25,0.04195259890620108,685,"It's the plot for his next novel, but it hasn't fully developed yet."
5202,2151,6,23,111,140,1.25,0.044334753871226124,685,Frank has lost his IKEA privileges.
3879,2151,5,24,107,136,1.25,0.04397216390237215,685,"He's hatched several before, but never one quite this large."
615,2164,2,31,108,141,1.24822695035461,0.03918628821762796,685,He says this helps him get a bird's-eye view of the current political landscape.
2564,2165,7,20,110,137,1.2481751824817517,0.0460796977675794,685,"He read The Egg And I, and the rest is history."
2234,2165,7,20,110,137,1.2481751824817517,0.0460796977675794,685,We only know it's gonna be really cuddly or very deadly.
2075,2165,2,30,105,137,1.2481751824817517,0.039832493162901404,685,"One thing about George, he's always on the ball!"
5155,2165,8,18,111,137,1.2481751824817517,0.04723008313889821,685,"So, Lou, has the new eggonomic chair helped at all?"
3484,2165,6,22,109,137,1.2481751824817517,0.04489984787719984,685,"Even if it does hatch, I'm not feeding it, and I'm DEFINITELY not cleaning up after it."
2999,2165,5,24,108,137,1.2481751824817517,0.043688146360768294,685,Frank is afraid our nest egg will crack open and nothing will be inside.
5209,2165,5,24,108,137,1.2481751824817517,0.043688146360768294,685,"On the plus side, he's much more maternal lately."
4191,2165,3,28,106,137,1.2481751824817517,0.041157863386336785,685,"Please, ladies, let me eggsplain..."
4205,2165,3,28,106,137,1.2481751824817517,0.041157863386336785,685,It happens every time he tries
4375,2165,4,26,107,137,1.2481751824817517,0.04244186524511072,685,He never planned ahead a day in his life.
4507,2165,4,26,107,137,1.2481751824817517,0.04244186524511072,685,"It's from the new Brâncuși furniture collection. The chair works okay, but it's hard to serve a well-balanced meal on our new kitchen table."
1563,2165,4,26,107,137,1.2481751824817517,0.04244186524511072,685,He got it in Ecuador.
5246,2165,4,26,107,137,1.2481751824817517,0.04244186524511072,685,He ha accumulated quite a Nest Egg  for retirement.
4669,2165,5,24,108,137,1.2481751824817517,0.043688146360768294,685,I don’t think this is the right solution for empty-nest depression.
4746,2165,6,22,109,137,1.2481751824817517,0.04489984787719984,685,"After December 2007, he closed all his bank accounts."
5005,2165,3,28,106,137,1.2481751824817517,0.041157863386336785,685,I think he's trying to keep on the sunny side.
5132,2165,4,26,107,137,1.2481751824817517,0.04244186524511072,685,Use a coaster.
2599,2165,5,24,108,137,1.2481751824817517,0.043688146360768294,685,"Obviously, Charlie wasn’t really listening when our financial advisor talked about a nest egg."
1314,2165,6,22,109,137,1.2481751824817517,0.04489984787719984,685,Push me. I dare ya!
4574,2165,6,22,109,137,1.2481751824817517,0.04489984787719984,685,"He insists it's for his core, but I still say it's the elephant in the room"
863,2165,5,24,108,137,1.2481751824817517,0.043688146360768294,685,"I should have left him years ago, but I need the eggs."
725,2165,4,26,107,137,1.2481751824817517,0.04244186524511072,685,He’s about to crack.
643,2165,5,24,108,137,1.2481751824817517,0.043688146360768294,685,"You know it's not a real egg, right?"
489,2165,5,24,108,137,1.2481751824817517,0.043688146360768294,685,"He says he won't come down until I call him ""Your Eggcelency"" like I mean it."
245,2165,4,26,107,137,1.2481751824817517,0.04244186524511072,685,"Well, it'll never hatch if you sit like that."
979,2165,5,24,108,137,1.2481751824817517,0.043688146360768294,685,"He spoke to our financial advisor on the phone. Now he just keeps repeating, “Read the transcript. It was a perfect call”."
435,2191,1,31,101,133,1.2481203007518797,0.03907977574022599,685,I have to say our nest egg has certainly grown since Herb decided to invest his time with it.
350,2191,4,25,104,133,1.2481203007518797,0.04323184441548373,685,And all these years I thought he was an egg head.
279,2191,2,29,102,133,1.2481203007518797,0.04051111006204472,685,He thinks it'll help him hatch a new business plan.
1678,2191,7,19,107,133,1.2481203007518797,0.047018675770621486,685,I didn't need another egg but the man came with it.
1710,2191,1,31,101,133,1.2481203007518797,0.03907977574022599,685,He claims we're unequally yoked.
2058,2191,4,25,104,133,1.2481203007518797,0.04323184441548373,685,He thinks he’s sitting on top of the world.”
2370,2191,4,25,104,133,1.2481203007518797,0.04323184441548373,685,You're not Humpty Dumpty!!!
2386,2191,4,25,104,133,1.2481203007518797,0.04323184441548373,685,Ever since Ancestry.com told him he was related to Humpty Dumpty...
3741,2191,2,29,102,133,1.2481203007518797,0.04051111006204472,685,He always wanted to be a comedian but could never quite get the delivery right.
2574,2191,5,23,105,133,1.2481203007518797,0.04452991733786778,685,John's nest egg is a BIG part of our retirement.
629,2191,3,27,103,133,1.2481203007518797,0.041893569972154994,685,Have you guys considered adopting?
3781,2191,5,23,105,133,1.2481203007518797,0.04452991733786778,685,So that’s how you built your nest egg...
4239,2191,3,27,103,133,1.2481203007518797,0.041893569972154994,685,It helps him hatch ideas.
2509,2191,2,29,102,133,1.2481203007518797,0.04051111006204472,685,Harry believes he can do anything he sets his mind to.
1471,2191,3,27,103,133,1.2481203007518797,0.041893569972154994,685,We met with our financial adviser this morning. Bob's trying to grow our nest egg.
2016,2206,3,30,113,146,1.2465753424657535,0.039555446319679236,685,"I told you she was no good, leaving him to take care of the egg all my himself!"
776,2207,4,27,111,142,1.2464788732394365,0.041433965788443806,685,Take care with the nest egg that's community property.
2365,2208,2,30,106,138,1.2463768115942029,0.03958367147959845,685,"Marge, get the big frying pan. We're gonna make a hell of an omelet!
And George, start working on another one.  We can feed the neighbors too."
4362,2208,5,24,109,138,1.2463768115942029,0.04340767923070482,685,"He’s hoping when it hatches, it’ll see him as its mother."
3493,2208,4,26,108,138,1.2463768115942029,0.04217155550129456,685,Why Herbert thinks he can hatch it I'll never understand
2008,2211,5,23,106,134,1.2462686567164178,0.04423512630593346,685,He wants to try this before paying for in-vitro.
3970,2211,7,19,108,134,1.2462686567164178,0.04670319154586742,685,"Phil, have you been swallowing your bubblegum again?"""
3660,2211,7,19,108,134,1.2462686567164178,0.04670319154586742,685,So then he decided to put all his baskets in one egg.
1395,2211,8,17,109,134,1.2462686567164178,0.047889549498862795,685,He gives new meaning to 'empty nester'
4206,2211,3,27,104,134,1.2462686567164178,0.04162096464564211,685,"Its his retirement ""Nest Egg""."
5314,2211,4,25,105,134,1.2462686567164178,0.042947939981654984,685,He's very broody these days.
4893,2217,4,24,102,130,1.2461538461538462,0.043766522170656255,685,He should treat that with preparation H
5234,2217,3,26,101,130,1.2461538461538462,0.04238216462779693,685,He feels it's his responsibility after running over that T.rex.
773,2217,4,24,102,130,1.2461538461538462,0.043766522170656255,685,The bean bag chair mutated when we microwaved it for warmth.
1963,2220,6,24,117,147,1.2448979591836735,0.04272848347675213,685,We find its the best way to control his flatulence.
4352,2221,4,27,112,143,1.2447552447552448,0.041179286026284054,685,When we met Lloyd assured me that he was sitting on a nest egg for us.
5028,2222,5,24,110,139,1.2446043165467626,0.04313069881830356,685,He claims his chair is egg-onomic.
4314,2223,1,31,103,135,1.2444444444444445,0.038585645467138656,685,When's the hatch date?
4002,2223,3,27,105,135,1.2444444444444445,0.04135176749720385,685,"No, we don't want to no the sex...
or the species ."
769,2223,3,27,105,135,1.2444444444444445,0.04135176749720385,685,"He got that at Bed, Bath & Emus."
3241,2226,3,26,102,131,1.2442748091603053,0.042099347106901504,685,Have you considered rolling over your assets?
3455,2226,4,24,103,131,1.2442748091603053,0.043471770597983204,685,"Georges friend said that she'd be back any minute, but that seems like ages ago."
3560,2226,3,26,102,131,1.2442748091603053,0.042099347106901504,685,We are NOT putting you back together again.
3676,2226,6,20,105,131,1.2442748091603053,0.046094191207963264,685,Try to ignore Frank -- the tiniest bit of attention just serves to egg him on.
3722,2226,5,22,104,131,1.2442748091603053,0.044802172391748794,685,He’s hoping for a boy!
5243,2226,3,26,102,131,1.2442748091603053,0.042099347106901504,685,"Sadly,  Harold misunderstood the concept of nest egg."
3183,2226,5,22,104,131,1.2442748091603053,0.044802172391748794,685,"Now, he's even got Humpty Dumpty wrong."
3110,2226,6,20,105,131,1.2442748091603053,0.046094191207963264,685,"I think he's approaching the tech incubator thing all wrong"""
3034,2226,6,20,105,131,1.2442748091603053,0.046094191207963264,685,This is his version of DIY Hatchimals ...
3030,2226,2,28,101,131,1.2442748091603053,0.040680649143432744,685,What's up your ass?
2739,2226,6,20,105,131,1.2442748091603053,0.046094191207963264,685,I just wanted to scramble things up.
2667,2226,1,30,100,131,1.2442748091603053,0.03921065419799541,685,They assign a larger egg in grad school.
2524,2226,4,24,103,131,1.2442748091603053,0.043471770597983204,685,"Oh, my gawd, Henry, you've got to see a doctor."
2342,2226,5,22,104,131,1.2442748091603053,0.044802172391748794,685,"You know, he only does this once a week, every Wednesday."
3192,2226,4,24,103,131,1.2442748091603053,0.043471770597983204,685,I hear they used an egg donor.
3729,2226,2,28,101,131,1.2442748091603053,0.040680649143432744,685,Howard is hoping it’s a mastodon
4651,2226,4,24,103,131,1.2442748091603053,0.043471770597983204,685,"Well, Dave sure got into that penguin documentary."
4167,2226,5,22,104,131,1.2442748091603053,0.044802172391748794,685,"Herb, honey, we're pretty sure she's never coming back."
4408,2226,2,28,101,131,1.2442748091603053,0.040680649143432744,685,"A beanbag chair needs less structure, dear."
4441,2226,6,20,105,131,1.2442748091603053,0.046094191207963264,685,"THATS NOT AN EGG

THATS THE REASON WHY WE DONT  SWALLOW BUBBLE GUM"
4492,2226,5,22,104,131,1.2442748091603053,0.044802172391748794,685,We have a new financial planner.
4621,2226,5,22,104,131,1.2442748091603053,0.044802172391748794,685,It helps with his social anxiety.
4654,2226,1,30,100,131,1.2442748091603053,0.03921065419799541,685,Difficult labor?
4672,2226,1,30,100,131,1.2442748091603053,0.03921065419799541,685,We're not ignoring it. Just waiting for it to hatch.
4857,2226,6,20,105,131,1.2442748091603053,0.046094191207963264,685,He's convinced that we should never be empty nesters.
4888,2226,4,24,103,131,1.2442748091603053,0.043471770597983204,685,We had to get a new one because the last one hatched.
2288,2226,6,20,105,131,1.2442748091603053,0.046094191207963264,685,"Syd's having a gender-identity crisis -- and I must say, a rather large one."
4950,2226,6,20,105,131,1.2442748091603053,0.046094191207963264,685,He's trying to get invited to our hen party.
4954,2226,5,22,104,131,1.2442748091603053,0.044802172391748794,685,"X-rays show it's a pterodactyl. But congratulations, Mr. Peterson, It's a boy!"
4961,2226,4,24,103,131,1.2442748091603053,0.043471770597983204,685,Whose sitting on your nest egg?
5040,2226,4,24,103,131,1.2442748091603053,0.043471770597983204,685,The stork is offering same-day shipping to stay competitive.
3993,2226,4,24,103,131,1.2442748091603053,0.043471770597983204,685,That's just Harold. Always brooding.
2256,2226,6,20,105,131,1.2442748091603053,0.046094191207963264,685,"Had you over for coffee Vera, so you could see for yourself.  George laid an egg last night."
832,2226,4,24,103,131,1.2442748091603053,0.043471770597983204,685,I'm afraid Herbert has become overly attached to our nest egg.
1931,2226,6,20,105,131,1.2442748091603053,0.046094191207963264,685,"Marilyn, eventually, you'll have to quit egging him on!"
2229,2226,4,24,103,131,1.2442748091603053,0.043471770597983204,685,"Not the 'egg chair' we were expecting, but it was final sale."
342,2226,4,24,103,131,1.2442748091603053,0.043471770597983204,685,They’re both pickled.
352,2226,3,26,102,131,1.2442748091603053,0.042099347106901504,685,We'll wait to see if it hatches - before we pick out names.
376,2226,4,24,103,131,1.2442748091603053,0.043471770597983204,685,"I warned Harold, but did he listen to me! This is what sit down at home all day and be paid turns out to be."
602,2226,3,26,102,131,1.2442748091603053,0.042099347106901504,685,Leroy thought the ‘Nurture your nest egg by working from home’ part of the spiel was just a figure of speech.
756,2226,0,32,99,131,1.2442748091603053,0.03768335959728743,685,It's amazing the  results we get by keeping him warm and playing classical music.
775,2226,5,22,104,131,1.2442748091603053,0.044802172391748794,685,It started out as  just a little bump on the top of the egg.
779,2226,2,28,101,131,1.2442748091603053,0.040680649143432744,685,‘It’s what happens when you let a beanbag chair soak overnight.”
896,2226,4,24,103,131,1.2442748091603053,0.043471770597983204,685,Bob is practicing his stand-up routine again.
1017,2226,3,26,102,131,1.2442748091603053,0.042099347106901504,685,His analyst says it 's empty nest syndrome
1045,2226,2,28,101,131,1.2442748091603053,0.040680649143432744,685,he says he's hatching a plot
527,2226,8,16,107,131,1.2442748091603053,0.048575241505409726,685,Jim says that I don't make his eggs the way he likes them.
1496,2226,3,26,102,131,1.2442748091603053,0.042099347106901504,685,There are better ways to get in touch with your paternal instincts.
1237,2226,4,24,103,131,1.2442748091603053,0.043471770597983204,685,And remind me which came first. Was it Herb's aloofness or was it the egg?
1920,2226,1,30,100,131,1.2442748091603053,0.03921065419799541,685,"Oh, this is just Fred's way of bonding with feminism."
1912,2226,2,28,101,131,1.2442748091603053,0.040680649143432744,685,doesn't make you look any taller!
1830,2226,5,22,104,131,1.2442748091603053,0.044802172391748794,685,I’ve put him on an eggestal!
1868,2226,6,20,105,131,1.2442748091603053,0.046094191207963264,685,So here's the plan I just hatched.
1578,2226,5,22,104,131,1.2442748091603053,0.044802172391748794,685,I still think you should have that hemorrhoid looked at.
1518,2226,3,26,102,131,1.2442748091603053,0.042099347106901504,685,"Apparently, this is the new new thing for empty nesting."
1688,2226,5,22,104,131,1.2442748091603053,0.044802172391748794,685,"He's always talked about being a surrogate for an enormous bird, but he could never find the time."
4886,2282,6,22,112,140,1.2428571428571429,0.04403986395070219,685,"Have you picked out a name yet, or are you going to wait until it hatches?"
2828,2283,4,24,104,132,1.2424242424242424,0.04318085433421962,685,Since his prostate surgery he loves siting on his giant egg.
4152,2283,5,22,105,132,1.2424242424242424,0.044499961820624365,685,I figured the best way to keep Roger busy during retirement is to get him a Chernobyl Hatchery Kit.
5070,2283,4,24,104,132,1.2424242424242424,0.04318085433421962,685,"You don't even have enough warmth to incubate a hug, Hubert."
4545,2283,4,24,104,132,1.2424242424242424,0.04318085433421962,685,You should see how he hatches an idea.
2779,2283,3,26,103,132,1.2424242424242424,0.041820159732229155,685,This isn’t what we expected when we said you were a good egg!
1637,2283,3,26,103,132,1.2424242424242424,0.041820159732229155,685,What’s wrong? Is there something in my teeth?
848,2283,2,28,102,132,1.2424242424242424,0.040413677623117004,685,The doctor ordered six weeks of egg rest.
4069,2290,4,23,101,128,1.2421875,0.04401437800549532,685,"This only complicates the 'chicken or the egg' conversation."""
3517,2290,6,19,103,128,1.2421875,0.04672610045078247,685,"Well he won’t admit he likes it, but he does."
3681,2290,4,23,101,128,1.2421875,0.04401437800549532,685,"It's not his fault.  His mother called him a ""chicken shit"" all his life."
3654,2290,2,27,99,128,1.2421875,0.0411242322613401,685,On the other hand we get turkey for a year.
3674,2290,5,21,102,128,1.2421875,0.04539049423914243,685,"If you had gone to IKEA, they would have put it together for you."
3678,2290,3,25,100,128,1.2421875,0.04259382555192287,685,It’s a long wait till Easter!
3774,2290,4,23,101,128,1.2421875,0.04401437800549532,685,"He was tall, great with words, and very yellow, but nonetheless a deadbeat."
3905,2290,4,23,101,128,1.2421875,0.04401437800549532,685,"Our egg started shrinking when The New Yorker published that ""Ponzi State"" article that started the recession."
4047,2290,3,25,100,128,1.2421875,0.04259382555192287,685,Those breathing classes went out the window when he laid that one.
3980,2290,5,21,102,128,1.2421875,0.04539049423914243,685,"Eggcellent, eggsquisite, eggceptional - I've heard them all."
3940,2290,3,25,100,128,1.2421875,0.04259382555192287,685,When we were younger it was endearing but now it just reminds me of a hemorrhoid.
3579,2290,5,21,102,128,1.2421875,0.04539049423914243,685,"Ever since his retirement, Fred took up inventing.  That's his ""hatch-an-idea"" chair."
3515,2290,2,27,99,128,1.2421875,0.0411242322613401,685,Have you met Horton yet?
3177,2290,2,27,99,128,1.2421875,0.0411242322613401,685,Last week he hatched a wombat.
3410,2290,4,23,101,128,1.2421875,0.04401437800549532,685,"""He's upset that I cancelled the last step of the in vitro procedure."""
3376,2290,4,23,101,128,1.2421875,0.04401437800549532,685,"Harold, stop yolking around."
3372,2290,1,29,98,128,1.2421875,0.03960013867427302,685,Bill is really committed to carrying out the dying wishes of the dinosaur.
3271,2290,3,25,100,128,1.2421875,0.04259382555192287,685,"Frank, you have something in your teeth"
4109,2290,2,27,99,128,1.2421875,0.0411242322613401,685,He’s always hatching something or other.
3163,2290,4,23,101,128,1.2421875,0.04401437800549532,685,He won't retire until that nest egg hatches.
3047,2290,5,21,102,128,1.2421875,0.04539049423914243,685,Just two weeks til hatching and life gets back to normal.
2964,2290,1,29,98,128,1.2421875,0.03960013867427302,685,Your spouse has been extinct since this baby came.
2879,2290,3,25,100,128,1.2421875,0.04259382555192287,685,"Stop complaining, Horace!  I'm the one who laid it!"
2868,2290,4,23,101,128,1.2421875,0.04401437800549532,685,"Stanley, when we have company I wish you would stop brooding."
2737,2290,1,29,98,128,1.2421875,0.03960013867427302,685,"It helps him connect with his feminine side, while giving him the added height he craves."
2673,2290,0,31,97,128,1.2421875,0.03801499029276032,685,I hope I m not around when it hatches!
2653,2290,5,21,102,128,1.2421875,0.04539049423914243,685,And to think I once ate a 3-egg omelette...
3411,2290,4,23,101,128,1.2421875,0.04401437800549532,685,"I meant what I said, and I said what I meant. Get off that egg."
4141,2290,0,31,97,128,1.2421875,0.03801499029276032,685,It all started when he read about the empty nest syndrome
4764,2290,4,23,101,128,1.2421875,0.04401437800549532,685,‘The EGG! The EGG! But do you think he lifts a FINGA’ around here?
4145,2290,1,29,98,128,1.2421875,0.03960013867427302,685,He'll cash out after Jurassic Park goes public.
4925,2290,4,23,101,128,1.2421875,0.04401437800549532,685,I told him seven years ago not to swallow that gum.
4974,2290,5,21,102,128,1.2421875,0.04539049423914243,685,I work at an incubator
5072,2290,4,23,101,128,1.2421875,0.04401437800549532,685,Let’s just probe him until he cracks.
2645,2290,2,27,99,128,1.2421875,0.0411242322613401,685,DON'T say it. He knows he did.
5082,2290,1,29,98,128,1.2421875,0.03960013867427302,685,We have never been great at retirement planning.
5088,2290,5,21,102,128,1.2421875,0.04539049423914243,685,When he said he was worried about lay offs I was not expecting this.
5100,2290,4,23,101,128,1.2421875,0.04401437800549532,685,You really waiting for the king’s horses and men?
5126,2290,3,25,100,128,1.2421875,0.04259382555192287,685,I told him not to swallow all that chewing gum before eating all those beans!
5178,2290,5,21,102,128,1.2421875,0.04539049423914243,685,God knows what he's hatching this time...
5220,2290,3,25,100,128,1.2421875,0.04259382555192287,685,"Please don't brood about it, Albert"
5263,2290,3,25,100,128,1.2421875,0.04259382555192287,685,I really laid an egg last night.
5294,2290,3,25,100,128,1.2421875,0.04259382555192287,685,He always wanted to retire with a big egg nest.
5323,2290,3,25,100,128,1.2421875,0.04259382555192287,685,He's still my Gus. But he laid the golden egg.
4142,2290,4,23,101,128,1.2421875,0.04401437800549532,685,I told him he has to justify every purchase with a function.
5340,2290,4,23,101,128,1.2421875,0.04401437800549532,685,The financial adviser said we would have a huge nest egg and Jim is still in denial that we got swindled.
4801,2290,3,25,100,128,1.2421875,0.04259382555192287,685,I told him to go get that looked at by a doctor
4747,2290,2,27,99,128,1.2421875,0.0411242322613401,685,"David just loves irony.  Even though it's the lowest form of humor, it's the highest form of seating furniture."
4671,2290,3,25,100,128,1.2421875,0.04259382555192287,685,When should we tell him it's hard boiled?
4647,2290,2,27,99,128,1.2421875,0.0411242322613401,685,He is so considerate
4637,2290,4,23,101,128,1.2421875,0.04401437800549532,685,"Now that he's retired, he tries to help out in all the wrong ways..."
4532,2290,3,25,100,128,1.2421875,0.04259382555192287,685,It’s so mid-Jurassic modern.
4376,2290,5,21,102,128,1.2421875,0.04539049423914243,685,"He tried Preparation H but it got worse."""
4336,2290,6,19,103,128,1.2421875,0.04672610045078247,685,"I must say, it's a tough egg to crack."
4235,2290,3,25,100,128,1.2421875,0.04259382555192287,685,"'He wanted to work from home."""
4223,2290,1,29,98,128,1.2421875,0.03960013867427302,685,"I keep telling him T-Rex belong in the countryside, but he just won't listen."
4195,2290,3,25,100,128,1.2421875,0.04259382555192287,685,"Ornithology is interesting, but I think maybe Melvin needs to dial down his enthusiasm for his new hobby."
4187,2290,4,23,101,128,1.2421875,0.04401437800549532,685,"I know it looks damn silly, but Henry lost the bet and if he didn't honor his word, we'd never hear the end of it from my brother."
4163,2290,2,27,99,128,1.2421875,0.0411242322613401,685,It's his s-egg-way.
4830,2290,2,27,99,128,1.2421875,0.0411242322613401,685,I told you he laid around all day. This isn't the half of it.
2567,2290,2,27,99,128,1.2421875,0.0411242322613401,685,This is Harry's unique approach to bond through the centuries with Sisyphus.
4899,2290,4,23,101,128,1.2421875,0.04401437800549532,685,"Really dear, you're not a hen."
2488,2290,1,29,98,128,1.2421875,0.03960013867427302,685,"Well that's a change, usually he just spends the evening hatching schemes to get out of helping with the dinner dishes."
958,2290,5,21,102,128,1.2421875,0.04539049423914243,685,Donald says he has to keep it warm.
906,2290,5,21,102,128,1.2421875,0.04539049423914243,685,He's been like this ever since his last comedy routine.
893,2290,4,23,101,128,1.2421875,0.04401437800549532,685,He better take off as soon as that thing cracks open.
885,2290,2,27,99,128,1.2421875,0.0411242322613401,685,Don’t you think you’re carrying this empty-nester thing too far?
799,2290,0,31,97,128,1.2421875,0.03801499029276032,685,Looking like he's starting to slip--break out the omelet pans.
747,2290,4,23,101,128,1.2421875,0.04401437800549532,685,"Harold, this better not be a big yoke."
698,2290,1,29,98,128,1.2421875,0.03960013867427302,685,My biological clock stopped ticking long ago. You can tell your brother to give it up.
657,2290,7,17,104,128,1.2421875,0.04802457661863982,685,He's begun to realize that parenting starts before birth.
649,2290,6,19,103,128,1.2421875,0.04672610045078247,685,He's still sitting on his nest egg even though the house was paid off last year
587,2290,3,25,100,128,1.2421875,0.04259382555192287,685,Those Pop Art chairs from the 60's weren't designed to be comfortable
1127,2290,1,29,98,128,1.2421875,0.03960013867427302,685,He's been sitting on that idea for years.  I don't think he keeps it warm enough.
554,2290,2,27,99,128,1.2421875,0.0411242322613401,685,"No, we can’t just roll with it."
518,2290,6,19,103,128,1.2421875,0.04672610045078247,685,It’s the molting that’s the real problem.
397,2290,4,23,101,128,1.2421875,0.04401437800549532,685,One of his free range ostriches never came home so he feels obliged to surrogate parent until it hatches.
360,2290,3,25,100,128,1.2421875,0.04259382555192287,685,"He's already laid so many, it got literal."
351,2290,3,25,100,128,1.2421875,0.04259382555192287,685,"At first we had our nest egg in a 401(k), but now we just keep it here in the living room."
348,2290,2,27,99,128,1.2421875,0.0411242322613401,685,"I forget, what came first Carl or the egg?"
320,2290,1,29,98,128,1.2421875,0.03960013867427302,685,"So we settled for the cheaper option, the pea bag chair."
235,2290,4,23,101,128,1.2421875,0.04401437800549532,685,It gives him an excuse to get out of doing chores.
114,2290,4,23,101,128,1.2421875,0.04401437800549532,685,We're always fighting about it. I want a mega omelette; he wants mega nuggets.
18,2290,5,21,102,128,1.2421875,0.04539049423914243,685,Over easy or over hard?
2562,2290,6,19,103,128,1.2421875,0.04672610045078247,685,My proctologisr claims that Marvin has the largest Hemmerrhegg on record.
553,2290,4,23,101,128,1.2421875,0.04401437800549532,685,His thoughts don’t originate in his brain.
1168,2290,5,21,102,128,1.2421875,0.04539049423914243,685,We use a large vibrating egg.
503,2290,4,23,101,128,1.2421875,0.04401437800549532,685,He loves to brag that he’s living on his nest egg
1207,2290,6,19,103,128,1.2421875,0.04672610045078247,685,I wonder which came first?
1189,2290,5,21,102,128,1.2421875,0.04539049423914243,685,"I hate to tell you, but Mayzie bird's not coming back."
2479,2290,5,21,102,128,1.2421875,0.04539049423914243,685,"Well, George could not stand life as an nester"
2352,2290,3,25,100,128,1.2421875,0.04259382555192287,685,"Edna, pay attention!  Harry's up to no good. 
He's hatching something."
2312,2290,4,23,101,128,1.2421875,0.04401437800549532,685,We’ll be so happy when we have an empty nest.
2257,2290,3,25,100,128,1.2421875,0.04259382555192287,685,I think he's hatching a plan. It doesn't look good for us.
2249,2290,6,19,103,128,1.2421875,0.04672610045078247,685,You appear to be egging us on!
2180,2290,3,25,100,128,1.2421875,0.04259382555192287,685,I think he has taken this Paleo diet fad a bit too far!
2105,2290,3,25,100,128,1.2421875,0.04259382555192287,685,All I did was mention that I wish we'd had kids.
2086,2290,3,25,100,128,1.2421875,0.04259382555192287,685,Fred is a very patient man.
2067,2290,2,27,99,128,1.2421875,0.0411242322613401,685,The egg was here first.
2056,2290,4,23,101,128,1.2421875,0.04401437800549532,685,The question isn't why? It's what are we going to do with it when it hatches?
2235,2290,6,19,103,128,1.2421875,0.04672610045078247,685,"It's called ""Eggcercize  Right now he's working on his core, after it hatches it will chase him around for ""cardio""."
2031,2290,2,27,99,128,1.2421875,0.0411242322613401,685,It started when Jared and Anna left for college.
1803,2290,6,19,103,128,1.2421875,0.04672610045078247,685,"He wanted to try naturally, but we had to adopt."
1544,2290,5,21,102,128,1.2421875,0.04539049423914243,685,Just sit on it for nine months and see how you feel.
1492,2290,4,23,101,128,1.2421875,0.04401437800549532,685,The cast of his latest Broadway production sent it over.
1239,2290,1,29,98,128,1.2421875,0.03960013867427302,685,He thinks if it hatches he'll get time off work.
1437,2290,4,23,101,128,1.2421875,0.04401437800549532,685,It’s called a ‘Nest Egg.’ They’re very hard to get.
2055,2290,3,25,100,128,1.2421875,0.04259382555192287,685,"If he breaks that thing, he’ll be doing the clean-up."
1266,2290,4,23,101,128,1.2421875,0.04401437800549532,685,How long must we wait for this gender reveal?
1406,2290,1,29,98,128,1.2421875,0.03960013867427302,685,"So, which came first--the husband or the egg?"
1401,2290,3,25,100,128,1.2421875,0.04259382555192287,685,The best-laid plans go awry.
2716,2401,1,27,92,120,1.2416666666666667,0.040988885104958954,685,So that's a nest egg!
855,2402,4,20,92,116,1.2413793103448276,0.046818879146703046,685,"Well, turns out it’s a pear. Not an egg."
3199,2403,3,26,104,133,1.2406015037593985,0.04154453635293475,685,I keep telling him this is not how business incubators work.
841,2403,3,26,104,133,1.2406015037593985,0.04154453635293475,685,"He can't get down off a duck, either."
866,2403,2,28,103,133,1.2406015037593985,0.04015006020204168,685,I'll be so glad when the car is fixed.
5206,2403,6,20,107,133,1.2406015037593985,0.04547210134179587,685,"It's an egg, Larry. Not a yoga ball."
4963,2403,4,24,105,133,1.2406015037593985,0.042893701954168785,685,"After this one we have the house to ourselves, finally."
4849,2403,5,22,106,133,1.2406015037593985,0.044201706232744095,685,It's his boomer nest-egg. He's hiding it from the kids.
1916,2403,4,24,105,133,1.2406015037593985,0.042893701954168785,685,"Anytime now I thinks, we’re hoping for a son."
3389,2403,3,26,104,133,1.2406015037593985,0.04154453635293475,685,We're going to call him big-bird
2689,2403,3,26,104,133,1.2406015037593985,0.04154453635293475,685,"As soon as I laid it, he insisted on doing his part."
2217,2403,1,30,102,133,1.2406015037593985,0.03870537646987594,685,"With a nest egg that size, Robert may finally find a wife at 62."
1948,2403,6,20,107,133,1.2406015037593985,0.04547210134179587,685,"They're always big, but usually you can only smell them."
1918,2414,3,25,101,129,1.2403100775193798,0.04230403091655634,685,"So, who's the lucky girl?"
904,2414,5,21,103,129,1.2403100775193798,0.04507636957214343,685,honestly! all these years I thought a nest egg was money
1259,2414,4,23,102,129,1.2403100775193798,0.043712184374573484,685,"I've told him it can't hatch, but he's been sitting there ever since he watched that marching penguin thing."
1768,2414,2,27,100,129,1.2403100775193798,0.04084736222549998,685,He refuses to be an empty nester.
1305,2414,4,23,102,129,1.2403100775193798,0.043712184374573484,685,When Donald lays an egg everyone knows about it!
3689,2414,3,25,101,129,1.2403100775193798,0.04230403091655634,685,Hatchling will not be happy with all that weight on top.
1975,2414,3,25,101,129,1.2403100775193798,0.04230403091655634,685,It actually works your glutes while you sit.
4536,2414,3,25,101,129,1.2403100775193798,0.04230403091655634,685,"He bought that egg-shaped chair online and he's determined to use it, but if it hatches, I'm leaving."
4510,2414,4,23,102,129,1.2403100775193798,0.043712184374573484,685,"After years of being bullied by his brother, his therapist told him this is the only way to prove to himself that he's not a chicken."
1621,2414,6,19,104,129,1.2403100775193798,0.04640046470470108,685,He's sitting on our nest egg.
5109,2414,1,29,99,129,1.2403100775193798,0.03933678901198534,685,"So, what great thing is Edmund hatching now?"
4119,2414,4,23,102,129,1.2403100775193798,0.043712184374573484,685,How many times have we said to go see a doctor?
4003,2414,5,21,103,129,1.2403100775193798,0.04507636957214343,685,"No, you can’t just take your ball and go home because, unfortunately, you are home."
3767,2414,5,21,103,129,1.2403100775193798,0.04507636957214343,685,I don't know why he's doing that. He couldn't even hatch an idea.
1950,2414,3,25,101,129,1.2403100775193798,0.04230403091655634,685,His high horse is a chicken.
3695,2414,2,27,100,129,1.2403100775193798,0.04084736222549998,685,"Wow, I've heard of hemorrhoids, but wow........"
3091,2414,5,21,103,129,1.2403100775193798,0.04507636957214343,685,I was told by my chiropractor to sit more eggonomically correct
2877,2414,2,27,100,129,1.2403100775193798,0.04084736222549998,685,You really think sitting on that thing is gonna give you rock hard abs?
2771,2414,3,25,101,129,1.2403100775193798,0.04230403091655634,685,You’re right! He’s become really hard-boiled.
2758,2414,4,23,102,129,1.2403100775193798,0.043712184374573484,685,After it hatches he will never care for the child again.
2450,2414,5,21,103,129,1.2403100775193798,0.04507636957214343,685,"I did get him to come out of his shell, but he just won't detach."
2004,2414,5,21,103,129,1.2403100775193798,0.04507636957214343,685,George is an eggsestentialist
5242,2414,5,21,103,129,1.2403100775193798,0.04507636957214343,685,He used to brood like James Dean.
3214,2414,4,23,102,129,1.2403100775193798,0.043712184374573484,685,He really needs a hobby. He just keeps laying around the house.
1717,2414,3,25,101,129,1.2403100775193798,0.04230403091655634,685,"Ironically, Stanley learned that high cholesterol raises eggs."
426,2439,6,20,108,134,1.2388059701492538,0.0451671846393246,685,"Which came first, the jerk or the egg?"
1972,2439,5,22,107,134,1.2388059701492538,0.04390733102351806,685,There will be a humongous stink when it bursts!
5214,2441,4,23,103,130,1.2384615384615385,0.0434140061237124,685,"If you aren’t careful, Mr. Dumpty, the yolk will be on you."
3158,2441,4,23,103,130,1.2384615384615385,0.0434140061237124,685,He's hoping it's a Tesla.
2996,2441,4,23,103,130,1.2384615384615385,0.0434140061237124,685,"Next time, go to Eggmart; they always have the Extra Large AA"
2297,2441,2,27,101,130,1.2384615384615385,0.040574065102673786,685,George is trying to hatch his latest invention.
1791,2441,8,15,107,130,1.2384615384615385,0.04859854180134617,685,"I told him testicular tumours are treatable, but  - typical stubborn man - he wouldn’t listen."
429,2441,6,19,105,130,1.2384615384615385,0.04607924800236506,685,"What plan are you hatching now, Melvin?"
401,2441,4,23,103,130,1.2384615384615385,0.0434140061237124,685,"Yeah, apparently it’s eggonomically designed."
4306,2441,3,25,102,130,1.2384615384615385,0.042018035929025456,685,He thinks he's a penguin.
1680,2441,2,27,101,130,1.2384615384615385,0.040574065102673786,685,"The Ross's in 12C have $5 on stability ball, but my money's on hemorrhoid."
2195,2450,6,18,102,126,1.2380952380952381,0.04704414870563226,685,I call it my “turd” of paradise.
2390,2450,3,24,99,126,1.2380952380952381,0.04280420010332235,685,He thinks it adds to his brooding presence.
2681,2450,1,28,97,126,1.2380952380952381,0.03972695926593183,685,"When we lived at sea level it was a normally comfortable bean-bag chair, but up here in Telluride..."
2804,2450,2,26,98,126,1.2380952380952381,0.04129425407367391,685,He thinks our nest egg will hatch.
3702,2450,4,22,100,126,1.2380952380952381,0.044262666813799055,685,If he's like Horton and produces another of himself I'm getting a divorce!
3723,2450,2,26,98,126,1.2380952380952381,0.04129425407367391,685,"The last time you tried this, we did not get breakfast and we had to eat an Ostrich for dinner."
3028,2450,4,22,100,126,1.2380952380952381,0.044262666813799055,685,He's hatching  his  plan to determine the 2020 election.
3138,2450,4,22,100,126,1.2380952380952381,0.044262666813799055,685,This is going to be a tough one to crack.
3215,2450,2,26,98,126,1.2380952380952381,0.04129425407367391,685,"Yep, fostering eggs became his retirement gig.”"
3245,2450,3,24,99,126,1.2380952380952381,0.04280420010332235,685,The box said this will give me abs
3281,2450,3,24,99,126,1.2380952380952381,0.04280420010332235,685,Herb takes pride in his unfailing ability to protect our nest egg.
3491,2450,4,22,100,126,1.2380952380952381,0.044262666813799055,685,"Gladys, you’re up in forty."
3497,2450,3,24,99,126,1.2380952380952381,0.04280420010332235,685,Hasn’t moved since he laid it last Saturday.
3501,2450,3,24,99,126,1.2380952380952381,0.04280420010332235,685,We'll be making an omelette for the family brunch tomorrow.
3692,2450,3,24,99,126,1.2380952380952381,0.04280420010332235,685,What will you do with it when it hatches?
2811,2450,1,28,97,126,1.2380952380952381,0.03972695926593183,685,At this point in our lives I was hoping we'd be empty nesters.
2812,2450,3,24,99,126,1.2380952380952381,0.04280420010332235,685,Is Horton hatching the egg?
3836,2450,3,24,99,126,1.2380952380952381,0.04280420010332235,685,He has always wanted a pterodactyl.
3798,2450,5,20,101,126,1.2380952380952381,0.045674585936311615,685,"I said ""hacker,"" not ""hatcher."""
5318,2450,1,28,97,126,1.2380952380952381,0.03972695926593183,685,I don't have the heart to tell him the truth.
5305,2450,4,22,100,126,1.2380952380952381,0.044262666813799055,685,He's desperate for grandkids!
5201,2450,3,24,99,126,1.2380952380952381,0.04280420010332235,685,"So I told George that if he wanted a pet, he'd have to incubate it."
5164,2450,4,22,100,126,1.2380952380952381,0.044262666813799055,685,He told me he was going to make us an egg roll for lunch.
5131,2450,5,20,101,126,1.2380952380952381,0.045674585936311615,685,So that's why you were in the bathroom so long.
4787,2450,1,28,97,126,1.2380952380952381,0.03972695926593183,685,So Phil how's the nest egg coming along?
4778,2450,6,18,102,126,1.2380952380952381,0.04704414870563226,685,"In hindsight, trying to impregnate Bill was a bad idea."
4403,2450,4,22,100,126,1.2380952380952381,0.044262666813799055,685,He's never gotten over his childhood love for bubble gum.  I just wish he wouldn't swallow.
4345,2450,3,24,99,126,1.2380952380952381,0.04280420010332235,685,Don't let it hatch--I'm making latkes tomorrow.
4237,2450,3,24,99,126,1.2380952380952381,0.04280420010332235,685,He always wanted kids.
4153,2450,4,22,100,126,1.2380952380952381,0.044262666813799055,685,I told him not to swallow the bubble gum!
4135,2450,3,24,99,126,1.2380952380952381,0.04280420010332235,685,He’s just so jealous of women.
4018,2450,3,24,99,126,1.2380952380952381,0.04280420010332235,685,My doctor recommended this for my sciatica.
3892,2450,7,16,103,126,1.2380952380952381,0.04837495275885827,685,"Herb used to sit on a pyramid, but we couldn't afford the proctologist bills."
2112,2450,2,26,98,126,1.2380952380952381,0.04129425407367391,685,Careful. We’re fragile.
3756,2450,3,24,99,126,1.2380952380952381,0.04280420010332235,685,Now Harold's nest egg is bigger than my 401K.
2050,2450,4,22,100,126,1.2380952380952381,0.044262666813799055,685,"Ed has been growing this nest egg since 1986, but frankly he's forgotten why."
3901,2450,3,24,99,126,1.2380952380952381,0.04280420010332235,685,The couch is on special order
1839,2450,1,28,97,126,1.2380952380952381,0.03972695926593183,685,So much for retirement...this is Harold's nest egg.
104,2450,4,22,100,126,1.2380952380952381,0.044262666813799055,685,Horace is proud of our nest egg.
284,2450,4,22,100,126,1.2380952380952381,0.044262666813799055,685,Michael refuses to have a reveal party.
328,2450,2,26,98,126,1.2380952380952381,0.04129425407367391,685,I don't think you can hatch it
4810,2450,7,16,103,126,1.2380952380952381,0.04837495275885827,685,Please tell us there's not another you inside or is this something you got at the gym?
423,2450,2,26,98,126,1.2380952380952381,0.04129425407367391,685,I liked it better when you were walking on eggshells
652,2450,1,28,97,126,1.2380952380952381,0.03972695926593183,685,"Shh, don’t egg him off."
724,2450,4,22,100,126,1.2380952380952381,0.044262666813799055,685,He’s hatching something.
1047,2450,3,24,99,126,1.2380952380952381,0.04280420010332235,685,A perfect gift for his skills
1072,2450,3,24,99,126,1.2380952380952381,0.04280420010332235,685,What a smooth eggsit
1122,2450,4,22,100,126,1.2380952380952381,0.044262666813799055,685,I told him not to have that womb transplant.
1356,2450,6,18,102,126,1.2380952380952381,0.04704414870563226,685,Should we tell him that's not how you have a baby?
1458,2450,1,28,97,126,1.2380952380952381,0.03972695926593183,685,"You really married a good egg, didn't you."""
1547,2450,6,18,102,126,1.2380952380952381,0.04704414870563226,685,"I told him it's this or a Peloton bike, but you can't have both."
1576,2450,4,22,100,126,1.2380952380952381,0.044262666813799055,685,"Oh, he definitely started thinking he was a chicken first- then the egg showed up."
1656,2450,4,22,100,126,1.2380952380952381,0.044262666813799055,685,It’s IKEA’s new look.
1765,2450,4,22,100,126,1.2380952380952381,0.044262666813799055,685,Mother told me to marry someone with good parenting instincts.
1783,2450,5,20,101,126,1.2380952380952381,0.045674585936311615,685,"A stranger sold him a magic nest egg, but didn't explain how long until it hatches."
1956,2450,3,24,99,126,1.2380952380952381,0.04280420010332235,685,Has he ever hatched one?
1810,2450,5,20,101,126,1.2380952380952381,0.045674585936311615,685,And they call us “old hens”....
1161,2450,6,18,102,126,1.2380952380952381,0.04704414870563226,685,Any history of heart disease in your family?
677,2508,3,23,96,122,1.2377049180327868,0.04363462286723502,685,Does he suspect it's not his?
1404,2508,3,23,96,122,1.2377049180327868,0.04363462286723502,685,You laid it.  You figure out how to get down from it.
4378,2508,2,25,95,122,1.2377049180327868,0.04205350539350956,685,He’s deconstructing Humpty Dumpty. He feels Humpty was misunderstood not broken.
2143,2508,3,23,96,122,1.2377049180327868,0.04363462286723502,685,Could you please just use a chair like a normal person?
1677,2508,3,23,96,122,1.2377049180327868,0.04363462286723502,685,This is what happens when men your age do the Humpty Dance.
5158,2513,6,21,112,139,1.2374100719424461,0.044017245050598064,685,I always thought your bro Meredith was part Penguin. He cried all through Happy Feet.
3749,2514,2,24,92,118,1.2372881355932204,0.042855429936970196,685,"He refuses to return anything to Amazon, so he sits."
5280,2515,1,30,104,135,1.237037037037037,0.038212416412649004,685,This way Jack can really be a part of the whole pregnancy.
3465,2515,4,24,107,135,1.237037037037037,0.04233041136859312,685,He’s been brooding since the Stone Age.
4253,2517,5,21,105,131,1.2366412213740459,0.04446070275087714,685,"At this rate, you’ll never open your version of Jurassic Park"
1766,2517,8,15,108,131,1.2366412213740459,0.04826047580982554,685,"This is what happens when you put all your eggs in one basket, dear."
2269,2517,4,23,104,131,1.2366412213740459,0.04311976666223454,685,Forget the keto diet - keto furniture is the way to go!
3396,2520,4,22,101,127,1.236220472440945,0.04395276024928965,685,I’m tired of having to walk on eggshells around this guy!
3392,2520,3,24,100,127,1.236220472440945,0.04250718476420963,685,And here I thought paid paternity leave would be a good idea.
3346,2520,3,24,100,127,1.236220472440945,0.04250718476420963,685,"When I told her Ed sits in his chair all day, she became very interested in selling us this one."
2520,2520,2,26,99,127,1.236220472440945,0.04101068616380095,685,A hemorrhoid or our nest egg.  You decide.
3084,2520,3,24,100,127,1.236220472440945,0.04250718476420963,685,He’s been like that for weeks. Hope it hatches soon.
2931,2520,5,20,102,127,1.236220472440945,0.045352282307337274,685,He's been growing that since we met. He figures a few more years and we'll be ready to retire.
2835,2520,4,22,101,127,1.236220472440945,0.04395276024928965,685,"Last time, he hatched an idea. This is the result."
2633,2520,4,22,101,127,1.236220472440945,0.04395276024928965,685,He got it from labretarpits.com. He’s been incubating it for a week.
2548,2520,4,22,101,127,1.236220472440945,0.04395276024928965,685,Henry thinks he can still be relevant by experiencing the female experience of motherhood
2494,2520,4,22,101,127,1.236220472440945,0.04395276024928965,685,Horton. Get off!
2416,2520,1,28,98,127,1.236220472440945,0.039457470809377705,685,He thinks he's an emperor penguin.
3153,2520,3,24,100,127,1.236220472440945,0.04250718476420963,685,Fred's just watching it while his brother is being examined.
3466,2520,5,20,102,127,1.236220472440945,0.045352282307337274,685,Free-range?  We'll have to buy the county!
4022,2520,7,16,104,127,1.236220472440945,0.048029139742349944,685,"Franklin, at this point a prostate exam would be far more dignified."
3555,2520,5,20,102,127,1.236220472440945,0.045352282307337274,685,He has become quite protective of our nest egg.
3661,2520,1,28,98,127,1.236220472440945,0.039457470809377705,685,"Yes, George. But simply sitting on your nest egg will never match the pathos of the Dumptys."
3878,2520,7,16,104,127,1.236220472440945,0.048029139742349944,685,"I don’t know what I hate more...that he insists on doing it, or the fear that it might actually hatch."
3920,2520,3,24,100,127,1.236220472440945,0.04250718476420963,685,Marvin always wanted children in the worst way.
2377,2520,3,24,100,127,1.236220472440945,0.04250718476420963,685,"He's giving it a week, and then we're making an omelet."
4076,2520,4,22,101,127,1.236220472440945,0.04395276024928965,685,At first we thought it was just a wart.
4214,2520,3,24,100,127,1.236220472440945,0.04250718476420963,685,Nest egg for retirement?  Did you ask for free advice?
4335,2520,5,20,102,127,1.236220472440945,0.045352282307337274,685,After thirty years it still baffles me: which came first Seymour or the egg?
4542,2520,4,22,101,127,1.236220472440945,0.04395276024928965,685,Boy...your huband is really on the ball!
4622,2520,1,28,98,127,1.236220472440945,0.039457470809377705,685,Maybe there really is more to your ancestry than we thought!
4636,2520,7,16,104,127,1.236220472440945,0.048029139742349944,685,"Well, pregnancy's not so pleasant either."
5022,2520,3,24,100,127,1.236220472440945,0.04250718476420963,685,We’re not sure which came first!
3513,2520,3,24,100,127,1.236220472440945,0.04250718476420963,685,"He's been sitting on it for a month now. God, I hope its better than his last idea."
2203,2520,3,24,100,127,1.236220472440945,0.04250718476420963,685,Henry never believed in banks.
5156,2520,2,26,99,127,1.236220472440945,0.04101068616380095,685,He's retired now and just tending our nest egg.
2071,2520,2,26,99,127,1.236220472440945,0.04101068616380095,685,This is much bigger than his last eggsistential crisis.
22,2520,3,24,100,127,1.236220472440945,0.04250718476420963,685,He is sitting on a pretty significant nest egg.
61,2520,5,20,102,127,1.236220472440945,0.045352282307337274,685,He failed the sex education course.
2081,2520,3,24,100,127,1.236220472440945,0.04250718476420963,685,"Bert has hatched a number of eggcentric ideas but this one 
makes me think he needs an intervention..."
190,2520,6,18,103,127,1.236220472440945,0.046709890681067734,685,He always wanted to rule the roost.
314,2520,2,26,99,127,1.236220472440945,0.04101068616380095,685,"If it doesn't hatch, I'll make an omelette."
536,2520,2,26,99,127,1.236220472440945,0.04101068616380095,685,I know its a giant egg but he says it relieve his lower back pain
594,2520,2,26,99,127,1.236220472440945,0.04101068616380095,685,"No, I said coq au VIN”"
95,2520,5,20,102,127,1.236220472440945,0.045352282307337274,685,"""I really thought this would be our first Summer with an empty nest."
909,2520,3,24,100,127,1.236220472440945,0.04250718476420963,685,Horton's favorite children's book? I'll give you one guess.
1103,2520,4,22,101,127,1.236220472440945,0.04395276024928965,685,It has completely cured my empty nest syndrome.
1408,2520,3,24,100,127,1.236220472440945,0.04250718476420963,685,Tuesday's the hemorrhoidectomy.
1608,2520,3,24,100,127,1.236220472440945,0.04250718476420963,685,"Me? I’m feeling egg’selent, why do you ask?"
1627,2520,4,22,101,127,1.236220472440945,0.04395276024928965,685,"Sorry, my wife told me I need to keep it warm while she’s out."
1671,2520,6,18,103,127,1.236220472440945,0.046709890681067734,685,Albert loves eggs.  He cried at the end of Humpty Dumpty.
2069,2520,5,20,102,127,1.236220472440945,0.045352282307337274,685,You should probably get that looked at.
744,2520,3,24,100,127,1.236220472440945,0.04250718476420963,685,"If he says goo goo g’joob one more time, I’m gonna ..."
2966,2566,6,17,100,123,1.2357723577235773,0.04771368919516814,685,Harry was insecure about going bald.
2971,2566,5,19,99,123,1.2357723577235773,0.04629596219205625,685,He says it's symbolic of our marriage.
3115,2566,5,19,99,123,1.2357723577235773,0.04629596219205625,685,Delbert has always been a little egg centric.
3118,2566,3,23,97,123,1.2357723577235773,0.04332154282385029,685,"I wanted to get a heat lamp, but you know how he gets about the electric bill."
3388,2566,6,17,100,123,1.2357723577235773,0.04771368919516814,685,How would you feel about having two Yungian analysts?
3272,2566,1,27,95,123,1.2357723577235773,0.04012724797427663,685,"If that thing hatches you'll be cleaning up after it, Marvin."
3355,2566,1,27,95,123,1.2357723577235773,0.04012724797427663,685,He's been like this ever since he got laid off…
2875,2566,4,21,98,123,1.2357723577235773,0.04483342607880306,685,We just heard about the new idea you are hatching.
3267,2566,3,23,97,123,1.2357723577235773,0.04332154282385029,685,"So if somehow it hatches, you have to clean up after it."
2808,2566,2,25,96,123,1.2357723577235773,0.0417549524166163,685,Which came first- the husband or the egg?
2412,2566,1,27,95,123,1.2357723577235773,0.04012724797427663,685,It’s not fertilized.
2631,2566,3,23,97,123,1.2357723577235773,0.04332154282385029,685,I just wish you would do it in the bathroom.
2625,2566,6,17,100,123,1.2357723577235773,0.04771368919516814,685,His proctologist warned him six months ago to have it removed.
2519,2566,1,27,95,123,1.2357723577235773,0.04012724797427663,685,He wants me to call him ‘Father of Dragons.’
2453,2566,1,27,95,123,1.2357723577235773,0.04012724797427663,685,Harry just refuses to go to the doctor to have that ghastly hemorrhoid looked at.
2434,2566,4,21,98,123,1.2357723577235773,0.04483342607880306,685,"And then, the Dragon asked me to take care of the egg while she gets some cigarettes."
2432,2566,6,17,100,123,1.2357723577235773,0.04771368919516814,685,"Since we couldn't conceive, Harold had the bright idea to use the fertility clinic at the Bronx Zoo..."
3527,2566,3,23,97,123,1.2357723577235773,0.04332154282385029,685,George is very protective of our nest egg.
2272,2566,4,21,98,123,1.2357723577235773,0.04483342607880306,685,Harold loves anticipation.
2252,2566,4,21,98,123,1.2357723577235773,0.04483342607880306,685,"But when it hatches, we'll all be surprised."
2788,2566,3,23,97,123,1.2357723577235773,0.04332154282385029,685,"Don't say that, you're doing great for a stay-at-home dad."
3627,2566,2,25,96,123,1.2357723577235773,0.0417549524166163,685,I'm trying to own the whole turkey process this year.
4318,2566,3,23,97,123,1.2357723577235773,0.04332154282385029,685,Let's go with the eggshell in the dining room.
3805,2566,3,23,97,123,1.2357723577235773,0.04332154282385029,685,When do you expect it to hatch?
5332,2566,5,19,99,123,1.2357723577235773,0.04629596219205625,685,The harder part to believe is that he says God’s son is inside.
5319,2566,2,25,96,123,1.2357723577235773,0.0417549524166163,685,He hasn’t said a word since he laid it.
5180,2566,5,19,99,123,1.2357723577235773,0.04629596219205625,685,"So much for your empty next, Edna."
5099,2566,1,27,95,123,1.2357723577235773,0.04012724797427663,685,"That's an IKEA Bouerdsnaast, it's all the rage in Europe."
4995,2566,4,21,98,123,1.2357723577235773,0.04483342607880306,685,Are you ready to apologize?
4828,2566,2,25,96,123,1.2357723577235773,0.0417549524166163,685,All he does is sit and brood.
4713,2566,4,21,98,123,1.2357723577235773,0.04483342607880306,685,Ed is hatching the latest Trump conspiracy theory.
4699,2566,3,23,97,123,1.2357723577235773,0.04332154282385029,685,At least it matches your head
4633,2566,0,29,94,123,1.2357723577235773,0.03843066495214836,685,"Karl, if I told you once, I told you a thousand times: That's NOT how to hatch a new plot."
4518,2566,2,25,96,123,1.2357723577235773,0.0417549524166163,685,"Boy, what will IKEA come up with next?"
4482,2566,4,21,98,123,1.2357723577235773,0.04483342607880306,685,Well coo coo ca choo!
4453,2566,3,23,97,123,1.2357723577235773,0.04332154282385029,685,This is aversion therapy given that his parents often referred to him as the bad egg.
4428,2566,4,21,98,123,1.2357723577235773,0.04483342607880306,685,"You've really come out of your shell."""
4425,2566,2,25,96,123,1.2357723577235773,0.0417549524166163,685,He calls it “eggistentialism”.
4329,2566,2,25,96,123,1.2357723577235773,0.0417549524166163,685,Harold insists it’s a Marc Newson but I have my doubts.
2224,2566,4,21,98,123,1.2357723577235773,0.04483342607880306,685,"Oh God, Myrna. I just read about Humpty Dumpty Anal Distention this morning, and now here it is in the flesh."
4219,2566,5,19,99,123,1.2357723577235773,0.04629596219205625,685,'I keep him because they're free.'
4088,2566,2,25,96,123,1.2357723577235773,0.0417549524166163,685,"I told him he needed some hobbies, be all know who's going to have to take care of it after it hatches."
4060,2566,1,27,95,123,1.2357723577235773,0.04012724797427663,685,It’s a game of chicken
3950,2566,3,23,97,123,1.2357723577235773,0.04332154282385029,685,"He's determined to make up for our ""annual Thanksgiving massacre."""
3916,2566,4,21,98,123,1.2357723577235773,0.04483342607880306,685,See? I *told* you that swallowing bubble gum was bad for you.
3739,2566,2,25,96,123,1.2357723577235773,0.0417549524166163,685,"Of course,it started small..."
2142,2566,6,17,100,123,1.2357723577235773,0.04771368919516814,685,Beats walking on eggshells
1959,2566,1,27,95,123,1.2357723577235773,0.04012724797427663,685,HARRY ALWAYS WANTED A BOY.
2106,2566,3,23,97,123,1.2357723577235773,0.04332154282385029,685,I thought he was just kidding about his retirement plan.
761,2566,5,19,99,123,1.2357723577235773,0.04629596219205625,685,You can always tell when he's up to something.
496,2566,3,23,97,123,1.2357723577235773,0.04332154282385029,685,"Listen Egbert,  you're not going to be a mother any time soon!"
413,2566,4,21,98,123,1.2357723577235773,0.04483342607880306,685,H'es always been very protective of his nest egg.
270,2566,2,25,96,123,1.2357723577235773,0.0417549524166163,685,I don’t fully understand Henry’s concept of a nest egg.
191,2566,4,21,98,123,1.2357723577235773,0.04483342607880306,685,I guess there IS a big difference in how men handle this empty nest thing ...
165,2566,5,19,99,123,1.2357723577235773,0.04629596219205625,685,"And I am the walrus, goo goo g'joob."
811,2566,1,27,95,123,1.2357723577235773,0.04012724797427663,685,"Well, I guess evolution does exist."
164,2566,3,23,97,123,1.2357723577235773,0.04332154282385029,685,IVF isn’t working so we’re trying this.
93,2566,3,23,97,123,1.2357723577235773,0.04332154282385029,685,Harold is determined to hatch our nest egg in a domestic environment.
2126,2566,4,21,98,123,1.2357723577235773,0.04483342607880306,685,It's an eggcistential issue
47,2566,4,21,98,123,1.2357723577235773,0.04483342607880306,685,He likes his omelets fresh
39,2566,4,21,98,123,1.2357723577235773,0.04483342607880306,685,Ray's in charge of Thanksgiving this year.
30,2566,4,21,98,123,1.2357723577235773,0.04483342607880306,685,Do you always have to look down on people?
4459,2566,4,21,98,123,1.2357723577235773,0.04483342607880306,685,Yeah but you should see his abs
109,2566,3,23,97,123,1.2357723577235773,0.04332154282385029,685,Gives him something to do.
840,2566,2,25,96,123,1.2357723577235773,0.0417549524166163,685,He's so proud of his little nest egg.
74,2566,6,17,100,123,1.2357723577235773,0.04771368919516814,685,This isn’t what I meant when I said you should buy in bulk.
1124,2566,2,25,96,123,1.2357723577235773,0.0417549524166163,685,"Paul came first, but that egg has been here a long time."
992,2566,3,23,97,123,1.2357723577235773,0.04332154282385029,685,We are diversifying our retirement nest egg.
1952,2566,5,19,99,123,1.2357723577235773,0.04629596219205625,685,Horton' s hatching an egg?
1926,2566,3,23,97,123,1.2357723577235773,0.04332154282385029,685,He's hoping it will hatch a cute chick.
1847,2566,2,25,96,123,1.2357723577235773,0.0417549524166163,685,"For goodness sake, Arthur, I didn’t mean it literally."
1837,2566,4,21,98,123,1.2357723577235773,0.04483342607880306,685,He keeps hoping he’ll hatch a very big idea.
1785,2566,5,19,99,123,1.2357723577235773,0.04629596219205625,685,Can you believe this was on clearance?
1684,2566,4,21,98,123,1.2357723577235773,0.04483342607880306,685,Thirty years of marriage and I’m still walking on eggshells around him.
1994,2566,2,25,96,123,1.2357723577235773,0.0417549524166163,685,What's he going to do if it hatches?
1593,2566,2,25,96,123,1.2357723577235773,0.0417549524166163,685,"Jerry thinks this is a big accomplishment, but I personally think he just laid another egg."
1531,2566,3,23,97,123,1.2357723577235773,0.04332154282385029,685,"He's not the best provider, but he's an excellent father."
1653,2566,4,21,98,123,1.2357723577235773,0.04483342607880306,685,He's never adjusted to being an empty nester.
1522,2566,4,21,98,123,1.2357723577235773,0.04483342607880306,685,He’s gone from old timer to egg timer.
1488,2566,3,23,97,123,1.2357723577235773,0.04332154282385029,685,"No, our doorways are large enough. The hardest part was getting it out of the dinosaur."
1349,2566,1,27,95,123,1.2357723577235773,0.04012724797427663,685,"True to his word. Rodger always said we'd never have to worry about an ""empty nest."""
1131,2566,2,25,96,123,1.2357723577235773,0.0417549524166163,685,He’s pterosaur brooding again.
2268,2648,6,18,104,128,1.234375,0.04638026319434138,685,I can live with this. It's the constant  pecking I can't deal with.
3167,2648,4,22,102,128,1.234375,0.0436470597159808,685,"I told him he could keep it, but I’m NOT cleaning up the poop."
3612,2648,5,20,103,128,1.234375,0.04503440149389559,685,Let's get this gander reveal party started!”
1173,2648,4,22,102,128,1.234375,0.0436470597159808,685,"I know,he's had a superiority complex ever since he got that darn exercise ball"
2586,2648,5,20,103,128,1.234375,0.04503440149389559,685,"I've told him that, if it ever hatches, I'm out of here."
3754,2653,5,19,100,124,1.2338709677419355,0.045960437164890795,685,"Frankly, at this point, I hope whatever it is eats George!"""
2825,2653,3,23,98,124,1.2338709677419355,0.04301280155099031,685,"Ralph is about to learn the true meaning of the term ""walking on eggshells."""
2222,2653,1,27,96,124,1.2338709677419355,0.03984771524368586,685,Wait till it hatches!
2049,2653,4,21,99,124,1.2338709677419355,0.044511026059015704,685,It’s true. Even office chairs have been replaced by egg-cersise balls.
4194,2653,5,19,100,124,1.2338709677419355,0.045960437164890795,685,"Actually Gladis, they both came here at the same time."
3908,2653,4,21,99,124,1.2338709677419355,0.044511026059015704,685,Did you seriously eat a balloon again?
4752,2653,4,21,99,124,1.2338709677419355,0.044511026059015704,685,"Dear, we're delighted you've strengthened your core, but what will you do when that hatches?"
3938,2653,4,21,99,124,1.2338709677419355,0.044511026059015704,685,"I don’t know where Howard  found it, but he insists it’s going to be spectacular."
4909,2653,2,25,97,124,1.2338709677419355,0.041460472183796636,685,He's trying to cope with being an 'empty-nester'
1778,2653,4,21,99,124,1.2338709677419355,0.044511026059015704,685,His new chick cuckolded him.
5210,2653,4,21,99,124,1.2338709677419355,0.044511026059015704,685,He has a dozen of these in the garage.
5194,2653,3,23,98,124,1.2338709677419355,0.04301280155099031,685,The consequences of Harold's infidelity ....
5154,2653,4,21,99,124,1.2338709677419355,0.044511026059015704,685,He can’t find the nest.
4415,2653,4,21,99,124,1.2338709677419355,0.044511026059015704,685,I got this chair because I was sick of being on the edge of my seat over the impeachment hearings.
4300,2653,5,19,100,124,1.2338709677419355,0.045960437164890795,685,"Well Helen, at least your husband isn't an egghead."
4162,2653,2,25,97,124,1.2338709677419355,0.041460472183796636,685,This doesn't make you woke.
4402,2653,4,21,99,124,1.2338709677419355,0.044511026059015704,685,There's no talking with him about it. It's like I'm always walking on...Doh!
4010,2653,1,27,96,124,1.2338709677419355,0.03984771524368586,685,He used salt to balance that egg. I don't respect that.
4710,2653,4,21,99,124,1.2338709677419355,0.044511026059015704,685,I don’t think Stanley understood me when I told him size matters
1751,2653,5,19,100,124,1.2338709677419355,0.045960437164890795,685,"Believe it or not, he’s had worse hemorrhoids."
1055,2653,6,17,101,124,1.2338709677419355,0.047365516232269395,685,One day  a strange growth started to appear on the egg.  Last time I buy brick-a-brac from the Internet.
1184,2653,4,21,99,124,1.2338709677419355,0.044511026059015704,685,Now that's a burp.
82,2653,3,23,98,124,1.2338709677419355,0.04301280155099031,685,Howard always said that he had put aside a sizeable nest egg for his retirement.
412,2653,3,23,98,124,1.2338709677419355,0.04301280155099031,685,"He calls it his post-modernist egg chair, but I find it uncomfortable."
675,2653,5,19,100,124,1.2338709677419355,0.045960437164890795,685,Harold won't trust our nest egg to the bank
3205,2653,3,23,98,124,1.2338709677419355,0.04301280155099031,685,We don't know.  Harold fond it while digging a new garden in the backyard.  It's become a sort of a thing with him.
990,2653,2,25,97,124,1.2338709677419355,0.041460472183796636,685,Is this another one of your yolks?
1219,2653,1,27,96,124,1.2338709677419355,0.03984771524368586,685,"After all these years, that's all I've been able to squeeze out of him."
788,2653,5,19,100,124,1.2338709677419355,0.045960437164890795,685,Well I did tell him to get off his high horse.
1835,2682,3,23,99,125,1.232,0.04270831300812524,685,He’s hoping he’ll hatch a plan.
2057,2682,3,23,99,125,1.232,0.04270831300812524,685,He's been so broody lately.
2187,2682,2,25,98,125,1.232,0.041169985935575484,685,"He's been like that ever since he saw the film ""March of the Penguins""."
2486,2682,1,27,97,125,1.232,0.03957190270723619,685,Lego his egg-o?
2736,2682,4,21,100,125,1.232,0.04419312455647955,685,"Hermann couldn't wait for all the governmental regulations on genetic cloning, he's hatching his own baby mammoth."
2968,2682,4,21,100,125,1.232,0.04419312455647955,685,I think we're going to need a bigger incubator...
3348,2682,1,27,97,125,1.232,0.03957190270723619,685,I feel something
3519,2682,5,19,101,125,1.232,0.04562964514577153,685,Herb really laid an egg this time.
3680,2682,3,23,99,125,1.232,0.04270831300812524,685,His fertility is undeniable.
4151,2682,3,23,99,125,1.232,0.04270831300812524,685,"Gladys, I'm not saying that you and Henry don't have a nice nest egg, I'm just saying that you might want to speak to a financial planner with a different background, preferably not poultry."
4417,2682,0,29,96,125,1.232,0.03790650637827827,685,Our son left investment banking to make those full-time.
1820,2682,6,17,102,125,1.232,0.047022300817734855,685,"Give it up, Darren . ‘Perdue Pilates’ will never catch on"
4427,2682,3,23,99,125,1.232,0.04270831300812524,685,"Whatever it is, we want it to be loyal to us."""
4726,2682,4,21,100,125,1.232,0.04419312455647955,685,"So, did you steal that off the set of  Jurassic Park, or did you start dating a bird?"
4730,2682,3,23,99,125,1.232,0.04270831300812524,685,You think that's weird.  You shoulda seen it's mother.
4969,2682,5,19,101,125,1.232,0.04562964514577153,685,Before the hedge fund collapsed I was going to compress Ralph’s ashes into a diamond on top of a jeweled egg.
4970,2682,3,23,99,125,1.232,0.04270831300812524,685,George believes that child rearing is the responsibility of both parents.
5140,2682,1,27,97,125,1.232,0.03957190270723619,685,He seems to have misunderstood what our financial advisor meant when he told him to protect our nest egg.
5144,2682,3,23,99,125,1.232,0.04270831300812524,685,"And I believe you've met my son, Horton?"
3714,2682,4,21,100,125,1.232,0.04419312455647955,685,He’s trying to counteract our empty nest syndrome.
1762,2682,5,19,101,125,1.232,0.04562964514577153,685,We should probably go organic next time.
2173,2682,5,19,101,125,1.232,0.04562964514577153,685,"It's not exactly the eggshell paint sample I had in mind, dear."
1425,2682,1,27,97,125,1.232,0.03957190270723619,685,"A chicken hatches in 21 days, no telling how long Fred will have to sit for that Pterodactyl egg to hatch."
1317,2682,4,21,100,125,1.232,0.04419312455647955,685,"Yeah, so he asked me what I wanted from him and I said, a big fat goose egg"
1264,2682,7,15,103,125,1.232,0.04837488017822953,685,My Edgar an intellectual?! He's an eggbottom!!!!
785,2682,2,25,98,125,1.232,0.041169985935575484,685,And what will you do when it hatches?
738,2682,3,23,99,125,1.232,0.04270831300812524,685,He asked me to get him a big egg. Now I know why.
523,2682,4,21,100,125,1.232,0.04419312455647955,685,I want my grandkid and I don’t care how I get them!
483,2682,3,23,99,125,1.232,0.04270831300812524,685,He thinks he’s Horton the Elephant
1689,2682,4,21,100,125,1.232,0.04419312455647955,685,Frank never leaves his nest egg...
2803,2712,4,24,110,138,1.2318840579710144,0.04151201181565335,685,He does this when he's hungry!
1567,2713,2,24,95,121,1.2314049586776858,0.0419239942253373,685,"He says it tightens his core muscles, but I haven't seen any differences yeat."
703,2713,3,22,96,121,1.2314049586776858,0.043535759309308836,685,"He's hoping for a boychik, but I don't think we have the room."
5329,2713,2,24,95,121,1.2314049586776858,0.0419239942253373,685,Don't mind Herb. He's always begging for attention.
2646,2713,3,22,96,121,1.2314049586776858,0.043535759309308836,685,Look who rolled in!
2770,2713,4,20,97,121,1.2314049586776858,0.04508994772086154,685,What new plan is he trying to hatch now??
2851,2713,3,22,96,121,1.2314049586776858,0.043535759309308836,685,He says it helps him think like an egghead.
2212,2713,3,22,96,121,1.2314049586776858,0.043535759309308836,685,I think an egg chair is something different.
4154,2713,3,22,96,121,1.2314049586776858,0.043535759309308836,685,"Stanley's New Egg Chair Is Still In The Design Stage But So Far Circus Animals And Performers Are Giving It High Ratings."""
4817,2713,4,20,97,121,1.2314049586776858,0.04508994772086154,685,"He been trying to hatch  another Humpty Dumpty 
for two months ."
2115,2713,2,24,95,121,1.2314049586776858,0.0419239942253373,685,We're worried its from a free range chicken.
2962,2713,3,22,96,121,1.2314049586776858,0.043535759309308836,685,Is the magic climbing that egg or making the egg stand vertical?
4111,2724,5,24,118,147,1.2312925170068028,0.04103318899494187,685,He's been sitting up there ever since I told him he'd never understand the pain of pregnancy.
318,2725,5,22,112,139,1.2302158273381294,0.04249117096905104,685,He’s determined to be more helpful with household duties.
3278,2726,6,17,103,126,1.2301587301587302,0.04668394022175475,685,"I always knew he was an egghead, but this puts the icing on the cake"
1925,2726,3,23,100,126,1.2301587301587302,0.042407993275749206,685,He says he’s ready for the next big thing.
1176,2726,1,27,98,126,1.2301587301587302,0.03929974096234905,685,How long do we make him wait until we ask about his latest scheme?
2474,2726,5,19,102,126,1.2301587301587302,0.045303489353958636,685,He thinks it’s an egg
5041,2726,6,17,103,126,1.2301587301587302,0.04668394022175475,685,The hemorrhoids aren't quite as bothersome when he sits there.
5122,2726,5,19,102,126,1.2301587301587302,0.045303489353958636,685,I still don't subscribe to this modern design esthetic.
5010,2726,2,25,99,126,1.2301587301587302,0.04088341676880569,685,This is what happens a man takes lady Viagra.
4848,2726,6,17,103,126,1.2301587301587302,0.04668394022175475,685,I merely suggested that he stop brooding over the small stuff.
4807,2726,5,19,102,126,1.2301587301587302,0.045303489353958636,685,Don't just sit there.  Get crackin'.
4126,2726,5,19,102,126,1.2301587301587302,0.045303489353958636,685,"Harold, I think your obsession with dinosaurs has gone a little far."
4066,2726,3,23,100,126,1.2301587301587302,0.042407993275749206,685,Just turn up the heat already and come sit on the couch.
3643,2726,1,27,98,126,1.2301587301587302,0.03929974096234905,685,Jerry’s just acting out. His psychiatrist calls it a ‘Mother Hen’ complex
3440,2726,5,19,102,126,1.2301587301587302,0.045303489353958636,685,"I just don’t trust these modern deviled egg recipes, Marge."
1003,2726,7,15,104,126,1.2301587301587302,0.04802472698113439,685,We're praying it hatches before Thanksgiving.
5312,2726,5,19,102,126,1.2301587301587302,0.045303489353958636,685,"We couldn't have children of our own,
but Irving didn't read the fine print
on the in vitro contract."
852,2726,7,15,104,126,1.2301587301587302,0.04802472698113439,685,"Thought he was buying an ergo-puff chair.  I'm mean, what did he thinking ... He was at an Egg Farm."
4773,2726,2,25,99,126,1.2301587301587302,0.04088341676880569,685,He always has something to prove.
668,2726,6,17,103,126,1.2301587301587302,0.04668394022175475,685,Epididy-what?
3597,2726,4,21,101,126,1.2301587301587302,0.04387963104516852,685,He already had a “great fall.” He’s going for number 2.
745,2726,3,23,100,126,1.2301587301587302,0.042407993275749206,685,Has he seen his proctologist?
2125,2726,2,25,99,126,1.2301587301587302,0.04088341676880569,685,I don't have the heart to tell him it's not an exercise ball.
193,2726,5,19,102,126,1.2301587301587302,0.045303489353958636,685,"I just keep thinking"" booby hatch""."
294,2726,5,19,102,126,1.2301587301587302,0.045303489353958636,685,"If it ever hatches, we get a pet dinosaur"
23,2726,2,25,99,126,1.2301587301587302,0.04088341676880569,685,"He says he’s not hatching a plot against me, but I have my suspicions."
2129,2750,2,24,96,122,1.2295081967213115,0.04162217598738881,685,"Personally, I am not into this new modern furniture..."
2481,2750,1,26,95,122,1.2295081967213115,0.03996151319759143,685,"Got the chair. So he sits on it, sings I am the egg man, goo goo g’joob. Thinks he’s funny."
2517,2750,4,20,98,122,1.2295081967213115,0.044759038502775586,685,Eff you and the white egg you rode in on.
2919,2750,4,20,98,122,1.2295081967213115,0.044759038502775586,685,How often does he do it?
3020,2750,6,16,100,122,1.2295081967213115,0.047690014903129664,685,"""I thought he could handle buying new furniture but he really laid an egg"
3168,2750,2,24,96,122,1.2295081967213115,0.04162217598738881,685,"Thank God his father didn't finish the lecture on ""the birds and the bees."""
3386,2750,3,22,97,122,1.2295081967213115,0.04321907600596126,685,It’s the first time we’ve ever used our bean bag.
3673,2750,5,18,99,122,1.2295081967213115,0.046247751562393156,685,He’s forgotten what happened to Humpty Dumpty.
3747,2750,6,16,100,122,1.2295081967213115,0.047690014903129664,685,"Honey, you forgot your truss again."
3816,2750,1,26,95,122,1.2295081967213115,0.03996151319759143,685,"He's so proud of it, but just between you and me, I don't even think it's his..."
3848,2750,3,22,97,122,1.2295081967213115,0.04321907600596126,685,Bob's boss called him a Dodo and told him he had better start hatching some new ideas for their ad campaign.
4130,2750,2,24,96,122,1.2295081967213115,0.04162217598738881,685,"I call it ""The Biden Campaign"" I made it back in 1988 but it's still relevant!"
4499,2750,4,20,98,122,1.2295081967213115,0.044759038502775586,685,"He insists the response should be that he is ""on the ball"" rather than it looks like he laid an egg. I've told him already what I think."
4643,2750,4,20,98,122,1.2295081967213115,0.044759038502775586,685,we could not afford an elephant in the room!
2076,2750,1,26,95,122,1.2295081967213115,0.03996151319759143,685,The worst part is he wears those thin tight leggings all the time now.
1732,2750,2,24,96,122,1.2295081967213115,0.04162217598738881,685,I just got the AMAZING new cushion for my chair.
2601,2750,3,22,97,122,1.2295081967213115,0.04321907600596126,685,When is her return flight due?
1490,2750,3,22,97,122,1.2295081967213115,0.04321907600596126,685,He's really been on a roll lately.
1211,2750,5,18,99,122,1.2295081967213115,0.046247751562393156,685,George always wanted his own ostrich.
1208,2750,3,22,97,122,1.2295081967213115,0.04321907600596126,685,The cheapest way to get an authentic Eames chair is to hatch it yourself.
1025,2750,3,22,97,122,1.2295081967213115,0.04321907600596126,685,"Enough complaining. If male penguins do it, so can you."
970,2750,3,22,97,122,1.2295081967213115,0.04321907600596126,685,"Six weeks, ever since he saw the re-run of Juraisic Park"
828,2750,1,26,95,122,1.2295081967213115,0.03996151319759143,685,Ever since he watched March of the Penguins.
1625,2750,5,18,99,122,1.2295081967213115,0.046247751562393156,685,"I said an ergonomic chair, Harold"
374,2774,5,17,96,118,1.228813559322034,0.04724944508372923,685,I thought you were eggsaggerating.
2956,2775,5,19,103,127,1.2283464566929134,0.04498187552896535,685,"-Where’d you get that egg?

-The store."
3447,2775,4,21,102,127,1.2283464566929134,0.04357045729792666,685,Just ignore him.  He always was off the wall.
2786,2777,2,24,97,123,1.2276422764227641,0.04132454472601138,685,HE THINKS IT'S A TUFFET---
3006,2778,4,19,96,119,1.226890756302521,0.04534596124666279,685,Maybe they'll have room at Central Park Zoo.
3618,2778,4,19,96,119,1.226890756302521,0.04534596124666279,685,We thought you were bringing egg souffle not an egg sofa
3541,2778,2,23,94,119,1.226890756302521,0.04208796139977964,685,We're a little concerned about this chicken having US for dinner.
3530,2778,4,19,96,119,1.226890756302521,0.04534596124666279,685,After it hatches I'm going to eat him.
3706,2778,4,19,96,119,1.226890756302521,0.04534596124666279,685,Offhand I can't remember whether George or the egg arrived first.
3438,2778,4,19,96,119,1.226890756302521,0.04534596124666279,685,"I said, “You’d better do something about that hemorrhoid, honey.”  But did he listen to me?"
3174,2778,2,23,94,119,1.226890756302521,0.04208796139977964,685,"He thinks incubating it is the hard part, but it was me who laid it."
3738,2778,1,25,93,119,1.226890756302521,0.04036045888604452,685,It’s his solution to our being empty nesters
3152,2778,3,21,95,119,1.226890756302521,0.04374730103773937,685,Does that thing really improve your posture?
3675,2778,1,25,93,119,1.226890756302521,0.04036045888604452,685,Our ostrich is overtaxed
2838,2778,1,25,93,119,1.226890756302521,0.04036045888604452,685,Eggactly.
2765,2778,3,21,95,119,1.226890756302521,0.04374730103773937,685,I told him to get up off the couch.
2791,2778,2,23,94,119,1.226890756302521,0.04208796139977964,685,He likes people to think of him as a good egg.
2766,2778,2,23,94,119,1.226890756302521,0.04208796139977964,685,So you’re an ovo-lacto vegetarian?
2388,2778,6,15,98,119,1.226890756302521,0.048385079394151514,685,"""I know he's hatching something."""
2464,2778,5,17,97,119,1.226890756302521,0.04689014880207883,685,Suck my butt
2594,2778,3,21,95,119,1.226890756302521,0.04374730103773937,685,It’s Fred’s project since he retired.
2597,2778,3,21,95,119,1.226890756302521,0.04374730103773937,685,It followed him home.
2618,2778,2,23,94,119,1.226890756302521,0.04208796139977964,685,I can't bear to tell him that Chase stopped running those ads fifty years ago.
2637,2778,4,19,96,119,1.226890756302521,0.04534596124666279,685,"It's his charade impression of  ""America's Mayor"" hatching a plot."
2658,2778,2,23,94,119,1.226890756302521,0.04208796139977964,685,Now he did it.  He really laid a BIG on this time.
2713,2778,4,19,96,119,1.226890756302521,0.04534596124666279,685,He has to be the attention in the room!
3825,2778,4,19,96,119,1.226890756302521,0.04534596124666279,685,"Ebay, schmeeBay, you can sit on that thing forever and you aren't getting a baby dragon."
2831,2778,3,21,95,119,1.226890756302521,0.04374730103773937,685,As winter comes on Alfred gets broody
3865,2778,3,21,95,119,1.226890756302521,0.04374730103773937,685,Hatching a Tyrannosaurus Rex may be more trouble than it's worth.
4767,2778,4,19,96,119,1.226890756302521,0.04534596124666279,685,"I called him a chicken one time, and he's acted like this ever since."
3987,2778,3,21,95,119,1.226890756302521,0.04374730103773937,685,My King's man has finally restored Humpty Dumpty.
4919,2778,2,23,94,119,1.226890756302521,0.04208796139977964,685,Does he have to cackle when he sits on that thing?
5007,2778,5,17,97,119,1.226890756302521,0.04689014880207883,685,"Ok, I’ll move over so you can sit."
5029,2778,4,19,96,119,1.226890756302521,0.04534596124666279,685,"Honey, I told you we cant raise another dinosaur"
5080,2778,2,23,94,119,1.226890756302521,0.04208796139977964,685,Fred likes it when everyone sees him as 'ballsy.'
2333,2778,3,21,95,119,1.226890756302521,0.04374730103773937,685,It's the new bean bag chair.
5084,2778,3,21,95,119,1.226890756302521,0.04374730103773937,685,"He says it's post-Minimalist, but it really strkes me as more reflective of the post-Cambrian"
5267,2778,3,21,95,119,1.226890756302521,0.04374730103773937,685,"Another ""egg head"" demonstration!"
4861,2778,6,15,98,119,1.226890756302521,0.048385079394151514,685,"Join us for T, Rex?"
5328,2778,3,21,95,119,1.226890756302521,0.04374730103773937,685,"Honestly, Fran, neither one of them has really come out of their shells."
4528,2778,4,19,96,119,1.226890756302521,0.04534596124666279,685,And that's why we set the thermostat so low.
4514,2778,5,17,97,119,1.226890756302521,0.04689014880207883,685,Did the chicken come first?
3884,2778,5,17,97,119,1.226890756302521,0.04689014880207883,685,What next ... now a nest egg comes with a home banker?
4494,2778,3,21,95,119,1.226890756302521,0.04374730103773937,685,Is Mom OK?
4462,2778,1,25,93,119,1.226890756302521,0.04036045888604452,685,"So, where are you going to keep the dinosaur?"
4401,2778,4,19,96,119,1.226890756302521,0.04534596124666279,685,"""Albert is being punished for not bringing home the two dozen eggs I requested."""
4385,2778,3,21,95,119,1.226890756302521,0.04374730103773937,685,It was fight or flight. He chose flight.
4368,2778,2,23,94,119,1.226890756302521,0.04208796139977964,685,This is only the latest in his #metoo affectations.
4366,2778,2,23,94,119,1.226890756302521,0.04208796139977964,685,I just thought it was good Black Friday deal.
4226,2778,3,21,95,119,1.226890756302521,0.04374730103773937,685,He really wants to earn his paternity leave.
4107,2778,4,19,96,119,1.226890756302521,0.04534596124666279,685,Which came first... the egg or the human on top the egg.
4096,2778,5,17,97,119,1.226890756302521,0.04689014880207883,685,It’s all about the lumbar support.
4014,2778,2,23,94,119,1.226890756302521,0.04208796139977964,685,So...Who’s in trouble?
4008,2778,2,23,94,119,1.226890756302521,0.04208796139977964,685,"Don’t stare, the embryo can sense judgement."
3998,2778,5,17,97,119,1.226890756302521,0.04689014880207883,685,Cause bean bags weren't keto enough.
4478,2778,3,21,95,119,1.226890756302521,0.04374730103773937,685,"Bobby burns a hundred calories every time he climbs up on that thing""."
2262,2778,4,19,96,119,1.226890756302521,0.04534596124666279,685,I told you he's always laying eggs when it counts.
2839,2778,4,19,96,119,1.226890756302521,0.04534596124666279,685,I thought you knew what a highball was
2155,2778,4,19,96,119,1.226890756302521,0.04534596124666279,685,"Know anymore jokes, Herb!"
829,2778,2,23,94,119,1.226890756302521,0.04208796139977964,685,It's a re gift from Fred's Mother the Goose
748,2778,5,17,97,119,1.226890756302521,0.04689014880207883,685,"You know, there's something off about him."
719,2778,3,21,95,119,1.226890756302521,0.04374730103773937,685,Would you like your egg poached or sous-Harold?
674,2778,1,25,93,119,1.226890756302521,0.04036045888604452,685,He thinks that qualifies him for girl-talk.
628,2778,1,25,93,119,1.226890756302521,0.04036045888604452,685,He's still clueless.
620,2778,5,17,97,119,1.226890756302521,0.04689014880207883,685,He just does so many zany things.
512,2778,4,19,96,119,1.226890756302521,0.04534596124666279,685,He says he's going to put everything back together again.
495,2778,2,23,94,119,1.226890756302521,0.04208796139977964,685,"Well, at least we still have the beanstalk."
491,2778,2,23,94,119,1.226890756302521,0.04208796139977964,685,Might I trouble you for some sugar?
844,2778,1,25,93,119,1.226890756302521,0.04036045888604452,685,That’s your big idea for showing more sensitivity?
447,2778,2,23,94,119,1.226890756302521,0.04208796139977964,685,"Carl, you'll never out-invent the bean bag chair."
432,2778,3,21,95,119,1.226890756302521,0.04374730103773937,685,Herb is always hatching some scheme to make millions.
306,2778,6,15,98,119,1.226890756302521,0.048385079394151514,685,Our insurance doesn't cover prehistoric egg-sitting conditions.
242,2778,3,21,95,119,1.226890756302521,0.04374730103773937,685,This really is a chicken and egg kind of situation.
180,2778,1,25,93,119,1.226890756302521,0.04036045888604452,685,It's just my defensively cheap husband guarding his nest egg....
129,2778,5,17,97,119,1.226890756302521,0.04689014880207883,685,So sorry. Please ignore him. He's just hatching another one of his tall tails.
127,2778,4,19,96,119,1.226890756302521,0.04534596124666279,685,"This is Peter, Jr., he’s doing research for Faberge’."
125,2778,4,19,96,119,1.226890756302521,0.04534596124666279,685,He sid he was going shopping for  a nest this week
35,2778,5,17,97,119,1.226890756302521,0.04689014880207883,685,How many times do I have to tell you that chair is exclusively for the breakfast nook?
25,2778,5,17,97,119,1.226890756302521,0.04689014880207883,685,Grampa offered to babysit any time both parents are working.
443,2778,3,21,95,119,1.226890756302521,0.04374730103773937,685,"Nest egg? No, it's just Ned's egg."""
874,2778,2,23,94,119,1.226890756302521,0.04208796139977964,685,What's he hatched up this time?
150,2778,5,17,97,119,1.226890756302521,0.04689014880207883,685,He watches our nest egg like a hawk.
914,2778,4,19,96,119,1.226890756302521,0.04534596124666279,685,"Sure Stanley, let's see your egg roll."
903,2778,5,17,97,119,1.226890756302521,0.04689014880207883,685,"Let him be, I don’t want to be walking on eggshells."
2150,2778,2,23,94,119,1.226890756302521,0.04208796139977964,685,Herb takes Thanksgiving to the next level.
2091,2778,2,23,94,119,1.226890756302521,0.04208796139977964,685,I sure as hell hope it doesn't hatch like he thinks it will.
2090,2778,4,19,96,119,1.226890756302521,0.04534596124666279,685,"He's been up there for a month. He thinks if it hatches we can sell it to Disney world and retire"""
2030,2778,5,17,97,119,1.226890756302521,0.04689014880207883,685,How long can he keep ignoring his hemorrhoid?
2026,2778,5,17,97,119,1.226890756302521,0.04689014880207883,685,For God's sake. Would you tell him about the Hatch Act.
1812,2778,5,17,97,119,1.226890756302521,0.04689014880207883,685,"Herb has gone green. That is not an egg he’s sitting on, that’s his flatulence collector."
1797,2778,3,21,95,119,1.226890756302521,0.04374730103773937,685,Hatching is his new hobby.
1767,2778,2,23,94,119,1.226890756302521,0.04208796139977964,685,"It’s a long story, but Jack traded his recliner for a sack of magic beans."
1740,2778,1,25,93,119,1.226890756302521,0.04036045888604452,685,It looks like Harold the bubble boy has escaped.
2038,2778,3,21,95,119,1.226890756302521,0.04374730103773937,685,He's got it upside-down; he's no egghead.
2158,2778,2,23,94,119,1.226890756302521,0.04208796139977964,685,He calls this Couch-Potato 2.0
1722,2778,2,23,94,119,1.226890756302521,0.04208796139977964,685,"Well, he did say  he was hatching an idea."
1048,2778,5,17,97,119,1.226890756302521,0.04689014880207883,685,"Clearly Harry doesn't understand the concept of a ""nest egg""."
1056,2778,4,19,96,119,1.226890756302521,0.04534596124666279,685,"Frankly speaking, he doesn't deserve to Chair this board."
1243,2778,4,19,96,119,1.226890756302521,0.04534596124666279,685,Being an empty-nester has made him broody
1121,2778,5,17,97,119,1.226890756302521,0.04689014880207883,685,These brooding male antiheroes are all the rage.
1555,2778,4,19,96,119,1.226890756302521,0.04534596124666279,685,"Gotta admit, he owned it when he laid that egg."
1623,2778,2,23,94,119,1.226890756302521,0.04208796139977964,685,Our eggs are fine. It’s the sperm we need.
1007,2778,3,21,95,119,1.226890756302521,0.04374730103773937,685,He is hoping it will be twins.
1052,2877,3,23,102,128,1.2265625,0.04181953482362248,685,He's been like this since Johnny left for college.
3967,2877,3,23,102,128,1.2265625,0.04181953482362248,685,He's very serious about breakfast.
5298,2879,3,20,92,115,1.2260869565217392,0.04463748303521268,685,He's been sitting on that nest egg since we got married.
3835,2879,2,22,91,115,1.2260869565217392,0.042894633585358666,685,When does his nest egg hatch so he can retire?
1341,2879,1,24,90,115,1.2260869565217392,0.04107790512094622,685,"He's in time-out hell for losing our real nest egg."""
16,2882,2,24,98,124,1.2258064516129032,0.041031017668178266,685,He thinks getting laid is a big deal.
653,2882,3,22,99,124,1.2258064516129032,0.04259899945360052,685,He’s just being broody.
1879,2882,2,24,98,124,1.2258064516129032,0.041031017668178266,685,His latent maternal instinct suddenly overwhelmed him.
790,2882,3,22,99,124,1.2258064516129032,0.04259899945360052,685,Our co-parenting arrangement has really brought Henry out of his shell.
347,2882,2,24,98,124,1.2258064516129032,0.041031017668178266,685,"I don't care if you can drink tea while on a balance ball, you're not invited."
3911,2882,5,18,101,124,1.2258064516129032,0.04557340717535674,685,"My new Yorker didn't arrive in Austin until yesterday, as often happens, please allow this caption into the contest (#684?) that ended Sunday. That was the honey bear issue dated 11/11/19:
""Smokey pawed me!"""
5327,2882,4,20,100,124,1.2258064516129032,0.04411128084752649,685,"Yes it’s stupid, but we need the eggs."
991,2882,2,24,98,124,1.2258064516129032,0.041031017668178266,685,We have no idea what will hatch..but thanksgiving is right around the corner.
2500,2882,4,20,100,124,1.2258064516129032,0.04411128084752649,685,He was the last one home.
1136,2882,1,26,97,124,1.2258064516129032,0.03940068612758992,685,NO egg-scuse for not visiting.
468,2892,4,19,97,120,1.225,0.04500622428164394,685,They say the delivery is the worst part.
737,2892,5,17,98,120,1.225,0.046536182122071425,685,My eyes aren’t as good as they used to be but I’m pretty sure that’s an egg.
2092,2892,4,19,97,120,1.225,0.04500622428164394,685,"Jeffrey, you do realize you are sitting on our only montisaurs egg."
1728,2892,6,15,99,120,1.225,0.04801741630812266,685,Great Eggspectations
1590,2892,4,19,97,120,1.225,0.04500622428164394,685,"I asked him what he did today, and he said “goose egg”."
4875,2892,3,21,96,120,1.225,0.04342239285991357,685,"Actually it's his second one, the first was a victim of the downstairs neighbor installing a chandelier base plate"
4741,2892,5,17,98,120,1.225,0.046536182122071425,685,At least he's not waking me up at the crack of dawn.
32,2899,4,21,104,129,1.2248062015503876,0.042964727281773966,685,Nice egg
469,2900,2,22,92,116,1.2241379310344827,0.04256788721526796,685,"Ever since he was a small boy, Robin believed this was his destiny."
712,2900,5,16,95,116,1.2241379310344827,0.047558386583394015,685,It’s all about balancing your nest egg in retirement.
965,2900,2,22,92,116,1.2241379310344827,0.04256788721526796,685,"When Mothra says 'Sit on the egg', you sit on the egg."
984,2900,2,22,92,116,1.2241379310344827,0.04256788721526796,685,And after it hatches?!
1463,2900,2,22,92,116,1.2241379310344827,0.04256788721526796,685,It's much better for my core
1882,2900,2,22,92,116,1.2241379310344827,0.04256788721526796,685,And here you were wondering if you'd ever get laid again
228,2900,2,22,92,116,1.2241379310344827,0.04256788721526796,685,It is much easier to move than the piano.
691,2900,0,26,90,116,1.2241379310344827,0.038886693701178233,685,He says it's his egg.  He laid it and he's going to stay there until it hatches.
2924,2900,3,20,93,116,1.2241379310344827,0.044293905443672864,685,"Your new chair does not go with our decor."""
3235,2900,3,20,93,116,1.2241379310344827,0.044293905443672864,685,"Not a great chair, obviously, but wait til you taste tomorrow's omelette."
4159,2900,4,18,94,116,1.2241379310344827,0.04595514222515574,685,Thankfully the equinox lasts only 2 days.
4603,2900,1,24,91,116,1.2241379310344827,0.04076886047574195,685,I made a joke about a community omelette and he hasn’t moved since.
2216,2900,3,20,93,116,1.2241379310344827,0.044293905443672864,685,"Just talking to you is a ""hard egg"" to crack"
2795,2900,1,24,91,116,1.2241379310344827,0.04076886047574195,685,He got tired of having to walk on eggshells all the time.
2760,2900,3,20,93,116,1.2241379310344827,0.044293905443672864,685,I suppose it’s better than being married to an egg head.
4946,2915,4,19,98,121,1.2231404958677685,0.04467144104934325,685,"Frank, you're mansplaining again."
4171,2915,4,19,98,121,1.2231404958677685,0.04467144104934325,685,Your eggs-huasting.
559,2915,7,13,101,121,1.2231404958677685,0.04907912780317939,685,I told you not to swallow your gum.
4457,2915,7,13,101,121,1.2231404958677685,0.04907912780317939,685,"When he topples, you call 911 and I'll hide the ball."
2768,2915,3,21,97,121,1.2231404958677685,0.04310216466249686,685,"I knew he was a good egg when you married him, Myrtle. I just didn’t know he also laid them."
5285,2920,5,18,103,126,1.2222222222222223,0.044918110871933946,685,David bought a jade egg from the GOOP website…I don't have the heart to tell him that it doesn't fit.
936,2920,3,20,94,117,1.2222222222222223,0.04395545918145444,685,Your husband still has his hen laying problem!
910,2920,3,20,94,117,1.2222222222222223,0.04395545918145444,685,Don't worry. This egg is bio-fortified .
4681,2923,3,19,91,113,1.2212389380530972,0.044859862695137545,685,This isn't what I meant by nest egg.
1944,2923,2,21,90,113,1.2212389380530972,0.043062506524023,685,"Well, his name is Horton."
3457,2923,4,17,92,113,1.2212389380530972,0.04658792862879463,685,Yet he manages to lay golden eggs for his mother.
1617,2923,1,23,89,113,1.2212389380530972,0.0411867898146536,685,"We role play as Emperor Penguins. He sits on our egg all Winter, while I spend it ranging in the open ocean."
964,2923,6,13,94,113,1.2212389380530972,0.04986472420170196,685,All the King’s horses...
696,2923,3,19,91,113,1.2212389380530972,0.044859862695137545,685,Don't bother him. He's in his incubation phase.
5031,2929,3,22,102,127,1.220472440944882,0.04170078966715258,685,How cheap is he?  He’s so cheap he decided to go cage free and free range.
739,2930,3,20,95,118,1.2203389830508475,0.043622033680757795,685,George is trying to get backing for a play he has been writing for years.
692,2930,3,20,95,118,1.2203389830508475,0.043622033680757795,685,His financial advisor suggested it.
1573,2930,0,26,92,118,1.2203389830508475,0.03831824849223316,685,It was already expired when he bought it.
2243,2930,4,18,96,118,1.2203389830508475,0.04525203171228205,685,He refuses to accept being an empty nester.
4776,2934,2,23,98,123,1.2195121951219512,0.040876354594082794,685,I'm not sure if he's gender/species curious or species/gender curious.
3076,2935,4,17,93,114,1.219298245614035,0.046218216889008214,685,The poor dear. If only he'd just drop in at the Elephantiasis Clinic.
3099,2935,4,17,93,114,1.219298245614035,0.046218216889008214,685,Glad he didn’t grow a pair
3149,2935,1,23,90,114,1.219298245614035,0.040870005958214176,685,What did I say about egg-laying when we have company over?
3188,2935,4,17,93,114,1.219298245614035,0.046218216889008214,685,Frank lost the receipt to the trendy furniture store.
3330,2935,4,17,93,114,1.219298245614035,0.046218216889008214,685,It's just George's way of hatching new ideas to improve the world.
3347,2935,2,21,91,114,1.219298245614035,0.04272719019722035,685,He's been brooding since the dinosaurs went extinct.
3351,2935,8,9,97,114,1.219298245614035,0.05250852457362829,685,Alfred is exploring penguin masculinity.
3404,2935,3,19,92,114,1.219298245614035,0.044506945270085925,685,"'Yeah, we were with our investment guy the other day and he said' just sit on it'!'"
3655,2935,5,15,94,114,1.219298245614035,0.04786835037396196,685,"If he says ""Let's just sit on this for a while"" one more time, I'm outta here."
3417,2935,3,19,92,114,1.219298245614035,0.044506945270085925,685,Ohmmmmmlet
3606,2935,3,19,92,114,1.219298245614035,0.044506945270085925,685,He's taking the Paleo Diet a little too far.
3545,2935,2,21,91,114,1.219298245614035,0.04272719019722035,685,He keeps mumbling something about being faithful 100%- I wish!
3592,2935,4,17,93,114,1.219298245614035,0.046218216889008214,685,Did I mention Arthur is a 1/4 penguin on his father's side?
3074,2935,5,15,94,114,1.219298245614035,0.04786835037396196,685,It's called a Yök. You can probably guess where we bought it.
3847,2935,3,19,92,114,1.219298245614035,0.044506945270085925,685,Whoever heard of a father hen?
3760,2935,2,21,91,114,1.219298245614035,0.04272719019722035,685,"‘Really? All you have to do is sit on it? 
That seems a bit over-easy!’"
3759,2935,3,19,92,114,1.219298245614035,0.044506945270085925,685,It's not the lesson I had in mind when I told him how male and female birds share responsibility for rearing their chicks.
3877,2935,4,17,93,114,1.219298245614035,0.046218216889008214,685,. . . and Wilbert's hatching another one his hare-brained schemes.
3426,2935,1,23,90,114,1.219298245614035,0.040870005958214176,685,"That's right, I'm half ostrich."
2960,2935,1,23,90,114,1.219298245614035,0.040870005958214176,685,Floyd's re-imaging of the Egg chair satisfies his nurturing instinct.
3059,2935,2,21,91,114,1.219298245614035,0.04272719019722035,685,"So he's got a hernia, big deal -- I have a hangnail you should see."
2537,2935,3,19,92,114,1.219298245614035,0.044506945270085925,685,At first  Ralph thought he was constipated and then....
2561,2935,6,13,95,114,1.219298245614035,0.04946346492765509,685,"""Marvin's chicken delusion is finally paying off."""
2581,2935,4,17,93,114,1.219298245614035,0.046218216889008214,685,"As you can see, the egg came first..."
2607,2935,4,17,93,114,1.219298245614035,0.046218216889008214,685,"Wanna cookie, Humpty?"
2639,2935,4,17,93,114,1.219298245614035,0.046218216889008214,685,He's collecting natural gas to prepare for PGE's next power shutoff...
2676,2935,2,21,91,114,1.219298245614035,0.04272719019722035,685,He  still thinks it’s going to hatch a clone of himself
2680,2935,3,19,92,114,1.219298245614035,0.044506945270085925,685,"I've seen eggheads before, but not an egg bottom."
2762,2935,3,19,92,114,1.219298245614035,0.044506945270085925,685,These adult diapers are getting too awkward.
2763,2935,2,21,91,114,1.219298245614035,0.04272719019722035,685,"I told you George, your future's too bright for you to be tied down to that old bird."
2822,2935,1,23,90,114,1.219298245614035,0.040870005958214176,685,He's hoping it looks like him.
2823,2935,3,19,92,114,1.219298245614035,0.044506945270085925,685,we're hoping for a girl
2824,2935,2,21,91,114,1.219298245614035,0.04272719019722035,685,I can't wait. The last one he hatched still does our grocery shopping.
2861,2935,3,19,92,114,1.219298245614035,0.044506945270085925,685,Jim was looking for something contemporary and pedestal-y
2922,2935,4,17,93,114,1.219298245614035,0.046218216889008214,685,Do you think George might be overdoing the hypnotherapy?
3962,2935,1,23,90,114,1.219298245614035,0.040870005958214176,685,"I told him that it's fossilised, so now he's trying to say something about my as a mother."
3036,2935,2,21,91,114,1.219298245614035,0.04272719019722035,685,"I keep telling him to have the doctor look at it"""
3040,2935,3,19,92,114,1.219298245614035,0.044506945270085925,685,You're posturing.
3042,2935,4,17,93,114,1.219298245614035,0.046218216889008214,685,"Harold the Francophile won't answer your question unless you call it an ""œuf."""
3056,2935,2,21,91,114,1.219298245614035,0.04272719019722035,685,You should have seen him when our oldest left.
3066,2935,6,13,95,114,1.219298245614035,0.04946346492765509,685,So are we not gonna talk about the elephantiasis in the room?!
3995,2935,4,17,93,114,1.219298245614035,0.046218216889008214,685,"Get cracking, we don't have all day."
4309,2935,4,17,93,114,1.219298245614035,0.046218216889008214,685,The Flomax hasn't seemed to help.
4072,2935,2,21,91,114,1.219298245614035,0.04272719019722035,685,Harold hasn't been adjusting well to being an empty nester.
4745,2935,2,21,91,114,1.219298245614035,0.04272719019722035,685,He says it's a real man's version of the Goop Jade Egg.
4755,2935,5,15,94,114,1.219298245614035,0.04786835037396196,685,It's going to take longer becasue he likes it hard-boiled.
4796,2935,2,21,91,114,1.219298245614035,0.04272719019722035,685,Henry is hatching a plan to get new furniture.
4806,2935,1,23,90,114,1.219298245614035,0.040870005958214176,685,How about brunch for our first double date?
4836,2935,1,23,90,114,1.219298245614035,0.040870005958214176,685,"He just lays around all day and, it's never easy to get him to scramble into motion."
4850,2935,5,15,94,114,1.219298245614035,0.04786835037396196,685,You traded your bean bag chair for that?
4906,2935,1,23,90,114,1.219298245614035,0.040870005958214176,685,"And then our neighbor drops by, looks at him and asks, 'Harry, are you comfortable?' and Harry says, ""Oh, I make a living."
4972,2935,4,17,93,114,1.219298245614035,0.046218216889008214,685,"It’s actually mid-century, just not this century."
5021,2935,3,19,92,114,1.219298245614035,0.044506945270085925,685,Let’s yell at Harold more..... I love watching him sit on eggs.
5061,2935,3,19,92,114,1.219298245614035,0.044506945270085925,685,I want to travel.  He just wants to sit on our nest egg.
5189,2935,1,23,90,114,1.219298245614035,0.040870005958214176,685,"If you're determined to build an indoor snowman, would you at least finish before it melts?"
5233,2935,4,17,93,114,1.219298245614035,0.046218216889008214,685,I take no shifts.
5311,2935,6,13,95,114,1.219298245614035,0.04946346492765509,685,I see your husband is hatching another one of his crazy get rich quick schemes.
5317,2935,3,19,92,114,1.219298245614035,0.044506945270085925,685,I remember when these cartoons were funny.
2489,2935,5,15,94,114,1.219298245614035,0.04786835037396196,685,Goop said this was good for my yoni.
5236,2935,4,17,93,114,1.219298245614035,0.046218216889008214,685,"If that thing hatches, you're in a heap of trouble!"""
5300,2935,1,23,90,114,1.219298245614035,0.040870005958214176,685,"Fine, Harold, you have maternal instincts too."
5252,2935,4,17,93,114,1.219298245614035,0.046218216889008214,685,"Six months now you're sitting Mort, and it's just not gonna' hatch."
5331,2935,2,21,91,114,1.219298245614035,0.04272719019722035,685,"brings a whole  new meaning to the term ""Egg Head"""
4731,2935,5,15,94,114,1.219298245614035,0.04786835037396196,685,"Climb down,Henry. There are more enjoyable ways of reproduction."
4058,2935,4,17,93,114,1.219298245614035,0.046218216889008214,685,I don't have the heart to tell Harold that Lady Gaga isn't going to come out
4722,2935,6,13,95,114,1.219298245614035,0.04946346492765509,685,He gets all of his inventions from the same place!
4652,2935,3,19,92,114,1.219298245614035,0.044506945270085925,685,.... but he's a good egg.
4118,2935,3,19,92,114,1.219298245614035,0.044506945270085925,685,"After retirement, he needed a hobby."
4123,2935,2,21,91,114,1.219298245614035,0.04272719019722035,685,Harold thinks he may be sitting on something big. Me? I'd just like an omelet.
4164,2935,2,21,91,114,1.219298245614035,0.04272719019722035,685,"Yeah, that’s the big nest egg the wacko told me about before I married him."
4268,2935,3,19,92,114,1.219298245614035,0.044506945270085925,685,He really hasn’t been the same since he discovered Goop.
4292,2935,2,21,91,114,1.219298245614035,0.04272719019722035,685,Humpty's been scrambling to get himself back together since his great fall.
4365,2935,3,19,92,114,1.219298245614035,0.044506945270085925,685,Not safe in the stock market.
4400,2935,2,21,91,114,1.219298245614035,0.04272719019722035,685,What’s the point if it’s already been boiled?
4461,2935,4,17,93,114,1.219298245614035,0.046218216889008214,685,It was too big for the frying pan. So what else were we supposed to do wit it?
4463,2935,4,17,93,114,1.219298245614035,0.046218216889008214,685,Your new medication is really helping you Harold. You're so on the ball tonight!!!
4491,2935,4,17,93,114,1.219298245614035,0.046218216889008214,685,The candling is going to require a bonfire.
4501,2935,5,15,94,114,1.219298245614035,0.04786835037396196,685,It's a Task Rabbit job for a client named Horton.
4504,2935,2,21,91,114,1.219298245614035,0.04272719019722035,685,Wouldn't an incubator be more practical?
4509,2935,3,19,92,114,1.219298245614035,0.044506945270085925,685,"Actually, he's trying to put it back where it came from."
4520,2935,4,17,93,114,1.219298245614035,0.046218216889008214,685,"I don’t know, Madge, it’s a bit more than I’d want in a conversation piece."
4615,2935,3,19,92,114,1.219298245614035,0.044506945270085925,685,He's waiting for his Nest Egg to hatch
4634,2935,2,21,91,114,1.219298245614035,0.04272719019722035,685,He loved 'The March of the Penguins'.
4644,2935,5,15,94,114,1.219298245614035,0.04786835037396196,685,Gloria and Ethel finally realized where Herb hid his bubble gum.
4645,2935,4,17,93,114,1.219298245614035,0.046218216889008214,685,"Yes, ever since Game of Thrones."
4649,2935,4,17,93,114,1.219298245614035,0.046218216889008214,685,Is this one of those TicTok videos?
4705,2935,3,19,92,114,1.219298245614035,0.044506945270085925,685,Stop pretending to be Humpty Dumpty!
2463,2935,1,23,90,114,1.219298245614035,0.040870005958214176,685,"Oh, you're a Curate?"
1614,2935,4,17,93,114,1.219298245614035,0.046218216889008214,685,Do now swallow chewing gum next time!
2458,2935,3,19,92,114,1.219298245614035,0.044506945270085925,685,As if there wasn't already more than enough to talk about during Thansgiving dinner.
639,2935,3,19,92,114,1.219298245614035,0.044506945270085925,685,But he still never changed a diaper.
645,2935,2,21,91,114,1.219298245614035,0.04272719019722035,685,I recognize you from twitter.
688,2935,3,19,92,114,1.219298245614035,0.044506945270085925,685,"‘I wasn’t gonna have kids, anyway’"
767,2935,6,13,95,114,1.219298245614035,0.04946346492765509,685,It’s an extreme case of enlarged prostate syndrome.
784,2935,3,19,92,114,1.219298245614035,0.044506945270085925,685,"So, what’s new?"
854,2935,3,19,92,114,1.219298245614035,0.044506945270085925,685,"So which came first, your husband or the egg?"
941,2935,5,15,94,114,1.219298245614035,0.04786835037396196,685,"After all these years, Harvey still manages to crack me up."
580,2935,3,19,92,114,1.219298245614035,0.044506945270085925,685,You should see the skillet.
994,2935,2,21,91,114,1.219298245614035,0.04272719019722035,685,Henry is struggling with becoming an empty-nester.
1082,2935,4,17,93,114,1.219298245614035,0.046218216889008214,685,Do you know what you're having?
1092,2935,1,23,90,114,1.219298245614035,0.040870005958214176,685,His pet rock grew into his pet egg.
1107,2935,3,19,92,114,1.219298245614035,0.044506945270085925,685,"Egging him on"" is how all of this started"
1111,2935,3,19,92,114,1.219298245614035,0.044506945270085925,685,They never warn you about putting too MUCH into your retirement.
1125,2935,2,21,91,114,1.219298245614035,0.04272719019722035,685,"Don’t worry, I made him hard boil it first."
1158,2935,2,21,91,114,1.219298245614035,0.04272719019722035,685,This way we don't have to wait nine months.
1159,2935,1,23,90,114,1.219298245614035,0.040870005958214176,685,"It might be the best project in his New School class, but that isn't saying much."
1054,2935,4,17,93,114,1.219298245614035,0.046218216889008214,685,Don't worry--he's just trying to hatch another one of his crazy ideas.
555,2935,3,19,92,114,1.219298245614035,0.044506945270085925,685,"Yeah, well, I give him 30 minutes, or as long as it takes for his legs to go to sleep."
531,2935,4,17,93,114,1.219298245614035,0.046218216889008214,685,"Don't mind him; he thinks he's in ""March of the Accountants."""
529,2935,2,21,91,114,1.219298245614035,0.04272719019722035,685,"Stanley, I'm less worried about it hatching than you falling."
13,2935,4,17,93,114,1.219298245614035,0.046218216889008214,685,SAM!  You're not a CHICKEN!
43,2935,4,17,93,114,1.219298245614035,0.046218216889008214,685,Time to cash in our nest egg.
45,2935,3,19,92,114,1.219298245614035,0.044506945270085925,685,"Ok, we get it, you're a feminist."
170,2935,3,19,92,114,1.219298245614035,0.044506945270085925,685,"He said something about “core”. Beats me, it looks like he’s sitting on an egg."
184,2935,3,19,92,114,1.219298245614035,0.044506945270085925,685,"In 18 more days, this is going to be big! I could use help from you ladies."
199,2935,2,21,91,114,1.219298245614035,0.04272719019722035,685,George is having ‘empty nest’ issues.
230,2935,3,19,92,114,1.219298245614035,0.044506945270085925,685,His boss told him he's spineless.
269,2935,2,21,91,114,1.219298245614035,0.04272719019722035,685,It’s amazing how much bigger the chicks are when Harold nurtures the eggs.
275,2935,1,23,90,114,1.219298245614035,0.040870005958214176,685,"We were hoping for twins, but he’s got enough to tend to as is..."
281,2935,3,19,92,114,1.219298245614035,0.044506945270085925,685,"Stop calling it a big lay, Mother."
288,2935,3,19,92,114,1.219298245614035,0.044506945270085925,685,I keep telling George it will hatch whether he sits on it or not.
382,2935,1,23,90,114,1.219298245614035,0.040870005958214176,685,He's testing his theory about the Origin of Species.
385,2935,4,17,93,114,1.219298245614035,0.046218216889008214,685,"Now, as you both know, I've been weighing a White House bid for months."
395,2935,2,21,91,114,1.219298245614035,0.04272719019722035,685,I've noticed that he has become increasingly egocentric.
448,2935,3,19,92,114,1.219298245614035,0.044506945270085925,685,How do you feel about Nest-Century Modern?
505,2935,3,19,92,114,1.219298245614035,0.044506945270085925,685,Marv always said he was sitting on a huge nest egg
525,2935,2,21,91,114,1.219298245614035,0.04272719019722035,685,His way of protecting our nest egg.
1171,2935,5,15,94,114,1.219298245614035,0.04786835037396196,685,"He got it on eBay for $100, and that included instructions on how to hatch it."
1209,2935,2,21,91,114,1.219298245614035,0.04272719019722035,685,He wants his retirement to have meaning.
290,2935,6,13,95,114,1.219298245614035,0.04946346492765509,685,Roger's high cholesterol diet has eliminated his need for a recliner.
1222,2935,2,21,91,114,1.219298245614035,0.04272719019722035,685,Bob made it from a kit.
1619,2935,2,21,91,114,1.219298245614035,0.04272719019722035,685,"It runs in my family, and yes, it hurts."
1646,2935,5,15,94,114,1.219298245614035,0.04786835037396196,685,Which comes first? The egg or the doomed relationship?
1652,2935,2,21,91,114,1.219298245614035,0.04272719019722035,685,National Geographic will love this for Osprey week.
1683,2935,5,15,94,114,1.219298245614035,0.04786835037396196,685,Why are you egg-noring us?
1748,2935,2,21,91,114,1.219298245614035,0.04272719019722035,685,"I also doubted Henry at first, but he really is laying it all on the line."
1880,2935,2,21,91,114,1.219298245614035,0.04272719019722035,685,I told him to start with a herb garden on the balcony but he's never been one to start small.
1889,2935,1,23,90,114,1.219298245614035,0.040870005958214176,685,You think you can protect Humpty all of your life?
2460,2935,5,15,94,114,1.219298245614035,0.04786835037396196,685,Since retiring he’s gotten more and more into the feminist movement.
2102,2935,3,19,92,114,1.219298245614035,0.044506945270085925,685,"I asked Arthur to try and stay busy after retirement."""
2135,2935,2,21,91,114,1.219298245614035,0.04272719019722035,685,Has it been a whole year already since the last vernal equinox?
2136,2935,4,17,93,114,1.219298245614035,0.046218216889008214,685,"He's looking for sympathy for his back so you'll volunteer to do the dishes, just ignore him."
2329,2935,4,17,93,114,1.219298245614035,0.046218216889008214,685,Idk Frank. You might want get that hemorrhoid checked.
2324,2935,3,19,92,114,1.219298245614035,0.044506945270085925,685,You're not doing it right...
2171,2935,4,17,93,114,1.219298245614035,0.046218216889008214,685,It's a jade egg for his prostate.
2206,2935,4,17,93,114,1.219298245614035,0.046218216889008214,685,Get your own cookie.
1611,2935,1,23,90,114,1.219298245614035,0.040870005958214176,685,"Well, actually, let me egg-splain..."
2250,2935,6,13,95,114,1.219298245614035,0.04946346492765509,685,Is it permanent?
2276,2935,0,25,89,114,1.219298245614035,0.038924311065187546,685,"It saves us a ton at the market, and his core has never been stronger."
1597,2935,4,17,93,114,1.219298245614035,0.046218216889008214,685,"Harry, a good dick, nut and butt man will lance it and you'll walk out."
1280,2935,4,17,93,114,1.219298245614035,0.046218216889008214,685,"Our accountant says don't think about it until we're seventy."""
1282,2935,3,19,92,114,1.219298245614035,0.044506945270085925,685,Midlife ovary envy--he'll get over it eventually.
1291,2935,3,19,92,114,1.219298245614035,0.044506945270085925,685,He has wanted a dinosaur ever ever since he was an infant!
1303,2935,4,17,93,114,1.219298245614035,0.046218216889008214,685,Our entire marriage has been a delicate balance.
1383,2935,4,17,93,114,1.219298245614035,0.046218216889008214,685,The Egg-Z-Boy salesperson was so good that Edwin even splurged for the Double Yolk Warranty.
1602,2935,2,21,91,114,1.219298245614035,0.04272719019722035,685,I’m babysitting.
1253,2935,4,17,93,114,1.219298245614035,0.046218216889008214,685,Will you please just see the doctor and get that thing removed?
1414,2935,6,13,95,114,1.219298245614035,0.04946346492765509,685,Well...they said it was an EGGcellent couch in the advertisement...
1450,2935,4,17,93,114,1.219298245614035,0.046218216889008214,685,Do you know if it’s a boy or a girl?
1457,2935,4,17,93,114,1.219298245614035,0.046218216889008214,685,Pam: I give you money to buy groceries and you come home with this?!
1502,2935,2,21,91,114,1.219298245614035,0.04272719019722035,685,"I know, right?  They just pop out of Leonard.  I can't explain the physics behind it."""
1545,2935,5,15,94,114,1.219298245614035,0.04786835037396196,685,"Well look at that, you finally laid a chick."
1247,2935,4,17,93,114,1.219298245614035,0.046218216889008214,685,I can see he’s trying to hatch one of his schemes again.
1589,2935,1,23,90,114,1.219298245614035,0.040870005958214176,685,He wants a child more than I do.
1422,2935,3,19,92,114,1.219298245614035,0.044506945270085925,685,"Behold, the king on his throne."
1249,2935,1,23,90,114,1.219298245614035,0.040870005958214176,685,Are you sure that's what the broker meant by a nest egg?
1676,3101,5,16,98,119,1.218487394957983,0.04646707114081311,685,"If you think this egg is ginormous, you ought to see the hen!"
3972,3101,3,20,96,119,1.218487394957983,0.04329352138381544,685,His idea of a substantial nest egg.
2663,3101,2,22,95,119,1.218487394957983,0.04161609232633013,685,It's a scheme he's working on.
2748,3104,5,17,102,124,1.217741935483871,0.045171358137465624,685,"Hey dude, did you lay that egg?"
2777,3105,1,23,91,115,1.2173913043478262,0.040557910675105675,685,It’s like I’ve been telling you... he’s going to crack any day now.
1031,3105,5,15,95,115,1.2173913043478262,0.04748858098023914,685,I've been sitting on it since I was twelve. What? It's extinct?
838,3105,2,21,92,115,1.2173913043478262,0.04239692700687835,685,He's just trying to egg me on.
462,3105,5,15,95,115,1.2173913043478262,0.04748858098023914,685,We've had trouble finding a doula.
3547,3105,4,17,94,115,1.2173913043478262,0.045854225783672445,685,What the hell Burt! There might be a mastodon in there!
2483,3110,2,20,89,111,1.2162162162162162,0.04322276337316575,685,Harold takes our nest egg very seriously.
2496,3110,5,14,92,111,1.2162162162162162,0.04857579402349662,685,You just tuned 65.  Time to crack into your nest egg.
2526,3110,4,16,91,111,1.2162162162162162,0.04685944516544137,685,"Ed, the chair is a lot more comfortable than the egg."
3248,3110,2,20,89,111,1.2162162162162162,0.04322276337316575,685,George is warming it up for his egg Mc Muffin in the morning.
3101,3110,2,20,89,111,1.2162162162162162,0.04322276337316575,685,And how many eggs are you planning to hatch this way?” “Un oeuf is enough
2406,3110,1,22,88,111,1.2162162162162162,0.04128446572032288,685,It's something his proctologist thought would help.
2274,3110,2,20,89,111,1.2162162162162162,0.04322276337316575,685,"Earl, you finally laid a good one..."
2245,3110,2,20,89,111,1.2162162162162162,0.04322276337316575,685,"I told him we aren't ready to hatch our nest egg, but does he listen to me?"
3106,3110,1,22,88,111,1.2162162162162162,0.04128446572032288,685,He thinks incubating counts as exercise.
3194,3110,1,22,88,111,1.2162162162162162,0.04128446572032288,685,We're not buying a turkey this year.
2419,3110,3,18,90,111,1.2162162162162162,0.045077793173721833,685,"Sitting on a ball  for posture or meditation, it’s all the same to us!"
2643,3110,3,18,90,111,1.2162162162162162,0.045077793173721833,685,The question isn’t where it came from. I am just afraid it shows he been having an affair with its mother.
5187,3110,3,18,90,111,1.2162162162162162,0.045077793173721833,685,He's got egg on his butt.
2228,3110,1,22,88,111,1.2162162162162162,0.04128446572032288,685,I am glad to see you are sharing the burden.
3375,3110,4,16,91,111,1.2162162162162162,0.04685944516544137,685,Frank swears it's not Humpty Dumpty.
3398,3110,0,24,87,111,1.2162162162162162,0.03925056618715647,685,He’s always had an inflated eggo.
3566,3110,2,20,89,111,1.2162162162162162,0.04322276337316575,685,I’m still waiting for the idea.
3744,3110,2,20,89,111,1.2162162162162162,0.04322276337316575,685,He will use any excuse to not have to get off his butt!! Even if it means sitting on an egg!!
4867,3110,3,18,90,111,1.2162162162162162,0.045077793173721833,685,He swallowed an enormous piece of bubble gum.
3802,3110,2,20,89,111,1.2162162162162162,0.04322276337316575,685,The world isn't our oyster anymore.
3985,3110,1,22,88,111,1.2162162162162162,0.04128446572032288,685,"He swears it's not his, but we'll know for sure in a few weeks."
4267,3110,4,16,91,111,1.2162162162162162,0.04685944516544137,685,"That's nothing,you should of seen what he went threw to lay the egg."
4379,3110,1,22,88,111,1.2162162162162162,0.04128446572032288,685,When do you think it will hatch?
4407,3110,3,18,90,111,1.2162162162162162,0.045077793173721833,685,I don’t think it will fit.
4434,3110,4,16,91,111,1.2162162162162162,0.04685944516544137,685,Paul got his egg from Gwyneth Paltrow for Men.”
3304,3110,1,22,88,111,1.2162162162162162,0.04128446572032288,685,"You mark my words, Ethyle. Whatever Harry's hatching this time is gonna be EPIC!"
2186,3110,5,14,92,111,1.2162162162162162,0.04857579402349662,685,He's convinced that it will hatch.
1655,3110,1,22,88,111,1.2162162162162162,0.04128446572032288,685,His mother had a crush on Foghorn Leghorn and the rest is history.
1667,3110,3,18,90,111,1.2162162162162162,0.045077793173721833,685,He's a taskrabbit for oviraptorosaurs.
5121,3110,2,20,89,111,1.2162162162162162,0.04322276337316575,685,It's a sex thing.
4483,3110,3,18,90,111,1.2162162162162162,0.045077793173721833,685,Well that's just egg'selent.
5261,3110,3,18,90,111,1.2162162162162162,0.045077793173721833,685,"Your new chair is really chic, Ken."
5042,3110,3,18,90,111,1.2162162162162162,0.045077793173721833,685,"Tomorrow, he shops for a really tall ottoman."
4932,3110,2,20,89,111,1.2162162162162162,0.04322276337316575,685,Looks like the hemorrhoid cream isn't working
1836,3110,1,22,88,111,1.2162162162162162,0.04128446572032288,685,It took  four guys to get it in here.
132,3110,2,20,89,111,1.2162162162162162,0.04322276337316575,685,"So ""raising"" the kids wasn't enough for you?"
147,3110,2,20,89,111,1.2162162162162162,0.04322276337316575,685,I think Milton is hatching some plan.
336,3110,4,16,91,111,1.2162162162162162,0.04685944516544137,685,Fred gets a little broody about our nest egg.
21,3110,2,20,89,111,1.2162162162162162,0.04322276337316575,685,"I've tried to get him interested in other things, but the egg always comes first."
870,3110,4,16,91,111,1.2162162162162162,0.04685944516544137,685,The egghead is trying to make a point.
1036,3110,2,20,89,111,1.2162162162162162,0.04322276337316575,685,I got the house. The 401k is his.
1037,3110,3,18,90,111,1.2162162162162162,0.045077793173721833,685,Ed doesn't stray far from the nest egg since pulling it from the market.
1071,3110,4,16,91,111,1.2162162162162162,0.04685944516544137,685,My husband’s mind is a bit scrambled.  He thinks he is sitting on a jumbo egg.
1076,3110,2,20,89,111,1.2162162162162162,0.04322276337316575,685,Mommy is still in the hospital maternity center recovering from the delivery.
1309,3110,2,20,89,111,1.2162162162162162,0.04322276337316575,685,"Oh yes, Harold's very protective of our nest egg."
1372,3110,3,18,90,111,1.2162162162162162,0.045077793173721833,685,I finally got Jerry to take care of the kids for once
5244,3110,5,14,92,111,1.2162162162162162,0.04857579402349662,685,"Every winter with my Harry, it's Florida or ovicide."
687,3110,1,22,88,111,1.2162162162162162,0.04128446572032288,685,Derwood loves to show off his nest egg.
4498,3110,2,20,89,111,1.2162162162162162,0.04322276337316575,685,"So which came first, Ken or the egg?"
4411,3159,6,13,97,116,1.2155172413793103,0.048679773132767,685,Stan’s constipation is becoming an issue.
2648,3159,4,17,95,116,1.2155172413793103,0.045495826592063866,685,"Well, this is new. He wasn’t interested in MY eggs."
5249,3159,0,25,91,116,1.2155172413793103,0.03834279707285461,685,His way of coping when he watches the world news.
2715,3162,2,22,97,121,1.2148760330578512,0.04100428582425275,685,"Sure, I've made mistakes, but he..."
2033,3163,2,20,90,112,1.2142857142857142,0.04287858751340459,685,"When he said we would wait for an idea to hatch, I wan't expecting this!"
3150,3163,4,16,92,112,1.2142857142857142,0.04647928128634325,685,He just keeps repeating that he meant what he said and he said what he meant.
5176,3163,1,22,89,112,1.2142857142857142,0.04095971321029403,685,"We can't go anywhere. 
He just sits on our nest egg."
3285,3166,2,19,87,108,1.212962962962963,0.0437331304091476,685,You have always liked your men brooding.
1386,3166,1,21,86,108,1.212962962962963,0.0417075104610105,685,He has always had a strong maternal instinct.
1645,3166,2,19,87,108,1.212962962962963,0.0437331304091476,685,What? I'm just babysitting.
2084,3166,3,17,88,108,1.212962962962963,0.04566899344097394,685,I told him he needs to pass a paternity test before we start having kids.
2095,3166,4,15,89,108,1.212962962962963,0.047526068935268895,685,I didn't lay it;  I'm not gonna sit on it!
2116,3166,4,15,89,108,1.212962962962963,0.047526068935268895,685,His latest big idea hasn’t hatched yet.
2504,3166,1,21,86,108,1.212962962962963,0.0417075104610105,685,"It was a real challenge for Bill to get it out of the fertility clinic, into the Uber, up the steps and into the house, but he seems very serious about this “new chance at parenting” thing."
2515,3166,2,19,87,108,1.212962962962963,0.0437331304091476,685,Harry's favorite John Woo movie is Hard Boiled starring Chow Yun-fat.
2650,3166,3,17,88,108,1.212962962962963,0.04566899344097394,685,I laid it. Sitting is the least he can do!
2731,3166,3,17,88,108,1.212962962962963,0.04566899344097394,685,"I've heard of walking on eggshells, but, come on"""
3370,3166,5,13,90,108,1.212962962962963,0.049313258815131475,685,Marvin is one letter away from having an ego.
3770,3166,0,23,85,108,1.212962962962963,0.039578354719809784,685,"He says ""right to life"" extends to Emu embryos too."
3896,3166,3,17,88,108,1.212962962962963,0.04566899344097394,685,"First it was his pet chicken, now this."
3956,3166,4,15,89,108,1.212962962962963,0.047526068935268895,685,"He begged for a cesarean, but I insisted that he deliver it naturally."
4015,3166,2,19,87,108,1.212962962962963,0.0437331304091476,685,We gotta stop letting him watch March of the Penguins
4377,3166,4,15,89,108,1.212962962962963,0.047526068935268895,685,Is this what those teachers mean by Flexible Seating arrangements?
4573,3166,2,19,87,108,1.212962962962963,0.0437331304091476,685,March of the Penguins was on the National Geographic Channel last night.
4896,3166,2,19,87,108,1.212962962962963,0.0437331304091476,685,He thinks this will help him get laid.
5101,3166,3,17,88,108,1.212962962962963,0.04566899344097394,685,The doctor says it's the worst case of hemorrhoids he's ever seen.
5321,3166,4,15,89,108,1.212962962962963,0.047526068935268895,685,That's his creative process. He says he's birthing something.
1377,3166,3,17,88,108,1.212962962962963,0.04566899344097394,685,Herman's faithful one hundred per cent
1010,3166,3,17,88,108,1.212962962962963,0.04566899344097394,685,I can hatch it!
1396,3166,3,17,88,108,1.212962962962963,0.04566899344097394,685,My husband works for Trump and hatches plots.
861,3166,1,21,86,108,1.212962962962963,0.0417075104610105,685,Nesting is a confusing issue for him.
950,3166,2,19,87,108,1.212962962962963,0.0437331304091476,685,He never could break an egg shell.
15,3166,2,19,87,108,1.212962962962963,0.0437331304091476,685,Ralph found it at a garage sale.
353,3166,2,19,87,108,1.212962962962963,0.0437331304091476,685,"Never the less, he persists."
386,3166,1,21,86,108,1.212962962962963,0.0417075104610105,685,"Frankly, I prefer scrambled."
391,3166,3,17,88,108,1.212962962962963,0.04566899344097394,685,"Henry, you had to cut a hole in your pants for it! Just admit that it's a tumor!!!"
163,3166,3,17,88,108,1.212962962962963,0.04566899344097394,685,"I don't care what you read on the internet. You have to be a hen to incubate Big Bird's off-spring for 28 days. You know hens are female, right?"
530,3166,3,17,88,108,1.212962962962963,0.04566899344097394,685,He's only eating seeds and grains but our food bill has doubled.
679,3166,3,17,88,108,1.212962962962963,0.04566899344097394,685,He was too cheap to spring for a real Arne Jacobsen.
830,3166,3,17,88,108,1.212962962962963,0.04566899344097394,685,He thinks he’s  an egg head.
441,3166,4,15,89,108,1.212962962962963,0.047526068935268895,685,I think it's a boy. Harold thinks it's a western omelette.
4360,3200,6,12,95,113,1.2123893805309736,0.04941396038228338,685,There are somethings we do better that men never will.
2035,3200,6,12,95,113,1.2123893805309736,0.04941396038228338,685,How long will he sit there before it hatches?
1986,3200,4,16,93,113,1.2123893805309736,0.04610513913732104,685,Charlie's nest egg is impressive!
2622,3203,2,19,88,109,1.2110091743119267,0.04337407810681607,685,Roger is very protective of our rest egg.
3475,3203,2,19,88,109,1.2110091743119267,0.04337407810681607,685,He’s been reading Dr. Seuss again.
3322,3203,3,17,89,109,1.2110091743119267,0.04529023423348228,685,It’s his nest egg and he’s keeping it
2508,3203,1,21,87,109,1.2110091743119267,0.041369263787365995,685,"Really Hank, a retirement omelette?"
2660,3203,1,21,87,109,1.2110091743119267,0.041369263787365995,685,It's going to hatch into a Bruyer!
2908,3203,1,21,87,109,1.2110091743119267,0.041369263787365995,685,"Although we never had children, Reginald has always wondered what it felt like to be an empty-nester."
2727,3203,2,19,88,109,1.2110091743119267,0.04337407810681607,685,i egged him on too much!
2729,3203,2,19,88,109,1.2110091743119267,0.04337407810681607,685,"After we saw that documentary on penguins, he's been inspired to take on more responsibilities as the emperor male in our house."""
2787,3203,3,17,89,109,1.2110091743119267,0.04529023423348228,685,He sure laid an egg when he bought that recliner!
2925,3203,4,15,90,109,1.2110091743119267,0.04712854742331021,685,"At least he’s quiet—other than castigating the giant bird in rhyming couplets, and insisting he’s “faithful, one hundred per cent.”"
3239,3203,0,23,86,109,1.2110091743119267,0.03926221238036851,685,"I have a pimple on my buttocks, Cheryl."
3315,3203,3,17,89,109,1.2110091743119267,0.04529023423348228,685,I think it's more embarrassing to have to purchase Preparation H by the gallon.
3745,3203,5,13,91,109,1.2110091743119267,0.048897797982513584,685,"He went from meat eater, to vegetarian, to vegan . . . and now he just sits there all day and protects his egg.  I'm afraid for the next evolution."
2721,3203,1,21,87,109,1.2110091743119267,0.041369263787365995,685,He tends to egg on people so I got it for him in hopes that he׳ll develop some empathy
3826,3203,3,17,89,109,1.2110091743119267,0.04529023423348228,685,Double Bubble and chile...
3053,3203,1,21,87,109,1.2110091743119267,0.041369263787365995,685,"Yep, says he's going to be the ""Father of Dragons"" ."
3904,3203,3,17,89,109,1.2110091743119267,0.04529023423348228,685,All year he says he's finally going to replace the ottoman then one day I came home to see he's really laid an egg.
4032,3203,1,21,87,109,1.2110091743119267,0.041369263787365995,685,Your son won't move out?  Count yourself lucky.
4035,3203,2,19,88,109,1.2110091743119267,0.04337407810681607,685,This is the last time I give him free-range to decorate anything around here.
2480,3203,4,15,90,109,1.2110091743119267,0.04712854742331021,685,I told him not to get the knock-off.
4115,3203,2,19,88,109,1.2110091743119267,0.04337407810681607,685,You know how much Horton likes books. It's been his dream since childhood.
4211,3203,2,19,88,109,1.2110091743119267,0.04337407810681607,685,And we save money at the supermarket.
4295,3203,3,17,89,109,1.2110091743119267,0.04529023423348228,685,I still say that this is going to come back to bite you in the ass.
4307,3203,3,17,89,109,1.2110091743119267,0.04529023423348228,685,Dr. Seuss was always his favorite writer.
4473,3203,2,19,88,109,1.2110091743119267,0.04337407810681607,685,My first husband was an egghead.
4676,3203,2,19,88,109,1.2110091743119267,0.04337407810681607,685,The doctor said the swelling should go down in two-three weeks.
4819,3203,2,19,88,109,1.2110091743119267,0.04337407810681607,685,He has trust issues.
4885,3203,4,15,90,109,1.2110091743119267,0.04712854742331021,685,"Read his Tweet and you'll get it."""
4966,3203,3,17,89,109,1.2110091743119267,0.04529023423348228,685,"Ikea has a new contemporary furniture line, you have to hatch it yourself."
4997,3203,4,15,90,109,1.2110091743119267,0.04712854742331021,685,His financial counselor advised a bigger nest egg.
3898,3203,3,17,89,109,1.2110091743119267,0.04529023423348228,685,He never asks which came first anymore.
2427,3203,2,19,88,109,1.2110091743119267,0.04337407810681607,685,I don't want him sitting on  the wall anymore!
2089,3203,1,21,87,109,1.2110091743119267,0.041369263787365995,685,"He didn't lay it, but he's sure owning it."
2236,3203,3,17,89,109,1.2110091743119267,0.04529023423348228,685,He makes me sit on it whenever he has to go to the bathroom.
2362,3203,1,21,87,109,1.2110091743119267,0.041369263787365995,685,It’s supposed to strengthen your core.
476,3203,1,21,87,109,1.2110091743119267,0.041369263787365995,685,"So Julie left for college and you’re feeling empty, Nestor?"
522,3203,4,15,90,109,1.2110091743119267,0.04712854742331021,685,"Bob's feeling highly fragile, again."
704,3203,2,19,88,109,1.2110091743119267,0.04337407810681607,685,First the band ... now the diplodocus!!
786,3203,2,19,88,109,1.2110091743119267,0.04337407810681607,685,"You thought it was funny watching him get on, wait until you see him try to get off."
878,3203,2,19,88,109,1.2110091743119267,0.04337407810681607,685,It was the only way I could get him to stop talking about cross-fit.
1012,3203,1,21,87,109,1.2110091743119267,0.041369263787365995,685,Have you tried Preparation H?
1070,3203,3,17,89,109,1.2110091743119267,0.04529023423348228,685,"Sorry no back support, but it's GREAT for puns."
1130,3203,1,21,87,109,1.2110091743119267,0.041369263787365995,685,Men-they’re always up for any chick.
1165,3203,2,19,88,109,1.2110091743119267,0.04337407810681607,685,He's been overly protective of that thing ever since he heard about what happened to Humpty Dumpty.
810,3203,1,21,87,109,1.2110091743119267,0.041369263787365995,685,Aren't you a little worried about what you're hatching?
1174,3203,1,21,87,109,1.2110091743119267,0.041369263787365995,685,The good news is that they usual hatch in a matter of weeks.
1212,3203,4,15,90,109,1.2110091743119267,0.04712854742331021,685,Harold has always wanted to be a father
1500,3203,2,19,88,109,1.2110091743119267,0.04337407810681607,685,Looks like he's started another self-help book.
1514,3203,8,7,94,109,1.2110091743119267,0.053857948749105156,685,Did you hear about that Depends product recall?
1601,3203,0,23,86,109,1.2110091743119267,0.03926221238036851,685,Did you get plastic surgery?
1632,3203,3,17,89,109,1.2110091743119267,0.04529023423348228,685,I think it's an anti-feminist statement. We'll find out when it hatches.
1651,3203,3,17,89,109,1.2110091743119267,0.04529023423348228,685,He’s been trying to hatch a plan all week.
2061,3203,2,19,88,109,1.2110091743119267,0.04337407810681607,685,He's always been on the balll!
5160,3256,3,18,93,114,1.2105263157894737,0.04400689458220717,685,You plan to let the egg raise you as if it were your own?
4543,3256,4,16,94,114,1.2105263157894737,0.0457368797131426,685,It all started with a wart on his butt...
1042,3256,5,14,95,114,1.2105263157894737,0.047403771590659914,685,The government thinks he's hatching a plot.
2149,3256,3,18,93,114,1.2105263157894737,0.04400689458220717,685,When he was young he dreamed of climbing Everest
2583,3260,3,17,90,110,1.209090909090909,0.0449175958423419,685,"He still thinks he’s the Egg Man although the Magical Mystery in
our relationship is long gone..."
1431,3260,3,17,90,110,1.209090909090909,0.0449175958423419,685,"Yes mother, you always did say he was a chicken."
2683,3260,2,19,89,110,1.209090909090909,0.04302074784174658,685,Thank god for women's lib!
4005,3260,2,19,89,110,1.209090909090909,0.04302074784174658,685,Just bring Cranberry sauce Mom. I make the turkey.
1086,3260,2,19,89,110,1.209090909090909,0.04302074784174658,685,I'm not the one who told him to get a hobby.
1084,3260,5,13,92,110,1.209090909090909,0.04848919218796726,685,I asked Ed to bring back a dozen eggs; he said 'one was enough.'
850,3260,2,19,89,110,1.209090909090909,0.04302074784174658,685,"Please stop hatching the egg chair, Jerome."
1067,3260,4,15,91,110,1.209090909090909,0.046737523336702363,685,Leave the nest? He won’t even leave the egg!
4571,3260,3,17,90,110,1.209090909090909,0.0449175958423419,685,"If you want to hatch a dinosaur, maybe chicken little there should call in the experts?"
946,3260,2,19,89,110,1.209090909090909,0.04302074784174658,685,"It's this new fitness craze, he says, but all he does is sit on it!"
2730,3260,4,15,91,110,1.209090909090909,0.046737523336702363,685,Harold thinks he's pregnant with possibilities.
846,3260,2,19,89,110,1.209090909090909,0.04302074784174658,685,I made Herbert put the six foot sausage in the closet.
274,3260,3,17,90,110,1.209090909090909,0.0449175958423419,685,Frank hopes that it will eventually hatch into a nice condo in Fort Lauderdale.
300,3260,2,19,89,110,1.209090909090909,0.04302074784174658,685,Carl thinks he's going to get a young chick.
283,3260,4,15,91,110,1.209090909090909,0.046737523336702363,685,He got it off of Amazon.  He's waiting to hatch a new idea
303,3260,3,17,90,110,1.209090909090909,0.0449175958423419,685,"So, what came first?  The husband or the egg?"
1720,3276,2,20,93,115,1.208695652173913,0.041877472237392736,685,My cholesterol is high!
3890,3277,2,18,86,106,1.2075471698113207,0.04388374155720299,685,It engages my core and is helps with my posture.
3799,3277,4,14,88,106,1.2075471698113207,0.04780347070761396,685,This isn't the first time Cyril has laid a colossal egg at work and told to bring it home and sit on it.
3712,3277,3,16,87,106,1.2075471698113207,0.04588548019119496,685,"Well, at least you didn't get egg on your face!"
3704,3277,4,14,88,106,1.2075471698113207,0.04780347070761396,685,I told him that's not how you hatch a plan.
3663,3277,2,18,86,106,1.2075471698113207,0.04388374155720299,685,"I said we should order an Egg Sitter, but he's such a DIY-er"
3522,3277,0,22,84,106,1.2075471698113207,0.03957769238377931,685,How’s egg-siting been?
3391,3277,2,18,86,106,1.2075471698113207,0.04388374155720299,685,This is why the doctor says he should watch his cholesterol
3357,3277,2,18,86,106,1.2075471698113207,0.04388374155720299,685,He promised to hatch it if I laid it.
3335,3277,2,18,86,106,1.2075471698113207,0.04388374155720299,685,I still say it does not go with the room’s decor.
3324,3277,3,16,87,106,1.2075471698113207,0.04588548019119496,685,Just when I’d figured out an “empty nest” is the perfect place to dance like no one is watching.
3256,3277,3,16,87,106,1.2075471698113207,0.04588548019119496,685,"Its called 'Man on a giant egg.' The gallery assured med that its a great investment, and I don't actually mind the quiet still life as extra company"
3209,3277,2,18,86,106,1.2075471698113207,0.04388374155720299,685,His posture's improved but he broke his wrist last week.
3191,3277,3,16,87,106,1.2075471698113207,0.04588548019119496,685,You should see the IKEA instructions it came with!
3166,3277,3,16,87,106,1.2075471698113207,0.04588548019119496,685,He says it’ll hatch any day now.
5282,3277,4,14,88,106,1.2075471698113207,0.04780347070761396,685,It's political correctness gone mad.
3910,3277,2,18,86,106,1.2075471698113207,0.04388374155720299,685,"So I sez, 'Henry, I’m done - you can take it from here'."
3075,3277,2,18,86,106,1.2075471698113207,0.04388374155720299,685,"I keep telling him it's just a big squash, but he's convinced dragons grow on vines."
3088,3277,2,18,86,106,1.2075471698113207,0.04388374155720299,685,We are hoping it has his jaw and my hair
3007,3277,2,18,86,106,1.2075471698113207,0.04388374155720299,685,I always knew he was a chicken
2933,3277,3,16,87,106,1.2075471698113207,0.04588548019119496,685,"Thanks, just a prune juice for me..."
2932,3277,1,20,85,106,1.2075471698113207,0.04178622085977893,685,Five more minutes and we'll trust you with the nice china
2921,3277,1,20,85,106,1.2075471698113207,0.04178622085977893,685,"He says 'prehistoric,' I say 'poached.'"
2821,3277,3,16,87,106,1.2075471698113207,0.04588548019119496,685,I’ve been waiting for the whistleblower to hatch but it just keeps squeaking.
3213,3277,2,18,86,106,1.2075471698113207,0.04388374155720299,685,"He insists there's nothing going on, but I didn't lay it."
3961,3277,2,18,86,106,1.2075471698113207,0.04388374155720299,685,He has a significant other.
5148,3277,2,18,86,106,1.2075471698113207,0.04388374155720299,685,You must really like baked beans!
4117,3277,3,16,87,106,1.2075471698113207,0.04588548019119496,685,I already could have told you who came first.
5174,3277,3,16,87,106,1.2075471698113207,0.04588548019119496,685,I told him to find a hobby but this is ridiculous.
5270,3277,1,20,85,106,1.2075471698113207,0.04178622085977893,685,2 rotten eggs they deserve each other.
5266,3277,3,16,87,106,1.2075471698113207,0.04588548019119496,685,"I prefer mine, hard-boiled."
2799,3277,1,20,85,106,1.2075471698113207,0.04178622085977893,685,"Maizie is still gone 
But Horton just won’t forget the promise he made"
5230,3277,2,18,86,106,1.2075471698113207,0.04388374155720299,685,"How much longer, Horton?"
4870,3277,2,18,86,106,1.2075471698113207,0.04388374155720299,685,"I admit I don't know much about modern art, but I think 'chair' is just the name of the piece."
5108,3277,1,20,85,106,1.2075471698113207,0.04178622085977893,685,"It’s a nice gesture, Bob, but let’s not forget who laid that egg."
4821,3277,1,20,85,106,1.2075471698113207,0.04178622085977893,685,My husband loves his great big egg
4793,3277,2,18,86,106,1.2075471698113207,0.04388374155720299,685,I'm hatching a plan folks.
4661,3277,1,20,85,106,1.2075471698113207,0.04178622085977893,685,"Believe me, it's best just to ignore him."
4660,3277,6,10,90,106,1.2075471698113207,0.0514252938769243,685,"Nest egg: Unfortunately, I married a damned fool literalist."
4013,3277,2,18,86,106,1.2075471698113207,0.04388374155720299,685,Part of his search for 3rd to 5th cousins on 23andMe.
4639,3277,3,16,87,106,1.2075471698113207,0.04588548019119496,685,Did you stick yourself on the top; good luck  getting  down!
4578,3277,2,18,86,106,1.2075471698113207,0.04388374155720299,685,That's the third egg he has laid this week!
4548,3277,3,16,87,106,1.2075471698113207,0.04588548019119496,685,Ever since we watched March of the Penguins he won’t get down.
4493,3277,4,14,88,106,1.2075471698113207,0.04780347070761396,685,I laid the thing; least he can do is keep it warm.
4464,3277,5,12,89,106,1.2075471698113207,0.04964742018484815,685,I don’t give a damn how useful he is around the house. Humpty gets a job or he’s out!
4452,3277,3,16,87,106,1.2075471698113207,0.04588548019119496,685,"You know, the counselor actually said this was good for him"
4386,3277,2,18,86,106,1.2075471698113207,0.04388374155720299,685,Stop brooding while you sit on that egg!
4271,3277,4,14,88,106,1.2075471698113207,0.04780347070761396,685,Did you consider the chicken might eat us instead before spending all that money?
4238,3277,3,16,87,106,1.2075471698113207,0.04588548019119496,685,‘Is he ever going to get his piles looked at?’
4193,3277,3,16,87,106,1.2075471698113207,0.04588548019119496,685,"He sees one of those Jurassic Park movies on TV and of course, he thinks, ""I can do that."""
4172,3277,3,16,87,106,1.2075471698113207,0.04588548019119496,685,We found it at that hip new furniture store: EggsEssential.
4146,3277,2,18,86,106,1.2075471698113207,0.04388374155720299,685,OK enough with the egg puns
4605,3277,3,16,87,106,1.2075471698113207,0.04588548019119496,685,Jerry finally got tired of walking on eggshells around here.
2761,3277,1,20,85,106,1.2075471698113207,0.04178622085977893,685,Stuart has his own way of affirming that life's a big yolk.
3137,3277,3,16,87,106,1.2075471698113207,0.04588548019119496,685,I’m falling my way to nirvana
2718,3277,1,20,85,106,1.2075471698113207,0.04178622085977893,685,It’s Goop’s jade egg for men.
1112,3277,2,18,86,106,1.2075471698113207,0.04388374155720299,685,He's got this indomitable maternal instinct.
1079,3277,5,12,89,106,1.2075471698113207,0.04964742018484815,685,Better a man on an egg today than a man on a hen tomorrow.
1001,3277,3,16,87,106,1.2075471698113207,0.04588548019119496,685,Louis has always been much more maternal than he appears
845,3277,4,14,88,106,1.2075471698113207,0.04780347070761396,685,Could you pass the remote?
755,3277,2,18,86,106,1.2075471698113207,0.04388374155720299,685,It was a prop used in a very popular series. Harold insists on hatching it.
754,3277,2,18,86,106,1.2075471698113207,0.04388374155720299,685,‘He thinks he’s hot stuff rolling in on his new eggonomic chair.’
694,3277,2,18,86,106,1.2075471698113207,0.04388374155720299,685,"Ever since Julia got pregnant,he's nesting."
665,3277,3,16,87,106,1.2075471698113207,0.04588548019119496,685,He thinks he's Cinderella.
623,3277,1,20,85,106,1.2075471698113207,0.04178622085977893,685,Are you expecting?
558,3277,2,18,86,106,1.2075471698113207,0.04388374155720299,685,I'm told it's benign
515,3277,1,20,85,106,1.2075471698113207,0.04178622085977893,685,I used to be sitting on a larger nest egg.
337,3277,1,20,85,106,1.2075471698113207,0.04178622085977893,685,He claims that he's not the father.
287,3277,5,12,89,106,1.2075471698113207,0.04964742018484815,685,I’m still not sure Harold has adjusted to our empty nest.
179,3277,3,16,87,106,1.2075471698113207,0.04588548019119496,685,"I'm surprised, too. I always figured Jeff as more the live-bearing type."
160,3277,4,14,88,106,1.2075471698113207,0.04780347070761396,685,"Evert time he tries to tell a joke, he lays a bigger egg."
131,3277,2,18,86,106,1.2075471698113207,0.04388374155720299,685,"Clearly, Herman, you have no idea how painful it is to give birth."
69,3277,3,16,87,106,1.2075471698113207,0.04588548019119496,685,He says he needs to hatch his next big idea.
33,3277,2,18,86,106,1.2075471698113207,0.04388374155720299,685,I egged him on.
2740,3277,2,18,86,106,1.2075471698113207,0.04388374155720299,685,"He FINALLY Listened When Somebody Told Him To ""Go Sit On An Egg""  !!"
1182,3277,2,18,86,106,1.2075471698113207,0.04388374155720299,685,He's also trying housework.
1245,3277,1,20,85,106,1.2075471698113207,0.04178622085977893,685,He'd look better on TV
123,3277,3,16,87,106,1.2075471698113207,0.04588548019119496,685,"Sure, Henry. And how long will it take
 for your next Big Idea to hatch?"
1493,3277,1,20,85,106,1.2075471698113207,0.04178622085977893,685,I didn't think the news was that bad
2628,3277,3,16,87,106,1.2075471698113207,0.04588548019119496,685,"His hemeroid surgery was extremely unsuccessful, I'm told""    
 JK Fuller, Genoa, N"
2610,3277,3,16,87,106,1.2075471698113207,0.04588548019119496,685,He says he's looking out for boomerangs.
2525,3277,4,14,88,106,1.2075471698113207,0.04780347070761396,685,"I told him to keep his eye on the ball, but he never listens."
2511,3277,2,18,86,106,1.2075471698113207,0.04388374155720299,685,"He considered surgery, but the highest bid on E-Bay is over a grand."
2444,3277,2,18,86,106,1.2075471698113207,0.04388374155720299,685,He’s taking ‘brooding’ to a whole new level!
2393,3277,3,16,87,106,1.2075471698113207,0.04588548019119496,685,Its infantile egg amnesia with an advanced zygote  phobia
2294,3277,3,16,87,106,1.2075471698113207,0.04588548019119496,685,"Just look at him Janet, he has such a high opinion of himself, he may be an Egg-omaniac."
2279,3277,2,18,86,106,1.2075471698113207,0.04388374155720299,685,Humpty Dumpty's real father!
2134,3277,0,22,84,106,1.2075471698113207,0.03957769238377931,685,This party is eggsquisite.
2088,3277,4,14,88,106,1.2075471698113207,0.04780347070761396,685,Congratulations on your pointless invention.
2282,3277,4,14,88,106,1.2075471698113207,0.04780347070761396,685,Fifteen thousand six hundred dollars. Worst fertility doctor ever.
1951,3277,4,14,88,106,1.2075471698113207,0.04780347070761396,685,"I keep trying to get him to come down, but it's like walking on eggshells."
1575,3277,5,12,89,106,1.2075471698113207,0.04964742018484815,685,He incubates.
1687,3277,4,14,88,106,1.2075471698113207,0.04780347070761396,685,"Oh, just ignore Herman. He's always brooding over something."
2087,3277,3,16,87,106,1.2075471698113207,0.04588548019119496,685,That's our nest egg all right.
1738,3277,2,18,86,106,1.2075471698113207,0.04388374155720299,685,Herb's hemorrhoids have gotten out of hand.
1872,3277,2,18,86,106,1.2075471698113207,0.04388374155720299,685,If he laid it he can hatch it.
1275,3277,3,16,87,106,1.2075471698113207,0.04588548019119496,685,Yeah...he's a tough egg to crack.
1907,3277,4,14,88,106,1.2075471698113207,0.04780347070761396,685,"Summer is over, so have a great fall."
1906,3277,3,16,87,106,1.2075471698113207,0.04588548019119496,685,"That’s fine John, but he’s going to have to pay 1/4 of the cable bill once he hatches."
4000,3375,5,13,93,111,1.2072072072072073,0.048087275823962834,685,I swear the fertility doctor had great online reviews
400,3375,2,19,90,111,1.2072072072072073,0.04267300791799646,685,"No where to keep your nest egg, Fred?"
5030,3375,3,17,91,111,1.2072072072072073,0.04455093454204471,685,The giant seahorse said he'll come back for it soon.
4255,3375,4,15,92,111,1.2072072072072073,0.04635284168602521,685,Look at my Sidney - thinks he's the Hen of the World!
3203,3375,3,17,91,111,1.2072072072072073,0.04455093454204471,685,"Yep, 2 years in jail or till the egg hatches for killing that bird."
2551,3375,4,15,92,111,1.2072072072072073,0.04635284168602521,685,He wants children much more than I do.
1379,3375,4,15,92,111,1.2072072072072073,0.04635284168602521,685,"I am sure, a 'toilet break' is ok."
3868,3375,3,17,91,111,1.2072072072072073,0.04455093454204471,685,He laid it at work and brought it home after he got fired.
355,3375,3,17,91,111,1.2072072072072073,0.04455093454204471,685,At least wear a tuxedo so you look the part Carl.
3766,3375,4,15,92,111,1.2072072072072073,0.04635284168602521,685,Dear that's called risk management!
1482,3385,4,14,89,107,1.205607476635514,0.04739431115126178,685,"Well, his nickname is Austrich"
4444,3385,2,18,87,107,1.205607476635514,0.04351493126493826,685,He's exploring his fowl side.
4398,3385,2,18,87,107,1.205607476635514,0.04351493126493826,685,"I had no idea you were such an intellectual, Humpty!"
4188,3385,4,14,89,107,1.205607476635514,0.04739431115126178,685,He keeps mumbling something about Morgan Freeman’s narration.
4067,3385,2,18,87,107,1.205607476635514,0.04351493126493826,685,My enlarged prostate is age appropriate!
3719,3385,2,18,87,107,1.205607476635514,0.04351493126493826,685,That makes an even dozen.
3419,3385,4,14,89,107,1.205607476635514,0.04739431115126178,685,"Pay no attention, Betty.  It's just Carl's overly-dramatic way of saying that he's about to hatch another one of  his ""brilliant"" ideas."
3104,3385,2,18,87,107,1.205607476635514,0.04351493126493826,685,"It's wireless."""
2778,3385,4,14,89,107,1.205607476635514,0.04739431115126178,685,"He sits there staring into space for hours, mumbling, ""An elephant's faithful 100%."""
2439,3385,2,18,87,107,1.205607476635514,0.04351493126493826,685,"It’s our nest egg, with 40 years of compounding."
2205,3385,3,16,88,107,1.205607476635514,0.04549598868304171,685,He's embracing his wholeness.
1754,3385,4,14,89,107,1.205607476635514,0.04739431115126178,685,"Harry, you’re not big nor warm enough for that to hatch."
1665,3385,0,22,85,107,1.205607476635514,0.039254015800704846,685,He’s desperate to hatch a great idea!
1594,3385,4,14,89,107,1.205607476635514,0.04739431115126178,685,Eggs - the original boneless chicken.
1565,3385,1,20,86,107,1.205607476635514,0.04143927484569612,685,I don't like his air of superiority
4784,3385,4,14,89,107,1.205607476635514,0.04739431115126178,685,Henry’s little trick isn’t all that impressive considering today is the autumnal equinox.
1434,3385,1,20,86,107,1.205607476635514,0.04143927484569612,685,Frank thinks it’s an egg chair.
1217,3385,3,16,88,107,1.205607476635514,0.04549598868304171,685,"Tom, the farting-a-bubblegum-bubble-out-your-ass trick is getting a little old..."
1024,3385,1,20,86,107,1.205607476635514,0.04143927484569612,685,They said they’re not moving until Fry-day. Let’s see who cracks first.
969,3385,2,18,87,107,1.205607476635514,0.04351493126493826,685,"No matter how long you incubate that egg, that still doesn't give you the right to talk about the tribulations of pregnancy."
750,3385,2,18,87,107,1.205607476635514,0.04351493126493826,685,This is not what I had in mind when I told him to get a hobby.
633,3385,4,14,89,107,1.205607476635514,0.04739431115126178,685,He's become irrationally obsessed with large breasts
4448,3385,2,18,87,107,1.205607476635514,0.04351493126493826,685,‘This must be what they’re doing for Easter now’
3217,3408,2,17,84,103,1.203883495145631,0.044407865295346474,685,Mr. Boss covers it for just my 20 minute coffee break.
4175,3408,2,17,84,103,1.203883495145631,0.044407865295346474,685,Rodger likes to sit on his nest egg in times of economic uncertainty
5078,3408,3,15,85,103,1.203883495145631,0.046501891458189094,685,My accountant said I needed to do it if I wanted to enjoy retirement.
1005,3408,1,19,83,103,1.203883495145631,0.04221008281193103,685,Henry’s very protective of his nest egg!
2626,3408,1,19,83,103,1.203883495145631,0.04221008281193103,685,"With these impeachment hearings going on, Harold has decided to brush up on the Hatch Act."
945,3408,1,19,83,103,1.203883495145631,0.04221008281193103,685,I’ve never seen him so broody!
780,3414,3,16,89,108,1.2037037037037037,0.045112948630901144,685,Babysitting hasn't been the same since we moved to Sesame Street.
2340,3414,0,22,86,108,1.2037037037037037,0.038935425188248475,685,"Damn it Bob, this isn't what we meant when we called you a chicken!"
1873,3414,1,20,87,108,1.2037037037037037,0.04109790263648383,685,He’s waiting for his recliner to hatch.
4559,3414,2,18,88,108,1.2037037037037037,0.043152147891456286,685,Your penguin obsession has gone too far Ed.
5185,3414,3,16,89,108,1.2037037037037037,0.045112948630901144,685,We decided on the one big bean bag chair.
244,3419,2,19,92,113,1.2035398230088497,0.04199379137219394,685,Now I see why so many chicks credit you for getting laid.
5129,3419,4,15,94,113,1.2035398230088497,0.04560190938547957,685,No jumping rope in the house!
2040,3421,3,15,86,104,1.2019230769230769,0.04609429503917236,685,This is how Harold explains the Hatch Act?
3332,3421,5,11,88,104,1.2019230769230769,0.0499809666766309,685,Wait for it ...
2491,3421,2,17,85,104,1.2019230769230769,0.04402246628452523,685,"His adviser warned him not just to sit on his nest egg, but now he’s stuck"
3801,3421,1,19,84,104,1.2019230769230769,0.04184819040754393,685,Harold takes his metaphors very seriously.
1858,3421,2,17,85,104,1.2019230769230769,0.04402246628452523,685,Arnold is far to literal.
659,3421,3,15,86,104,1.2019230769230769,0.04609429503917236,685,"Ellen, is Charles trying to make a statement?"
1220,3427,3,17,94,114,1.2017543859649122,0.04348543980269309,685,"Yes, it is impressive but he is still a chicken."
2374,3427,3,17,94,114,1.2017543859649122,0.04348543980269309,685,That chair is too conservative for my taste. Yesterday it retweeted Sean Hannity.
2541,3429,2,17,86,105,1.2,0.04364357804719849,685,We were never good empty nesters.
2375,3429,3,15,87,105,1.2,0.04569367667316878,685,And he calls m
2466,3429,2,17,86,105,1.2,0.04364357804719849,685,Why let him hatch it?  Put it in the hot tub and make egg salad for the whole church picnic.
2121,3429,2,17,86,105,1.2,0.04364357804719849,685,His is warmer than mine.
1965,3429,1,19,85,105,1.2,0.0414923091863025,685,That' how his idea light bulbs come out... apparently he thinks this is his big idea.
1919,3429,1,19,85,105,1.2,0.0414923091863025,685,He’s set on home on the free range.”
2498,3429,3,15,87,105,1.2,0.04569367667316878,685,Overall I prefer live birth.....
2543,3429,3,15,87,105,1.2,0.04569367667316878,685,He still hasn't figured out it isn't fertilized.
4054,3429,2,17,86,105,1.2,0.04364357804719849,685,MY pregnancy didn’t damage any hardwood.
1870,3429,2,17,86,105,1.2,0.04364357804719849,685,I don't know what my dinosaur thinks he's going to hatch.
2894,3429,0,21,84,105,1.2,0.03922322702763682,685,He's gone all broody recently.
4565,3429,3,15,87,105,1.2,0.04569367667316878,685,Remember what we said? Bubblegum goes in your mouth!
3516,3429,3,15,87,105,1.2,0.04569367667316878,685,I always told ya that man was on the ball didn't I?
3593,3429,4,13,88,105,1.2,0.04765566357802892,685,It works as a chair until we're ready for kids.
3730,3429,2,17,86,105,1.2,0.04364357804719849,685,He’s due for a fall any day soon.
4540,3429,3,15,87,105,1.2,0.04569367667316878,685,I tried to buy him a lazy-boy but he said he wanted this instead.
2596,3429,3,15,87,105,1.2,0.04569367667316878,685,"He's hoping for a T-Rex. Me, not so much."
1859,3429,4,13,88,105,1.2,0.04765566357802892,685,"Look ma, on top of the world!"
985,3429,1,19,85,105,1.2,0.0414923091863025,685,"Our pterodactyl said that we could keep it warm when she goes out, or she can just eat here with us."
1599,3429,2,17,86,105,1.2,0.04364357804719849,685,Would you like to go over easy?
4270,3429,2,17,86,105,1.2,0.04364357804719849,685,We'll start.. when you stop being childish.
5079,3429,4,13,88,105,1.2,0.04765566357802892,685,Harold is in touch with his inner maternal child.
213,3429,2,17,86,105,1.2,0.04364357804719849,685,Something about bringing a mother of dragons back.
4859,3429,0,21,84,105,1.2,0.03922322702763682,685,We need to talk.
1933,3429,3,15,87,105,1.2,0.04569367667316878,685,"Sylvia, I swear Ralph needs his egg, I mean head examined."""
4738,3429,2,17,86,105,1.2,0.04364357804719849,685,Our financial adviser wasn't kidding when he said he would protect our nest egg.
302,3429,2,17,86,105,1.2,0.04364357804719849,685,He's great at rolling out of bed in the morning.
1796,3429,2,17,86,105,1.2,0.04364357804719849,685,I don’t know who came first; they were here when I moved in.
333,3429,2,17,86,105,1.2,0.04364357804719849,685,Fred has always taken his paternal instincts very seriously.
619,3429,2,17,86,105,1.2,0.04364357804719849,685,We’re not sure who the mother is.
967,3429,3,15,87,105,1.2,0.04569367667316878,685,"I'm not an egoistic chairman as you all think."""
974,3429,4,13,88,105,1.2,0.04765566357802892,685,Don't you realize that it's only tip of the iceberg you're still sitting on?
4469,3429,2,17,86,105,1.2,0.04364357804719849,685,He thought he'd try nitrogen instead of helium this time.
1004,3429,2,17,86,105,1.2,0.04364357804719849,685,"we couldn't afford the ""Jacobsen."""
1160,3429,1,19,85,105,1.2,0.0414923091863025,685,"I wanted children, he wanted a duck."
1362,3429,4,13,88,105,1.2,0.04765566357802892,685,It makes me feel more well-rounded.
445,3429,1,19,85,105,1.2,0.0414923091863025,685,It's his escape hatch.
4471,3429,1,19,85,105,1.2,0.0414923091863025,685,It’s core strengthening...
4489,3467,2,17,87,106,1.1981132075471699,0.04327104097035949,685,Henry has always been willing to do his share.
3959,3467,2,17,87,106,1.1981132075471699,0.04327104097035949,685,"Jesus, Herb!  We already KNEW you think giant eggs strike the right note of middle-aged whimsy."
3321,3469,3,14,84,101,1.198019801980198,0.046713370740932486,685,He’s hoping to hatch another candidate in time.
5254,3469,2,16,83,101,1.198019801980198,0.0445434529869386,685,"What came first, Bert or the Egg?"
5228,3469,3,14,84,101,1.198019801980198,0.046713370740932486,685,"Abs, possibly, but those legs? Chicken Little anyone?"
4905,3469,4,12,85,101,1.198019801980198,0.04878687126635613,685,I’m gonna scramble that shit
4689,3469,2,16,83,101,1.198019801980198,0.0445434529869386,685,I think its great that you are sharing the responsibilities with our wife.
4215,3469,4,12,85,101,1.198019801980198,0.04878687126635613,685,"He's regressing to childhood. ""Horton Hatches the Egg"" was his favorite book."
4049,3469,1,18,82,101,1.198019801980198,0.04226226924834268,685,His broker apparently made some comment about the size of our nest egg.
3859,3469,4,12,85,101,1.198019801980198,0.04878687126635613,685,"Gloria, you shoulda kept Mervin. This guy thinks he's a chicken!"
3742,3469,2,16,83,101,1.198019801980198,0.0445434529869386,685,That's the second biggest egg I've ever seen!
3698,3469,3,14,84,101,1.198019801980198,0.046713370740932486,685,It's a conversation piece so we better converse. You first.
3526,3469,3,14,84,101,1.198019801980198,0.046713370740932486,685,Well you know Skip and his obsession with maintaining all his family traditions.
3305,3469,2,16,83,101,1.198019801980198,0.0445434529869386,685,Just stay five more minutes until the equinox is over.
3027,3469,2,16,83,101,1.198019801980198,0.0445434529869386,685,"No Dad, it's not a dragon egg."""
2776,3469,2,16,83,101,1.198019801980198,0.0445434529869386,685,It’s the new plan he’s trying to hatch!
2558,3469,3,14,84,101,1.198019801980198,0.046713370740932486,685,"Well look who just rolled in.”

- Ford Morri"
907,3469,4,12,85,101,1.198019801980198,0.04878687126635613,685,"Which came first,the human or the egg?"
1930,3469,4,12,85,101,1.198019801980198,0.04878687126635613,685,Milton likes to eat all his cholestorol once a year.
1904,3469,1,18,82,101,1.198019801980198,0.04226226924834268,685,Maybe we should've made breakfast
1583,3469,2,16,83,101,1.198019801980198,0.0445434529869386,685,Thanks for keeping it warm for today
1443,3469,3,14,84,101,1.198019801980198,0.046713370740932486,685,Even the egg has more rights than us.
1413,3469,3,14,84,101,1.198019801980198,0.046713370740932486,685,"It's called an Oeuf, as in 'Oeuf, why did we buy this thing.'"
1273,3469,2,16,83,101,1.198019801980198,0.0445434529869386,685,He’s always had a hard-boiled personality.
2476,3469,3,14,84,101,1.198019801980198,0.046713370740932486,685,So not broody like Heathcliffe.
803,3469,2,16,83,101,1.198019801980198,0.0445434529869386,685,And when it hatches you’ll be...the Mother of Dragons?
411,3469,2,16,83,101,1.198019801980198,0.0445434529869386,685,"Our ostrich neighbor had an emergency, so she asked me to egg-sit."
2780,3494,2,17,88,107,1.1962616822429906,0.042904700439180404,685,"The lawyer said there's some risk it's a Hatch Act problem, but Harry brought it in and now he won't budge"
3557,3495,4,12,86,102,1.196078431372549,0.048345195699759175,685,Dinner should be ready in 9 months
3439,3495,1,18,83,102,1.196078431372549,0.04189089119311397,685,"I’ve told him there is more to being a good father than egg-sitting, but he doesn’t seem to believe me."
3314,3495,1,18,83,102,1.196078431372549,0.04189089119311397,685,Harlow is saving for his dream car...a little red corvette
3401,3495,1,18,83,102,1.196078431372549,0.04189089119311397,685,Looks like it’s a boy!
3431,3495,2,16,84,102,1.196078431372549,0.04414729692425362,685,You only ever egg me on!
3216,3495,3,14,85,102,1.196078431372549,0.04629385365772775,685,"Marg, that's the worst case of haemorrhoids I have ever seen!"
2781,3495,2,16,84,102,1.196078431372549,0.04414729692425362,685,"When it hatches, maybe I'll get some help around the house again."
2881,3495,1,18,83,102,1.196078431372549,0.04189089119311397,685,Your husband is a good egg.
2797,3495,1,18,83,102,1.196078431372549,0.04189089119311397,685,"Just don't make any sudden moves, Colin."
3748,3495,3,14,85,102,1.196078431372549,0.04629385365772775,685,Congratulations Henry.  Your 54 and you can finally say you got laid.
2707,3495,3,14,85,102,1.196078431372549,0.04629385365772775,685,I do hope you can come back Monday for the gender reveal.
2753,3495,4,12,86,102,1.196078431372549,0.048345195699759175,685,"When he lays an egg, he hatches it."
2759,3495,3,14,85,102,1.196078431372549,0.04629385365772775,685,"No, I will NOT  help you hatch your big scheme! That's our nest egg."
3212,3495,2,16,84,102,1.196078431372549,0.04414729692425362,685,"Nine months?!  Yeah, He wants to prove that a man can do anything a woman can do."
3777,3495,3,14,85,102,1.196078431372549,0.04629385365772775,685,It's easier with the fat end down.
5213,3495,1,18,83,102,1.196078431372549,0.04189089119311397,685,Go see the doctor - I don't think it is just a hemorrhoid!
3925,3495,0,20,82,102,1.196078431372549,0.03950581861179962,685,This is what I get for egging him on.
5120,3495,0,20,82,102,1.196078431372549,0.03950581861179962,685,You know Bob — big ideas slow to hatch.
5237,3495,3,14,85,102,1.196078431372549,0.04629385365772775,685,"Helps his back, but the constant egg puns are no yolk."
2363,3495,2,16,84,102,1.196078431372549,0.04414729692425362,685,"Mom and Dad, you say everything's fine, but I think you need to talk to someone about these ""empty nest"" feelings."
5074,3495,4,12,86,102,1.196078431372549,0.048345195699759175,685,Leonard never had any doubts that the chicken did not come first.  It has become his creed.
4678,3495,3,14,85,102,1.196078431372549,0.04629385365772775,685,It keeps him out of the pool halls.
4658,3495,4,12,86,102,1.196078431372549,0.048345195699759175,685,"I wanted to make a huge omelet, but he wouldn’t hear of it."
3834,3495,2,16,84,102,1.196078431372549,0.04414729692425362,685,"No matter what he thinks he's hatching, I still can't figure out where he got that gigantic egg!"
4635,3495,2,16,84,102,1.196078431372549,0.04414729692425362,685,The real surprise is his lifelong constipation has resolved ever since he laid it!
4517,3495,3,14,85,102,1.196078431372549,0.04629385365772775,685,It’s better than IVF. You get to skip straight to adolescence.
4503,3495,3,14,85,102,1.196078431372549,0.04629385365772775,685,"He meant what he said, and he said what he meant. Horton is faithful, one hundred percent!"
4324,3495,2,16,84,102,1.196078431372549,0.04414729692425362,685,He says it‘s very important. Something regarding a bet with Christopher Columbus.
4183,3495,5,10,87,102,1.196078431372549,0.0503129705743252,685,It all started in 1939 with the Hatch Act.
4170,3495,4,12,86,102,1.196078431372549,0.048345195699759175,685,When Lucy said she got laid this was not what I expected.
4094,3495,4,12,86,102,1.196078431372549,0.048345195699759175,685,He says it's his best idea so far.
4546,3495,3,14,85,102,1.196078431372549,0.04629385365772775,685,"Great get up, but no one remembers that from Mork."
2337,3495,1,18,83,102,1.196078431372549,0.04189089119311397,685,It’s our nest egg and Harold ‘s exciting retirement strategy .
278,3495,2,16,84,102,1.196078431372549,0.04414729692425362,685,"From this height, Paul could look at the painting and tune everything else out"
1982,3495,5,10,87,102,1.196078431372549,0.0503129705743252,685,I begged him to put it in the man cave but he's worried about predators.
0,3495,6,8,88,102,1.196078431372549,0.05220662859041765,685,"ee stamoslocosoque 2h

mate tanto que puedas
berarte de todo lo que
-yano Chota iow

ve

aad

@spaincharo"
44,3495,2,16,84,102,1.196078431372549,0.04414729692425362,685,Howard's been sitting on his nest egg for years.
101,3495,2,16,84,102,1.196078431372549,0.04414729692425362,685,"Wherever you go, you're in Trump's America."
185,3495,2,16,84,102,1.196078431372549,0.04414729692425362,685,It is a political statement!
203,3495,2,16,84,102,1.196078431372549,0.04414729692425362,685,"You know, Harry, that twins runs in the family."
204,3495,2,16,84,102,1.196078431372549,0.04414729692425362,685,He’s been like this since Game of Thrones ended
264,3495,3,14,85,102,1.196078431372549,0.04629385365772775,685,I'm not coping well to Harry's coping with empty nest syndrome.
2068,3495,2,16,84,102,1.196078431372549,0.04414729692425362,685,He should have taken care of those hemorrhoids a while ago.
325,3495,2,16,84,102,1.196078431372549,0.04414729692425362,685,"Don't egg him on, Marge.  It'll just crack him up."
345,3495,2,16,84,102,1.196078431372549,0.04414729692425362,685,He says it helps him understand women!
720,3495,0,20,82,102,1.196078431372549,0.03950581861179962,685,Man has the sperm but not the egg. This is his opportunity to prove me wrong!
802,3495,2,16,84,102,1.196078431372549,0.04414729692425362,685,"The doctor said it ought to shrink on its own."""
1177,3495,7,6,89,102,1.196078431372549,0.05403396274143433,685,All the therapists to choose from in this city and Stanley picks the one named Dr. Seuss.
982,3495,2,16,84,102,1.196078431372549,0.04414729692425362,685,It's been his dream ever since he watched March Of The Penguins.
1419,3495,4,12,86,102,1.196078431372549,0.048345195699759175,685,Empty-nest syndrome - meet La Resistance.
1421,3495,1,18,83,102,1.196078431372549,0.04189089119311397,685,"It looks like a fun project, but who's going to regurgitate the worms? - Peter Dolch, Chappaqua, NY"
1616,3495,2,16,84,102,1.196078431372549,0.04414729692425362,685,The doctor called it “Humpty Dumpty syndrome.”  He will get over it when the egg hatches. The next phase will put him all back together again.
1626,3495,1,18,83,102,1.196078431372549,0.04189089119311397,685,I think it would hatch a lot faster in an incubator but Henry's always been a do-it-yourself kind of guy.
1686,3495,3,14,85,102,1.196078431372549,0.04629385365772775,685,The Doctor recommended we keep Darrell antibiotic free and feed him a diet rich in omega 3 fats.
1692,3495,2,16,84,102,1.196078431372549,0.04414729692425362,685,You can tell that he is hatching something big.
1749,3495,4,12,86,102,1.196078431372549,0.048345195699759175,685,They told him since he was a kid not to swallow his chewing gum.
1753,3495,4,12,86,102,1.196078431372549,0.048345195699759175,685,He hasn't explained exactly what' s in the  nest egg.
1935,3495,2,16,84,102,1.196078431372549,0.04414729692425362,685,He's been pretending to be a man as long as we've been married. Now I'm not so sure.
1964,3495,2,16,84,102,1.196078431372549,0.04414729692425362,685,"Oh Harold, only you would think it's one of those ergonomic chairs."
1974,3495,1,18,83,102,1.196078431372549,0.04189089119311397,685,Just ignore him or he'll start to cluck.
1980,3495,2,16,84,102,1.196078431372549,0.04414729692425362,685,"Sure!  Coo-coo-cachoo Ed, now get down and get us more wine!"
1218,3495,2,16,84,102,1.196078431372549,0.04414729692425362,685,Just be careful. That's the only one left for tomorrow's breakfast.
2833,3557,3,14,86,103,1.1941747572815533,0.04588170510924863,685,Charlie 's an optimist. He believes the warmth of his character will hatch that damn egg!
4760,3557,1,18,84,103,1.1941747572815533,0.04152584792069788,685,"I'm telling you Tamar, Humpty Dumpty he's not, but his Babka..."
1938,3557,1,18,84,103,1.1941747572815533,0.04152584792069788,685,"It was a bitch gettin' it out, I'll tell ya."
2538,3557,4,12,87,103,1.1941747572815533,0.04791135849494997,685,I told you the designer baby blowout sale sounded fishy.
5036,3561,2,15,81,98,1.1938775510204083,0.0450778676534157,685,His farts haven't made a sound since he laid it.
2644,3561,4,11,83,98,1.1938775510204083,0.04952576121200433,685,"He laid an egg in his speech, and he won't let it go."
2679,3561,2,15,81,98,1.1938775510204083,0.0450778676534157,685,He misses taking care of the little ones
2852,3561,2,15,81,98,1.1938775510204083,0.0450778676534157,685,"He said "" If a chicken can do it"""
2882,3561,2,15,81,98,1.1938775510204083,0.0450778676534157,685,It's his egg chair.
3017,3561,2,15,81,98,1.1938775510204083,0.0450778676534157,685,These 100% organic beanbags reproduce all by themselves
3103,3561,3,13,82,98,1.1938775510204083,0.04735406622354269,685,Now he wants to be called Egg-butt instead of Egghead.
3173,3561,1,17,80,98,1.1938775510204083,0.04268044887831027,685,"We take turns, he works during the day"
3373,3561,0,19,79,98,1.1938775510204083,0.04014009567414172,685,Henry expects to start accessing his 401K any day now.
3374,3561,3,13,82,98,1.1938775510204083,0.04735406622354269,685,"Well if indeed its a solid egg, its worth sitting on until Easter"
3495,3561,1,17,80,98,1.1938775510204083,0.04268044887831027,685,There’s no room for the nest.
3763,3561,1,17,80,98,1.1938775510204083,0.04268044887831027,685,I' m sorry!  Never again will I swallow a chewing gum!
3928,3561,0,19,79,98,1.1938775510204083,0.04014009567414172,685,They're supposed to increase core strength.
4036,3561,2,15,81,98,1.1938775510204083,0.0450778676534157,685,Hope it's a boy this time
1724,3561,3,13,82,98,1.1938775510204083,0.04735406622354269,685,Are you egg-noring me?
4189,3561,2,15,81,98,1.1938775510204083,0.0450778676534157,685,"Ever since we got the beanbag, George thinks he is a chicken."
4328,3561,1,17,80,98,1.1938775510204083,0.04268044887831027,685,"Dear, Suze Orman says, ""Don't wait until it's too late."", I think you can finally afford your own place."
4399,3561,1,17,80,98,1.1938775510204083,0.04268044887831027,685,"Ever since Winston left the stock market, he likes to stay close to the retirement egg."
4484,3561,3,13,82,98,1.1938775510204083,0.04735406622354269,685,Eggsplain yourself.
4706,3561,1,17,80,98,1.1938775510204083,0.04268044887831027,685,My own Mr. Brainiac--always hatching new ideas!
4719,3561,1,17,80,98,1.1938775510204083,0.04268044887831027,685,Tyler knew the answer - the egg came first.
4846,3561,2,15,81,98,1.1938775510204083,0.0450778676534157,685,Fred always had maternal instincts.
4910,3561,2,15,81,98,1.1938775510204083,0.0450778676534157,685,I'm guessing it's a new trend these days.
4986,3561,3,13,82,98,1.1938775510204083,0.04735406622354269,685,This is how Harold tells me he wants chicken for dinner.
5277,3561,3,13,82,98,1.1938775510204083,0.04735406622354269,685,So it was neither the chicken NOR the egg first... it was Harold?
2612,3561,2,15,81,98,1.1938775510204083,0.0450778676534157,685,They are fighting over who got here first.
5020,3561,0,19,79,98,1.1938775510204083,0.04014009567414172,685,So which do you think came first… the idiot or the egg?
2552,3561,0,19,79,98,1.1938775510204083,0.04014009567414172,685,Lipitor?
4080,3561,3,13,82,98,1.1938775510204083,0.04735406622354269,685,"How many times must I tell you, Jenkins. If you're going to play bouncy-ball, take it outside!"
2405,3561,2,15,81,98,1.1938775510204083,0.0450778676534157,685,Harold loves his Top of the Food Chain position.
29,3561,1,17,80,98,1.1938775510204083,0.04268044887831027,685,"So, are you looking to have a home…hatching?"
2413,3561,3,13,82,98,1.1938775510204083,0.04735406622354269,685,Harold’s favorite movie is “March of the Penguins”
255,3561,2,15,81,98,1.1938775510204083,0.0450778676534157,685,"Of all his mental delusions, being a Trumpster is the worst."
331,3561,2,15,81,98,1.1938775510204083,0.0450778676534157,685,"He keeps chanting,""Move over Arne Jacobsen."""
387,3561,1,17,80,98,1.1938775510204083,0.04268044887831027,685,How many times do we have to tell you. That is not a nest egg and it won't hatch!
418,3561,2,15,81,98,1.1938775510204083,0.0450778676534157,685,Myrtle told me you were on the ball.
467,3561,1,17,80,98,1.1938775510204083,0.04268044887831027,685,"Your husband could use a little exercise, and a lot more fiber."
596,3561,4,11,83,98,1.1938775510204083,0.04952576121200433,685,I tried to warn him to not quit vaping cold turkey. Now he has to deal with the consequences.
630,3561,3,13,82,98,1.1938775510204083,0.04735406622354269,685,I heard they took him out to the ballgame.
717,3561,1,17,80,98,1.1938775510204083,0.04268044887831027,685,"It was a close call, but they agreed Jane was no longer the biggest couch potato in the room."
1033,3561,0,19,79,98,1.1938775510204083,0.04014009567414172,685,How long until it hatches?
1147,3561,2,15,81,98,1.1938775510204083,0.0450778676534157,685,He says he shouldn't get down until it hatches.
72,3561,2,15,81,98,1.1938775510204083,0.0450778676534157,685,The worst part is that we’ve had to spend half our 401k on Preparation H.
1293,3561,3,13,82,98,1.1938775510204083,0.04735406622354269,685,"As you can see, I've really changed my perspective.  Please have a cookie from my absurdly low coffee table."
1229,3561,1,17,80,98,1.1938775510204083,0.04268044887831027,685,"If he's successful, he's hoping for a Nobel Prize."
2258,3561,2,15,81,98,1.1938775510204083,0.0450778676534157,685,"I asked for a highball, Stu, not a high ball!"
2246,3561,2,15,81,98,1.1938775510204083,0.0450778676534157,685,What? The broody hen is taking a break!
2230,3561,0,19,79,98,1.1938775510204083,0.04014009567414172,685,We take turns keeping it warm
2227,3561,2,15,81,98,1.1938775510204083,0.0450778676534157,685,I’m not sure you and modern architecture sit well together
2284,3561,1,17,80,98,1.1938775510204083,0.04268044887831027,685,"He thinks if he sits on it, it will hatch and look like him."
2046,3561,2,15,81,98,1.1938775510204083,0.0450778676534157,685,"Break the ice? Nah, I like to crack the shell."
1546,3561,0,19,79,98,1.1938775510204083,0.04014009567414172,685,Even as an adult Phil was never good at Easter egg hunts.
1449,3561,1,17,80,98,1.1938775510204083,0.04268044887831027,685,I do not think he should get paternity leave
1435,3561,0,19,79,98,1.1938775510204083,0.04014009567414172,685,What a wonderful talent—it’s so much more useful than being a doctor or lawyer.
2139,3561,4,11,83,98,1.1938775510204083,0.04952576121200433,685,"Four words, second word.......
Fourth word......

THE EGG AND I!!!!!!!!"
1649,3616,3,15,91,109,1.1926605504587156,0.044157581278879685,685,You can’t use props in charades.
4227,3617,2,15,82,99,1.1919191919191918,0.04466316750517219,685,He’s punishing himself since his book bombed.
3081,3617,3,13,83,99,1.1919191919191918,0.04691419395962154,685,"Oh, so now we're the old hens? Really, Gary?"
3264,3617,3,13,83,99,1.1919191919191918,0.04691419395962154,685,WHEN IT HATCHES HAROLD YOU HAVE TO FEED IT..!!
3265,3617,1,17,81,99,1.1919191919191918,0.042292498960325685,685,Most impressive balloon blowing!
3329,3617,3,13,83,99,1.1919191919191918,0.04691419395962154,685,"It’s not all it was cracked up to be as a work of art. He’s sitting up there brooding, says there’ll be egg on his face."
3804,3617,2,15,82,99,1.1919191919191918,0.04466316750517219,685,"You thought getting on this was difficult, just try getting off"
3821,3617,4,11,84,99,1.1919191919191918,0.04906204906204907,685,Put it in and then push it out and then we'll talk
3849,3617,2,15,82,99,1.1919191919191918,0.04466316750517219,685,"Now that we're retired, he's trying to hatch our nest egg."
4276,3617,1,17,81,99,1.1919191919191918,0.042292498960325685,685,I decided to put an end to the chicken or the egg question
4858,3617,4,11,84,99,1.1919191919191918,0.04906204906204907,685,"He still lives in the basement, but he's hatching a career plan."
4662,3617,3,13,83,99,1.1919191919191918,0.04691419395962154,685,The consequences of swallowing bubble gum had never felt more relevant!!
4758,3617,3,13,83,99,1.1919191919191918,0.04691419395962154,685,His motivation?  He saw two male penguins try this on the Learning Channel.
4833,3617,2,15,82,99,1.1919191919191918,0.04466316750517219,685,"Herman, sit there long enough & the yolk will be on you!"
4838,3617,3,13,83,99,1.1919191919191918,0.04691419395962154,685,"Fed or no Fed, your nest egg has ceased to accrue interest."
4917,3617,5,9,85,99,1.1919191919191918,0.05111973905892743,685,"(Missed Nov. 10th deadline - would like to submit following for Honey bear cartoon):

""I really love honey, but this is ridiculous...""  Amelia Shellabarger, Goleta, CA"
5000,3617,2,15,82,99,1.1919191919191918,0.04466316750517219,685,"Hey, Dad.  Is Laughing Stock listed on the Dow or is it Nasdaq?"
5207,3617,3,13,83,99,1.1919191919191918,0.04691419395962154,685,"I commend you for your commitment,
but you are NOT the Eggman!"
152,3617,3,13,83,99,1.1919191919191918,0.04691419395962154,685,"Since Harold found a renewed sense of purpose, I haven’t been able to tell him it’s only an Eggtorp Chair from Ikea."
4638,3617,0,19,80,99,1.1919191919191918,0.03978080447933687,685,Are you having a ball?
2751,3617,2,15,82,99,1.1919191919191918,0.04466316750517219,685,I told him that there is no egg in ergonometric!!!
2379,3617,1,17,81,99,1.1919191919191918,0.042292498960325685,685,"So, what are you trying to hatch now?"
2606,3617,4,11,84,99,1.1919191919191918,0.04906204906204907,685,Elephantitis?
2670,3617,0,19,80,99,1.1919191919191918,0.03978080447933687,685,"It's actually his scale.  It if cracks while he's on it, then he'll go on a diet."
339,3617,2,15,82,99,1.1919191919191918,0.04466316750517219,685,"I'd like to smash it, but I don't know what kind of animal it's from."
478,3617,2,15,82,99,1.1919191919191918,0.04466316750517219,685,"We knew you were always a major bloviator, and now we see that you have become a major ovulator."
1143,3617,4,11,84,99,1.1919191919191918,0.04906204906204907,685,That is the largest hemorrhoid that I have ever seen.
1337,3617,4,11,84,99,1.1919191919191918,0.04906204906204907,685,What's the big idea?
1342,3617,3,13,83,99,1.1919191919191918,0.04691419395962154,685,"When you bragged about your nest egg, I had a completely different idea."
1441,3617,4,11,84,99,1.1919191919191918,0.04906204906204907,685,"One more time Mom, how did Dr. Smith say this would 'foster intimacy'?"""
1635,3617,4,11,84,99,1.1919191919191918,0.04906204906204907,685,I told him I didn’t want kids. He wouldn’t take no for an answer.
1109,3617,1,17,81,99,1.1919191919191918,0.042292498960325685,685,Nest egg has different meanings for different people
1825,3617,1,17,81,99,1.1919191919191918,0.042292498960325685,685,Are you sure I can't offer you some egg salad?
1849,3617,3,13,83,99,1.1919191919191918,0.04691419395962154,685,No one ever accused Harold of being an egghead.
1954,3617,2,15,82,99,1.1919191919191918,0.04466316750517219,685,He's hoping to hatch a big idea.
2019,3617,1,17,81,99,1.1919191919191918,0.042292498960325685,685,I’m assuming you had eggs for breakfast?
2020,3617,0,19,80,99,1.1919191919191918,0.03978080447933687,685,"Let me know when you're done your 'bird game,' because I want to cook that egg!"
2204,3617,3,13,83,99,1.1919191919191918,0.04691419395962154,685,This time we're hoping for a girl
2167,3617,3,13,83,99,1.1919191919191918,0.04691419395962154,685,You should really have that thing lanced.
2177,3617,2,15,82,99,1.1919191919191918,0.04466316750517219,685,This is not what I meant by 'babysitter.'
2140,3656,1,20,94,115,1.191304347826087,0.03885401136200545,685,He says he’s working on making some kind of statement
2942,3657,1,18,86,105,1.1904761904761905,0.040814146113049836,685,"After he lays one of his big ol' stupidity eggs, he likes to hatch it."
3428,3658,4,11,85,100,1.19,0.04860685407045246,685,I don’t buy it.
3381,3658,3,13,84,100,1.19,0.046482319871173156,685,"Oh, he's trying to hatch another bright idea ~!"
4369,3658,3,13,84,100,1.19,0.046482319871173156,685,The standing egg burns 80 more calories than the couch.
3600,3658,2,15,83,100,1.19,0.04425591326123388,685,I told him he'd get in big trouble at that dragon convention.
3615,3658,2,15,83,100,1.19,0.04425591326123388,685,Not what I expected when he said his next egg had grown.
3684,3658,2,15,83,100,1.19,0.04425591326123388,685,Frank's been in an egg-cellent mood lately
3743,3658,5,9,86,100,1.19,0.05064233865696235,685,He's trying to save Humpty Dumpty...
4009,3658,2,15,83,100,1.19,0.04425591326123388,685,"Give it a few more months, then you'll get the idea of how it feels."
4262,3658,3,13,84,100,1.19,0.046482319871173156,685,Harold is determined to set a new trend with his egg chair.
4355,3658,3,13,84,100,1.19,0.046482319871173156,685,This is what happens when he hatches an idea
3435,3658,2,15,83,100,1.19,0.04425591326123388,685,He birthed it himself.
5238,3658,2,15,83,100,1.19,0.04425591326123388,685,"While brooding, he totally abstains from eating, drinking, and you know what."
4788,3658,2,15,83,100,1.19,0.04425591326123388,685,"When the dragon hatches, you're not feeding my mother to it."
4874,3658,3,13,84,100,1.19,0.046482319871173156,685,You should've fixed the AC when I asked!
4964,3658,2,15,83,100,1.19,0.04425591326123388,685,He’s planning on hatching a new idea in furniture.
4976,3658,1,17,82,100,1.19,0.041911402464790595,685,She said males hatch the egg-and he believed it
5018,3658,2,15,83,100,1.19,0.04425591326123388,685,"I don't mind the brooding, but the laying of the egg was a pain in the butt........"
5067,3658,4,11,85,100,1.19,0.04860685407045246,685,"I wanted to scramble it, but he insists it's going to hatch..."
5150,3658,1,17,82,100,1.19,0.041911402464790595,685,You're cleaning up the mess.
5289,3658,1,17,82,100,1.19,0.041911402464790595,685,It's eclectic.
5272,3658,3,13,84,100,1.19,0.046482319871173156,685,"They say it may take up to a thousand year to hatch a dragon egg, but he insists sitting on it."
3162,3658,2,15,83,100,1.19,0.04425591326123388,685,So I see you're no longer an egg head.
4412,3658,3,13,84,100,1.19,0.046482319871173156,685,Oh that's just Sydney's way of coping with his Empty Nest Syndrome.
3108,3658,1,17,82,100,1.19,0.041911402464790595,685,Talk about laying an egg.
1699,3658,5,9,86,100,1.19,0.05064233865696235,685,"It’s compensation for his low sperm count, I’d say."
3012,3658,2,15,83,100,1.19,0.04425591326123388,685,What will you do when it hatches?
122,3658,2,15,83,100,1.19,0.04425591326123388,685,So YOU’RE Humpty Dumpty’s brother!
174,3658,1,17,82,100,1.19,0.041911402464790595,685,He's very protective of his nest egg.
548,3658,2,15,83,100,1.19,0.04425591326123388,685,"When I embraced feminism, Dudley became quite maternal."
591,3658,3,13,84,100,1.19,0.046482319871173156,685,"Donald, the eggs you lay are too big to fry !!!"
707,3658,2,15,83,100,1.19,0.04425591326123388,685,He once was a successful playright but hasn't hatched a new idea in decades.
931,3658,1,17,82,100,1.19,0.041911402464790595,685,Orson says we should name him Mork!
947,3658,3,13,84,100,1.19,0.046482319871173156,685,"I told him , when life gives you a big egg, make egg salad"
1172,3658,1,17,82,100,1.19,0.041911402464790595,685,did you grow that??
1538,3658,1,17,82,100,1.19,0.041911402464790595,685,"See, I told you he lives comfortably on his nest egg."
1895,3658,2,15,83,100,1.19,0.04425591326123388,685,I have half a mind to crack your seat wide open!
953,3658,3,13,84,100,1.19,0.046482319871173156,685,"Enough of your high and mighty act, Fred."
3095,3658,3,13,84,100,1.19,0.046482319871173156,685,Getting down is a lot less entertaining.
2880,3658,2,15,83,100,1.19,0.04425591326123388,685,All the accountant's men did put him back together again.
1947,3658,3,13,84,100,1.19,0.046482319871173156,685,We're hoping it hatches in time to come to your house for Thanksgiving.
2738,3658,4,11,85,100,1.19,0.04860685407045246,685,"Oh, that's just Jeffrey's egg, but please help me think of a dumb play on words so that we can win the caption contest."
2619,3658,4,11,85,100,1.19,0.04860685407045246,685,It's mid-century modern:  for giraffes....
2477,3658,1,17,82,100,1.19,0.041911402464790595,685,Humpty Dumpty he's not.
2756,3658,2,15,83,100,1.19,0.04425591326123388,685,"Your butt's too small, Harry."
2404,3658,4,11,85,100,1.19,0.04860685407045246,685,"Well, his Mother tried to warn me he was broody.

Richard Lehingrat 
Burnaby, BC"
2170,3658,4,11,85,100,1.19,0.04860685407045246,685,"Well, at least he's local."
2096,3658,1,17,82,100,1.19,0.041911402464790595,685,"Sure it works, but he's in real trouble on his job"
2454,3658,1,17,82,100,1.19,0.041911402464790595,685,We lost the Nest part in the fire.
1142,3706,3,14,89,106,1.1886792452830188,0.044687610008373936,685,It's new from Headspace.
3249,3707,2,14,80,96,1.1875,0.04519087200177378,685,Start over. So using frog DNA was the mistake?
5276,3707,1,16,79,96,1.1875,0.042695628191498324,685,I will not eat this until you can guarantee me that you really are happy here.
5142,3707,3,12,81,96,1.1875,0.047555369390792634,685,He's been waiting for someone to ask him to make an omelet for weeks.
4487,3707,1,16,79,96,1.1875,0.042695628191498324,685,"I believe Stanley 
Wants you to ask him about his just completed oeuvre."
4079,3707,2,14,80,96,1.1875,0.04519087200177378,685,"No, that’s my Goop egg."
3280,3707,3,12,81,96,1.1875,0.047555369390792634,685,I’m eating for two.
3025,3707,2,14,80,96,1.1875,0.04519087200177378,685,"The therapist says Roger identifies as Ostrich. 
I'm just looking forward to the omelets."
2802,3707,4,10,82,96,1.1875,0.04980774441298032,685,I've tried to explain to him that's not where they come from.
1494,3707,3,12,81,96,1.1875,0.047555369390792634,685,It started out as a small boil but he  refuses to have it checked.
1397,3707,1,16,79,96,1.1875,0.042695628191498324,685,So will you be eating your egg or your words?
1344,3707,1,16,79,96,1.1875,0.042695628191498324,685,You should have seen him before.
1118,3707,5,8,83,96,1.1875,0.05196257931553059,685,Harold is spelling me until the Mets game comes on.
722,3707,3,12,81,96,1.1875,0.047555369390792634,685,Henry could you roll into the kitchen and get us some more coffee.
693,3707,2,14,80,96,1.1875,0.04519087200177378,685,"He was cast as Humpty-Dumpty in the kindergarten play.
He never got over it."
2577,3707,3,12,81,96,1.1875,0.047555369390792634,685,"John is sitting in for Horton, the Elephant."
2521,3722,3,12,82,97,1.1855670103092784,0.04710223423323986,685,Which came first - Henry or the egg?
3786,3722,2,14,81,97,1.1855670103092784,0.04476431433028531,685,No that is not the egg you came from!
3733,3722,1,16,80,97,1.1855670103092784,0.042297366409248006,685,"you know there are specialists for this condition"""
3630,3722,1,16,80,97,1.1855670103092784,0.042297366409248006,685,He says it's the biggest idea he's ever hatched... I'm just glad he's not hogging the couch anymore.
3595,3722,1,16,80,97,1.1855670103092784,0.042297366409248006,685,What the heck are you hatching up now?
2800,3722,0,18,79,97,1.1855670103092784,0.03967733071737281,685,He's got a worm bin started out in the garage.  As if.
3323,3722,0,18,79,97,1.1855670103092784,0.03967733071737281,685,I'm sitting on my nest egg until I retire.
3279,3722,2,14,81,97,1.1855670103092784,0.04476431433028531,685,That 'egg chair' joke isn't going to be worth a bruised tailbone.
3882,3722,0,18,79,97,1.1855670103092784,0.03967733071737281,685,Harold doesn’t quite get the #MeToo movement
2792,3722,3,12,82,97,1.1855670103092784,0.04710223423323986,685,It's his way of dealing with empty nest syndrome.
2767,3722,3,12,82,97,1.1855670103092784,0.04710223423323986,685,Are you sitting on another wife there?
3502,3722,1,16,80,97,1.1855670103092784,0.042297366409248006,685,"You didn't believe me when I told you he was ""on the ball."""
3969,3722,2,14,81,97,1.1855670103092784,0.04476431433028531,685,At least he's stopped complaining about his body heat going to waste.
4768,3722,1,16,80,97,1.1855670103092784,0.042297366409248006,685,He has a background in higher egg.
4304,3722,2,14,81,97,1.1855670103092784,0.04476431433028531,685,"Assuming a frictionless surface, you'll just miss hitting your head on the table when you slide down."
4380,3722,3,12,82,97,1.1855670103092784,0.04710223423323986,685,What’s his problem?
4789,3722,1,16,80,97,1.1855670103092784,0.042297366409248006,685,I agree - he takes things way too literally.
4797,3722,5,8,84,97,1.1855670103092784,0.05146040938787607,685,"is there anything else you would like to say about a ""woman's place"" in the world?"
4856,3722,3,12,82,97,1.1855670103092784,0.04710223423323986,685,I’m pretty certain Charlie came first.
4942,3722,1,16,80,97,1.1855670103092784,0.042297366409248006,685,He has been henpecked all his life which is why he has a mother hen complex.
4951,3722,1,16,80,97,1.1855670103092784,0.042297366409248006,685,"Give it up already, Harold. It's hard-boiled."
5001,3722,3,12,82,97,1.1855670103092784,0.04710223423323986,685,"Our advisor said we need a nest egg, but I don't understand why."
5092,3722,3,12,82,97,1.1855670103092784,0.04710223423323986,685,"He's great at minding our nest egg, but not so great at minding me."
5119,3722,3,12,82,97,1.1855670103092784,0.04710223423323986,685,They say it's good for your core.
5192,3722,2,14,81,97,1.1855670103092784,0.04476431433028531,685,"Oh look, Ted found another way to make sitting on it look productive."
4303,3722,3,12,82,97,1.1855670103092784,0.04710223423323986,685,"Well, I wanted to have an omlet party, but Frank wouldn't hear of it."
2493,3722,4,10,83,97,1.1855670103092784,0.04932947498266527,685,"His marketing slogan is ""Eggland's Best: Laid by the  Owner Himself"""
1666,3722,3,12,82,97,1.1855670103092784,0.04710223423323986,685,I hope there ends up being a big idea in here.
2330,3722,3,12,82,97,1.1855670103092784,0.04710223423323986,685,The egg came first—right before Jim’s hernia operation.
40,3722,1,16,80,97,1.1855670103092784,0.042297366409248006,685,Chair today.  Spawn tomorrow.
75,3722,4,10,83,97,1.1855670103092784,0.04932947498266527,685,"It was labeled ‘meditation pod’ in the catalog, but I can’t see how it’s more relaxing than his old bean bag chair."
178,3722,3,12,82,97,1.1855670103092784,0.04710223423323986,685,"Well, at least he's not hatching a ""Who."""
2399,3722,4,10,83,97,1.1855670103092784,0.04932947498266527,685,Is anyone going to address the elephant egg in the room?
399,3722,3,12,82,97,1.1855670103092784,0.04710223423323986,685,We hope it is hard boiled.
406,3722,1,16,80,97,1.1855670103092784,0.042297366409248006,685,My ball. Yep just one ball
457,3722,1,16,80,97,1.1855670103092784,0.042297366409248006,685,"That vernal equinox thing is bogus, but it's true that Harold can only do this one day a year."
578,3722,2,14,81,97,1.1855670103092784,0.04476431433028531,685,"Harold heard that if you sit on an idea long enough, it will eventually hatch."
993,3722,3,12,82,97,1.1855670103092784,0.04710223423323986,685,If it's a boy we're naming him Godzilla.
1041,3722,2,14,81,97,1.1855670103092784,0.04476431433028531,685,"Sure, we can pick up some hemorrhoid cream."
1101,3722,2,14,81,97,1.1855670103092784,0.04476431433028531,685,They told you it would be cheaper if we hatched it at home?
1115,3722,1,16,80,97,1.1855670103092784,0.042297366409248006,685,What will he do once it hatches?
329,3722,1,16,80,97,1.1855670103092784,0.042297366409248006,685,He’s still waiting for it to get hard.
1615,3722,4,10,83,97,1.1855670103092784,0.04932947498266527,685,I’ve learned there’s a distinction to be made between an egg-nest and a nest-egg.
1664,3722,1,16,80,97,1.1855670103092784,0.042297366409248006,685,Who knew chicken farmers went through sympathy pains?
1205,3722,2,14,81,97,1.1855670103092784,0.04476431433028531,685,Hard time with kids leaving for college?
1679,3722,3,12,82,97,1.1855670103092784,0.04710223423323986,685,He’s having an egg-istenial crisis!
1696,3722,2,14,81,97,1.1855670103092784,0.04476431433028531,685,He thinks he's hatching his second wife.
1769,3722,0,18,79,97,1.1855670103092784,0.03967733071737281,685,What scheme is he trying to hatch this time?
1852,3722,3,12,82,97,1.1855670103092784,0.04710223423323986,685,He still thinks he's the father.
1878,3722,3,12,82,97,1.1855670103092784,0.04710223423323986,685,Do you feel like talking about it?
1960,3722,1,16,80,97,1.1855670103092784,0.042297366409248006,685,I guess his testosterone is through the roof.
2093,3722,4,10,83,97,1.1855670103092784,0.04932947498266527,685,"When this thing hatches, there's going to be egg on more than Bob's face."
2123,3722,3,12,82,97,1.1855670103092784,0.04710223423323986,685,"Don't worry about Norm, absolutely nothing with him ever hatches."
4729,3775,2,14,82,98,1.183673469387755,0.04434562619344774,685,Leonard found it on the doorstep this morning.
3639,3775,2,14,82,98,1.183673469387755,0.04434562619344774,685,"Eggsactly, just what I was thinking!"""
4322,3775,5,8,85,98,1.183673469387755,0.05096778266379081,685,"Well, where’s the last place you saw it?"
271,3775,2,14,82,98,1.183673469387755,0.04434562619344774,685,He says he wants to have a child on his own.
1628,3779,0,17,76,93,1.1827956989247312,0.040295300106155216,685,Our divorce will be final soon and I can go back to being an empty nester.
5190,3780,2,13,79,94,1.1808510638297873,0.04528252387039548,685,He's just trying to justify his latest stupid eBay purchase.
3735,3780,4,9,81,94,1.1808510638297873,0.0500806166783445,685,If only his father would get his head out of the sand and talk to him.
3740,3780,2,13,79,94,1.1808510638297873,0.04528252387039548,685,They told me eggshell white is all the rage.
3782,3780,1,15,78,94,1.1808510638297873,0.0426816865724372,685,He swears the salesman said ERG-onomic.
3846,3780,0,17,77,94,1.1808510638297873,0.039911724709195365,685,That’s one big ass bubble.
3933,3780,1,15,78,94,1.1808510638297873,0.0426816865724372,685,He says it’s the only thing that doesn’t aggravate his hemorrhoids and the hell if I care! Bastard’s stained every seat in the house!
3986,3780,4,9,81,94,1.1808510638297873,0.0500806166783445,685,"Buy one get one free, they said."
4792,3780,1,15,78,94,1.1808510638297873,0.0426816865724372,685,You session will be free if I slide
4851,3780,1,15,78,94,1.1808510638297873,0.0426816865724372,685,"Oh, you’re  fine, my brother-in-law's a urologist..."
4864,3780,2,13,79,94,1.1808510638297873,0.04528252387039548,685,"As Sharise is my witness, you break it, you buy it!"
4988,3780,0,17,77,94,1.1808510638297873,0.039911724709195365,685,His psychologist prescribed this chair for empty nest syndrome.
5047,3780,4,9,81,94,1.1808510638297873,0.0500806166783445,685,When Herb lays an egg it's a doozie!
5112,3780,2,13,79,94,1.1808510638297873,0.04528252387039548,685,The doctor's say it's EGG-cellent for your health.
3696,3780,2,13,79,94,1.1808510638297873,0.04528252387039548,685,It started after the children flew the co-op.
4265,3780,2,13,79,94,1.1808510638297873,0.04528252387039548,685,Sam is hatching one of his 'fly-by' schemes again
3544,3780,1,15,78,94,1.1808510638297873,0.0426816865724372,685,"It’s a loon and his nest egg, Harriet"
1300,3780,1,15,78,94,1.1808510638297873,0.0426816865724372,685,George I’m sick and tired of you trying to egg us on !
3094,3780,2,13,79,94,1.1808510638297873,0.04528252387039548,685,Don't ask us to egg you on- the yolk would be on us!
130,3780,1,15,78,94,1.1808510638297873,0.0426816865724372,685,Our advisor suggested a Roth IRA but Howard has always been traditional.
661,3780,2,13,79,94,1.1808510638297873,0.04528252387039548,685,It's one of those new male contraceptives.
988,3780,2,13,79,94,1.1808510638297873,0.04528252387039548,685,"Unfortunately, Roger misunderstood our retirement goals."
1236,3780,2,13,79,94,1.1808510638297873,0.04528252387039548,685,Mid- which century?
3274,3780,3,11,80,94,1.1808510638297873,0.047741884833740145,685,"Jerome, aren't you taking role reversal a little too literally?"
1845,3780,0,17,77,94,1.1808510638297873,0.039911724709195365,685,I am a lil Chicken about this Egg you see!
1537,3780,1,15,78,94,1.1808510638297873,0.0426816865724372,685,When visiting your grandparents gets eggs-tra weird
1915,3780,2,13,79,94,1.1808510638297873,0.04528252387039548,685,I don't think he's adjusting to the empty nest
1942,3780,4,9,81,94,1.1808510638297873,0.0500806166783445,685,He’s been sitting there since the crash of 2007
2317,3780,4,9,81,94,1.1808510638297873,0.0500806166783445,685,this isn't the egg we were talking about
3068,3780,0,17,77,94,1.1808510638297873,0.039911724709195365,685,he just keeps rollin' hatchin' new ideas
3087,3780,0,17,77,94,1.1808510638297873,0.039911724709195365,685,I'm not leaving until we agree on whether the chicken or the egg came first.
1893,3780,3,11,80,94,1.1808510638297873,0.047741884833740145,685,"You will sit there until it hatches, or until I say different."
5226,3811,1,14,75,90,1.1777777777777778,0.04349803840706918,685,He’s on the real Paleo diet.
3184,3811,1,14,75,90,1.1777777777777778,0.04349803840706918,685,I bet it's a boy
4394,3811,2,12,76,90,1.1777777777777778,0.046279231145300956,685,I get the feeling you'll never be empty nesters.
3881,3811,1,14,75,90,1.1777777777777778,0.04349803840706918,685,We're very happy with how our nest egg has performed.
3709,3811,1,14,75,90,1.1777777777777778,0.04349803840706918,685,Henry is having a bit of trouble accepting our new status as empty-nesters
3400,3811,2,12,76,90,1.1777777777777778,0.046279231145300956,685,Albert always wanted people to think he is an egghead.
2939,3811,3,10,77,90,1.1777777777777778,0.04890250633185913,685,"Well Harvey!, Your taste in Modern Furniture is Eggcellent!!"
5324,3811,1,14,75,90,1.1777777777777778,0.04349803840706918,685,He thinks he’s having sex.
1550,3811,1,14,75,90,1.1777777777777778,0.04349803840706918,685,He’s finally come out of his shell.
716,3811,3,10,77,90,1.1777777777777778,0.04890250633185913,685,He didn't notice I re-arranged the furniture; he' s not going to notice I sell eggs on the side.
2400,3811,1,14,75,90,1.1777777777777778,0.04349803840706918,685,The salesman said it would give him a six-pack.
815,3822,1,14,76,91,1.1758241758241759,0.04306172017490284,685,It’s wonderful that you’re a sit at home dad while Big Bird brings home the birdseed
3344,3823,2,12,78,92,1.173913043478261,0.04534914100207275,685,Wait til you try this soufflé!
3424,3823,1,14,77,92,1.173913043478261,0.042633942421344356,685,"Horton, I don't see you around as much as I used to since Mayzie's been gone"
3449,3823,3,10,79,92,1.173913043478261,0.04791071000168172,685,It’s a new fangled eggonomic chair.
3461,3823,2,12,78,92,1.173913043478261,0.04534914100207275,685,Stop egging him on.
2794,3823,0,16,76,92,1.173913043478261,0.039733631889711976,685,It's the only one that didn't fit in his basket.
3482,3823,2,12,78,92,1.173913043478261,0.04534914100207275,685,"Humpty, get down off your egg and top off our tea."
3540,3823,2,12,78,92,1.173913043478261,0.04534914100207275,685,Bob stepped into the breach when Dino's Mom went down with postnatal depression.
3549,3823,1,14,77,92,1.173913043478261,0.042633942421344356,685,Hatching whatever that is has given Harold a much-needed purpose in retirement.
3602,3823,1,14,77,92,1.173913043478261,0.042633942421344356,685,Fred laid an egg with his project idea. Now he has to live with it.
3604,3823,1,14,77,92,1.173913043478261,0.042633942421344356,685,The kids are all in college and he just can't let it go.
3685,3823,2,12,78,92,1.173913043478261,0.04534914100207275,685,"If Horton did it, his ego thinks it can too."
3697,3823,2,12,78,92,1.173913043478261,0.04534914100207275,685,"So, he got this at some web site, 'sludge dot com,' something like that.  He tells me he's never felt more alive."
3728,3823,2,12,78,92,1.173913043478261,0.04534914100207275,685,Him?  He just sits on his nest-egg or laurels.
3512,3823,2,12,78,92,1.173913043478261,0.04534914100207275,685,I have been looking for that everywhere. Looks like you found it.
3328,3823,1,14,77,92,1.173913043478261,0.042633942421344356,685,I can't believe he fell for her story.
3243,3823,1,14,77,92,1.173913043478261,0.042633942421344356,685,We must talk about the ostrich in the room
3240,3823,4,8,80,92,1.173913043478261,0.05034210639320343,685,"Most people think the chicken or the egg came first. 
Horace is not one of those people."
3208,3823,1,14,77,92,1.173913043478261,0.042633942421344356,685,The plots he hatches just keep getting bigger.
3204,3823,1,14,77,92,1.173913043478261,0.042633942421344356,685,He likes to believe that he is as free as a bird.
3164,3823,2,12,78,92,1.173913043478261,0.04534914100207275,685,Sydney really likes to sit on our nest egg
3109,3823,2,12,78,92,1.173913043478261,0.04534914100207275,685,"I tell you Marge, if that dinosaur ever hatches it will eat us out of house and home."
3070,3823,3,10,79,92,1.173913043478261,0.04791071000168172,685,I can't imagine raising another one like him.
3046,3823,2,12,78,92,1.173913043478261,0.04534914100207275,685,He's having an eggs-essential crisis.
3014,3823,1,14,77,92,1.173913043478261,0.042633942421344356,685,Who's his financial advisor? He's sitting on a nice nest egg.
2993,3823,2,12,78,92,1.173913043478261,0.04534914100207275,685,I told him to only buy organic.
3758,3823,1,14,77,92,1.173913043478261,0.042633942421344356,685,"I don't care if it's a cliché, we still need the eggs."
2890,3823,3,10,79,92,1.173913043478261,0.04791071000168172,685,"I don't know what you're trying to hatch up there, but we'll be having none of it."
2913,3823,2,12,78,92,1.173913043478261,0.04534914100207275,685,We decided to foster.
2928,3823,1,14,77,92,1.173913043478261,0.042633942421344356,685,His nest egg.
2936,3823,1,14,77,92,1.173913043478261,0.042633942421344356,685,Why does Phil always exaggerate?
3251,3823,1,14,77,92,1.173913043478261,0.042633942421344356,685,I told him to got to the doctor to get his nest egg checked but he refuses.
3824,3823,2,12,78,92,1.173913043478261,0.04534914100207275,685,We don't agree about starting a family
4445,3823,0,16,76,92,1.173913043478261,0.039733631889711976,685,Let's welcome our newest
3886,3823,2,12,78,92,1.173913043478261,0.04534914100207275,685,"He's in an adult education program, ""parenting for males."""
5203,3823,2,12,78,92,1.173913043478261,0.04534914100207275,685,If it's a wood pecker we can kiss the wood floors good bye
5183,3823,1,14,77,92,1.173913043478261,0.042633942421344356,685,"Oh get off it, Earl, no one's going to poach your idea."
2700,3823,2,12,78,92,1.173913043478261,0.04534914100207275,685,"Harold, your chair has too many beans."
5229,3823,2,12,78,92,1.173913043478261,0.04534914100207275,685,"Poor James, the company just keeps adding to his workload."
5253,3823,2,12,78,92,1.173913043478261,0.04534914100207275,685,He's set to see Dr. Pimple Popper next week. She expects record ratings!
5182,3823,2,12,78,92,1.173913043478261,0.04534914100207275,685,Do you think he has high cholesterol?
5169,3823,1,14,77,92,1.173913043478261,0.042633942421344356,685,"Horton, do you ever have to pee?"
4992,3823,2,12,78,92,1.173913043478261,0.04534914100207275,685,Forgetful Frank laid another egg for our anniversary.
4982,3823,4,8,80,92,1.173913043478261,0.05034210639320343,685,Holy fucking shit will you get a load of that huge egg?
4973,3823,0,16,76,92,1.173913043478261,0.039733631889711976,685,If I called you an 'omelet' would you scramble yourself?
4813,3823,2,12,78,92,1.173913043478261,0.04534914100207275,685,I had my eggs harvested to lose weight.
4809,3823,1,14,77,92,1.173913043478261,0.042633942421344356,685,I ordered an egg sitter from one of those discount websites.
4769,3823,2,12,78,92,1.173913043478261,0.04534914100207275,685,"Just as his mother predicted, George would one day regret the lifelong habit of swallowing his bubblegum."
4690,3823,1,14,77,92,1.173913043478261,0.042633942421344356,685,I alway thought he was a brooder.
4607,3823,2,12,78,92,1.173913043478261,0.04534914100207275,685,"He does as he's told... He asked for a raise &
his boss told him to sit on an egg...
 and he's been there for two months..."
4581,3823,2,12,78,92,1.173913043478261,0.04534914100207275,685,Males incubate emu eggs and tend to the young. Harold will make a wonderful father.
4524,3823,2,12,78,92,1.173913043478261,0.04534914100207275,685,He threw out the lazy boy and went fem hen sit.
3988,3823,3,10,79,92,1.173913043478261,0.04791071000168172,685,Oscar feels a sense of tranquility when our spaces are filled with classic lines and sleek craftsmanship.
4023,3823,2,12,78,92,1.173913043478261,0.04534914100207275,685,God bless you.
4236,3823,2,12,78,92,1.173913043478261,0.04534914100207275,685,It's only a matter of time before he cracks
4247,3823,2,12,78,92,1.173913043478261,0.04534914100207275,685,"Yes, that's Fred sitting on an egg.  And yes, he's crazy."
4260,3823,0,16,76,92,1.173913043478261,0.039733631889711976,685,They say this is good for the back.
4283,3823,2,12,78,92,1.173913043478261,0.04534914100207275,685,"What, are you too chicken to sit with both of your ex-wives?"
3872,3823,3,10,79,92,1.173913043478261,0.04791071000168172,685,You may be on top of the world but we are not!
4286,3823,2,12,78,92,1.173913043478261,0.04534914100207275,685,"I don't know, the work just spoke to me."
4389,3823,1,14,77,92,1.173913043478261,0.042633942421344356,685,I found out too late that he's part pterodactyl.
5336,3823,0,16,76,92,1.173913043478261,0.039733631889711976,685,"No, I said you need to grow our nest egg."
4477,3823,3,10,79,92,1.173913043478261,0.04791071000168172,685,"Tommy really misses that swivel base, egg-shaped meditation chair from his 1974 dorm room."
4479,3823,0,16,76,92,1.173913043478261,0.039733631889711976,685,I told him I had it in the oven for 30 years.
4488,3823,2,12,78,92,1.173913043478261,0.04534914100207275,685,Don’t swallow your bubble gum!
4490,3823,2,12,78,92,1.173913043478261,0.04534914100207275,685,"Well, maybe he's finally thinking outside the basket."
4359,3823,1,14,77,92,1.173913043478261,0.042633942421344356,685,"Turns out, we weren’t loving the whole ‘empty nest’ lifestyle."
2692,3823,2,12,78,92,1.173913043478261,0.04534914100207275,685,He's expecting a boy.
474,3823,3,10,79,92,1.173913043478261,0.04791071000168172,685,It’s a sittata.
2634,3823,1,14,77,92,1.173913043478261,0.042633942421344356,685,He has a clinical obsession with guarding our retirement nest egg.
1064,3823,1,14,77,92,1.173913043478261,0.042633942421344356,685,"Since he retired, Henry's been nesting more and more."
916,3823,1,14,77,92,1.173913043478261,0.042633942421344356,685,Herman is determined to hatch the nest big idea.
897,3823,0,16,76,92,1.173913043478261,0.039733631889711976,685,He believes he is on top of the incubation period.
884,3823,4,8,80,92,1.173913043478261,0.05034210639320343,685,He's hatching his latest scheme
882,3823,2,12,78,92,1.173913043478261,0.04534914100207275,685,He thinks he's on to something big.
819,3823,2,12,78,92,1.173913043478261,0.04534914100207275,685,It's just a passive-aggressive way of letting me know he's cold.
746,3823,3,10,79,92,1.173913043478261,0.04791071000168172,685,These days he just shifts between moody and broody.
654,3823,3,10,79,92,1.173913043478261,0.04791071000168172,685,Who's going to tell him he's taking equal gender rights too far?
571,3823,1,14,77,92,1.173913043478261,0.042633942421344356,685,DON'T MIND ME I' M JUST THE ELEPHANT IN THE ROOM.
569,3823,2,12,78,92,1.173913043478261,0.04534914100207275,685,"Eggcellent,” doesn’t mean “in the living room,” Harry."
549,3823,1,14,77,92,1.173913043478261,0.042633942421344356,685,"Ed says that sitting up there gives birth to some of his best ideas!

We found it in the yard last Easter.... Ed thought it would make a good chair."
456,3823,3,10,79,92,1.173913043478261,0.04791071000168172,685,"Dan speak up, Gladys can't hear you."
454,3823,1,14,77,92,1.173913043478261,0.042633942421344356,685,He's taking this empty nest thing too seriously.
1069,3823,2,12,78,92,1.173913043478261,0.04534914100207275,685,I told him she’d be gone by winter.
365,3823,2,12,78,92,1.173913043478261,0.04534914100207275,685,Pete and Jerry have made us a generous offer.
341,3823,3,10,79,92,1.173913043478261,0.04791071000168172,685,"So I'm guessing your novel wasn't a success, huh Howard?"
252,3823,2,12,78,92,1.173913043478261,0.04534914100207275,685,He says it's going to be the newest craze: a kinder surprise for adults.The anatomically correct  adult toy inside avoids the public health concern.
246,3823,0,16,76,92,1.173913043478261,0.039733631889711976,685,This isn't what I had in mind when I asked him to watch our nest egg.
227,3823,1,14,77,92,1.173913043478261,0.042633942421344356,685,He's rehearsing a one-man show re-imagining the Humpty Dumpty legend.
205,3823,1,14,77,92,1.173913043478261,0.042633942421344356,685,Tai chi is much more your style than ostrich racing.
194,3823,2,12,78,92,1.173913043478261,0.04534914100207275,685,"First he got the thermostat, then there was the doorbell.  Now the chair?"
181,3823,2,12,78,92,1.173913043478261,0.04534914100207275,685,"Oh yes, free range egg chair's only."
2678,3823,1,14,77,92,1.173913043478261,0.042633942421344356,685,He swallowed his chewing gum again.
159,3823,3,10,79,92,1.173913043478261,0.04791071000168172,685,Neither my second husband nor his next egg was quite what I hoped for.
155,3823,1,14,77,92,1.173913043478261,0.042633942421344356,685,I recommend it. It's guaranteed harmless domination.
140,3823,1,14,77,92,1.173913043478261,0.042633942421344356,685,"Well, Howard, some people just express their feelings."
88,3823,1,14,77,92,1.173913043478261,0.042633942421344356,685,I told the designer we wanted a Modern Farmhouse motif.
77,3823,1,14,77,92,1.173913043478261,0.042633942421344356,685,The lucky hatchling is going to enjoy a fat clueless first meal.
361,3823,1,14,77,92,1.173913043478261,0.042633942421344356,685,You should see him when he really gets on a roll.
1140,3823,0,16,76,92,1.173913043478261,0.039733631889711976,685,I wanted to find out what it would be like to hatch someone.
253,3823,1,14,77,92,1.173913043478261,0.042633942421344356,685,Arthur's a feminist now.
1204,3823,1,14,77,92,1.173913043478261,0.042633942421344356,685,Henry wants to believe that he’s hatching a scheme.
1151,3823,3,10,79,92,1.173913043478261,0.04791071000168172,685,"No, you're not. You are Irving, of the House Goldberg, third of your name, king of the adding machine. Keep your clothes on, and give me those matches."
2532,3823,0,16,76,92,1.173913043478261,0.039733631889711976,685,I was in the neighborhood and thought I would stop by to let you know that your nest egg is now my fiduciary obligation.
2436,3823,1,14,77,92,1.173913043478261,0.042633942421344356,685,I’m just glad his body heat’s not enough make it hatch.
2423,3823,0,16,76,92,1.173913043478261,0.039733631889711976,685,"I don't know what's going to come out of that thing,all I know is that he's convinced men can have babies."
2410,3823,2,12,78,92,1.173913043478261,0.04534914100207275,685,No - no - no Dahlink.  EEt's egg-head not egg-ass!
2356,3823,1,14,77,92,1.173913043478261,0.042633942421344356,685,I am going to be the Dragon King.
2303,3823,2,12,78,92,1.173913043478261,0.04534914100207275,685,He's always trying to hatch big ideas.
2161,3823,0,16,76,92,1.173913043478261,0.039733631889711976,685,I think his brain is scrambled.
2157,3823,1,14,77,92,1.173913043478261,0.042633942421344356,685,"We call him the Senator, Borin' Hatch."
2065,3823,1,14,77,92,1.173913043478261,0.042633942421344356,685,"Grow up, you can't hatch that egg, not when you were 3, not now!
Jocelyn Li Langrand, San Francisco"
2013,3823,4,8,80,92,1.173913043478261,0.05034210639320343,685,He's always trying to catch my attention.
1978,3823,0,16,76,92,1.173913043478261,0.039733631889711976,685,"I said ""mid-century"" not ""mid-life crisis."""
1962,3823,2,12,78,92,1.173913043478261,0.04534914100207275,685,"It appears that Jack has taken this winter nesting thing
to the max!"
1869,3823,1,14,77,92,1.173913043478261,0.042633942421344356,685,Harold is getting in touch with his feminine side.
2563,3823,1,14,77,92,1.173913043478261,0.042633942421344356,685,"Just because you don't care about the younger generation, doesn't mean I can't."
1857,3823,0,16,76,92,1.173913043478261,0.039733631889711976,685,He got it from Nest Within Reach.
1821,3823,2,12,78,92,1.173913043478261,0.04534914100207275,685,How do I get this guy off my ass?
1804,3823,2,12,78,92,1.173913043478261,0.04534914100207275,685,The new chair isn’t all it’s cracked up to be.
1786,3823,3,10,79,92,1.173913043478261,0.04791071000168172,685,He swallowed bubble gum and now we’re afraid to puncture it.
1729,3823,1,14,77,92,1.173913043478261,0.042633942421344356,685,It's just that we really do need the eggs.
1658,3823,1,14,77,92,1.173913043478261,0.042633942421344356,685,"Get down Stanley, you're being foul."
1644,3823,2,12,78,92,1.173913043478261,0.04534914100207275,685,"Bernard, we already have two ostriches."
1643,3823,2,12,78,92,1.173913043478261,0.04534914100207275,685,"He just brought it home one night. Said it was our nest egg
and has been sitting on it ever since."
1289,3823,2,12,78,92,1.173913043478261,0.04534914100207275,685,Humpty Dummy
1603,3823,2,12,78,92,1.173913043478261,0.04534914100207275,685,"Marge, I get that Govinder's stoned, but eventually he'll need you to put the ladder back."
1865,3823,2,12,78,92,1.173913043478261,0.04534914100207275,685,He said he'll handle the adoption process his own way.
1480,3823,2,12,78,92,1.173913043478261,0.04534914100207275,685,How long until it hatches Frank?
1343,3823,0,16,76,92,1.173913043478261,0.039733631889711976,685,At least your husband flew south for the winter.
572,3952,3,10,80,93,1.1720430107526882,0.047429620885569776,685,He’s so stubborn. He won’t admit that the “Egg Sitter” looked a lot different on the Home Shopping Channel
1885,3952,3,10,80,93,1.1720430107526882,0.047429620885569776,685,He's a little worried about where the egg tooth could poke through.
4110,3952,1,14,78,93,1.1720430107526882,0.04221446145523714,685,Not all raindrops come from clouds.
3753,3952,2,12,79,93,1.1720430107526882,0.04489782674754191,685,I bet he wishes he was only walking on eggshells.
5152,3952,1,14,78,93,1.1720430107526882,0.04221446145523714,685,"The silent treatment doesn't bother me as much as
having to walk on egg shells again."
3057,3952,2,12,79,93,1.1720430107526882,0.04489782674754191,685,He said he'll stay even if the baby isn't his
414,3952,1,14,78,93,1.1720430107526882,0.04221446145523714,685,s\
1090,3952,3,10,80,93,1.1720430107526882,0.047429620885569776,685,When I'm on the ball it means I have spin!
4458,3960,1,13,74,88,1.1704545454545454,0.043434064987402606,685,It's better than Harold having egg on his face.
3358,3960,2,11,75,88,1.1704545454545454,0.046343834769941326,685,I wonder what he’s hatching this time
3306,3960,1,13,74,88,1.1704545454545454,0.043434064987402606,685,He's hatching a plan for a special Christmas surprise for me.
3220,3960,1,13,74,88,1.1704545454545454,0.043434064987402606,685,I don’t think it will hatch even if you DO keep it warm.
3958,3960,2,11,75,88,1.1704545454545454,0.046343834769941326,685,"Decolloditis, or more commonly, Pinocchio's hemorrhoids."
2876,3960,0,15,73,88,1.1704545454545454,0.04031482334670714,685,Harry had never lost a game of chicken.
2866,3960,3,9,76,88,1.1704545454545454,0.049081402191026816,685,The picture frame behind us seems really high.
2657,3960,0,15,73,88,1.1704545454545454,0.04031482334670714,685,"Just sit on the couch, Joe, the egg is going to crack anyway."
2442,3960,2,11,75,88,1.1704545454545454,0.046343834769941326,685,I keep telling him that it's becoming a problem but he just says that elephants don't come from eggs.
1330,3960,1,13,74,88,1.1704545454545454,0.043434064987402606,685,He thinks it's very Arne Jacobsen.
1187,3960,1,13,74,88,1.1704545454545454,0.043434064987402606,685,I told you. George has been trying to hatch Something Big all week
937,3960,2,11,75,88,1.1704545454545454,0.046343834769941326,685,He was a normal-behaved fossil collector before he saw Jurassic Park.
881,3960,2,11,75,88,1.1704545454545454,0.046343834769941326,685,"Jenny, it was only $275, it'll pay for itself."
714,3960,2,11,75,88,1.1704545454545454,0.046343834769941326,685,As if he could lay an egg!
700,3960,2,11,75,88,1.1704545454545454,0.046343834769941326,685,He sure has a big egg-o.
5211,3960,2,11,75,88,1.1704545454545454,0.046343834769941326,685,I told him we offered college credit for it.
3473,3960,3,9,76,88,1.1704545454545454,0.049081402191026816,685,"Martha, would you mind sitting on this thing for a while? I believe it's about ready to hatch!"
4975,3960,1,13,74,88,1.1704545454545454,0.043434064987402606,685,If it was a real egg then I would be worried.
3990,3960,2,11,75,88,1.1704545454545454,0.046343834769941326,685,"The incubation period for a retirement nest egg is 40 years, but he doesn't seem to mind."
3808,3960,4,7,77,88,1.1704545454545454,0.051674143059087504,685,Ralph got confused in the sex-ed class
4055,3980,2,12,80,94,1.1702127659574468,0.04445531425009222,685,I don't have the heart to tell him it's addled.
2062,3981,1,15,84,100,1.17,0.04033946860424327,685,"See, what did I say? It's not my fault he's always walking on eggshells around me."
3534,3982,2,11,76,89,1.1685393258426966,0.04586016811409948,685,"It could be worse, we could have watched the documentary on the killer whale..."
3726,3982,0,15,74,89,1.1685393258426966,0.03990526017490819,685,He claims he's hatching a big idea
3413,3982,3,9,77,89,1.1685393258426966,0.04856457180256656,685,He's taking a different approach since the last two startups failed.
3425,3982,2,11,76,89,1.1685393258426966,0.04586016811409948,685,He's been trying to hatch the nest egg
3257,3982,0,15,74,89,1.1685393258426966,0.03990526017490819,685,He always was an Egg Head!
3010,3982,2,11,76,89,1.1685393258426966,0.04586016811409948,685,We're thinking of naming him Aleggsander.
3850,3982,2,11,76,89,1.1685393258426966,0.04586016811409948,685,The trickiest part was getting him up there.
2642,3982,0,15,74,89,1.1685393258426966,0.03990526017490819,685,He's hoping this nest egg will be enough for retirement.
2703,3982,0,15,74,89,1.1685393258426966,0.03990526017490819,685,HUMPTY WIL HAVE EGG ON HIS FACE WHEN HE FALLS.
3469,3982,0,15,74,89,1.1685393258426966,0.03990526017490819,685,Probably going to take awhile
3867,3982,3,9,77,89,1.1685393258426966,0.04856457180256656,685,"If I can give birth to kid and raise it for 18 years, you can sit on that silly egg for a few weeks and see what you get."
4630,3982,3,9,77,89,1.1685393258426966,0.04856457180256656,685,"I don’t care if he laid a golden egg, he’s still a shmuck."
3902,3982,2,11,76,89,1.1685393258426966,0.04586016811409948,685,Richard's into Art Deggo.
4021,3982,2,11,76,89,1.1685393258426966,0.04586016811409948,685,He is out to prove it was the egg that came first.
4455,3982,2,11,76,89,1.1685393258426966,0.04586016811409948,685,"do you understand now? you give me the money for the eggs, and I give you nephews and nieces without marrying a stranger!"
4539,3982,2,11,76,89,1.1685393258426966,0.04586016811409948,685,"Quit being such a chicken, she's only staying for a few more weeks."
4618,3982,4,7,78,89,1.1685393258426966,0.05112612100756149,685,So you say they always have your nose?
5251,3982,3,9,77,89,1.1685393258426966,0.04856457180256656,685,My ex had trouble coping with the empty nest too. But he just found himself a new bird.
5235,3982,3,9,77,89,1.1685393258426966,0.04856457180256656,685,This is what I get for Harald's obsession for a pet brontosaurus.
5052,3982,1,13,75,89,1.1685393258426966,0.04298595589887807,685,"Like I told you, this time he really laid an egg!"
4811,3982,2,11,76,89,1.1685393258426966,0.04586016811409948,685,Harold was always dreading being an empty nester!
4805,3982,1,13,75,89,1.1685393258426966,0.04298595589887807,685,"He comes from a long line of Gentlemen Farmers
Frank Buckley
Andover, MA"
3870,3982,1,13,75,89,1.1685393258426966,0.04298595589887807,685,I told you he’s n the ball
2310,3982,2,11,76,89,1.1685393258426966,0.04586016811409948,685,We promised Kevin we’d keep him away from the wall...
2426,3982,2,11,76,89,1.1685393258426966,0.04586016811409948,685,"I said to him, ""Really?? Just because your name is Horton, you feel obliged?"""
2023,3982,2,11,76,89,1.1685393258426966,0.04586016811409948,685,He doesn't get it. He thinks laying an egg is funny.
134,3982,1,13,75,89,1.1685393258426966,0.04298595589887807,685,Some nest egg.
135,3982,0,15,74,89,1.1685393258426966,0.03990526017490819,685,There was no room on the couch.
195,3982,3,9,77,89,1.1685393258426966,0.04856457180256656,685,"No, you may not refer to us as Nanu and Nanu"
377,3982,2,11,76,89,1.1685393258426966,0.04586016811409948,685,"Ever since Caitlin left for college, he's had empty nest syndrome."
579,3982,0,15,74,89,1.1685393258426966,0.03990526017490819,685,"Henry, here, has been trying to combine the slow-food movement with the paleo diet."
887,3982,1,13,75,89,1.1685393258426966,0.04298595589887807,685,I must have misconstrued. I thought he was hatching a plan.
1134,3982,2,11,76,89,1.1685393258426966,0.04586016811409948,685,"It was such a pain squeezing that thing out, he's totally committed now."
1190,3982,1,13,75,89,1.1685393258426966,0.04298595589887807,685,"How? For one, he doesn’t drink tea.”"
1438,3982,3,9,77,89,1.1685393258426966,0.04856457180256656,685,I told him this apartment is too small for T Rex.
1452,3982,2,11,76,89,1.1685393258426966,0.04586016811409948,685,"After he retired, he actually put Humpty Dumpty’s egg back together. Now he just sits on it."
1596,3982,0,15,74,89,1.1685393258426966,0.03990526017490819,685,Let me guess. You need the eggs?
1713,3982,1,13,75,89,1.1685393258426966,0.04298595589887807,685,At least we know who came first.
1863,3982,2,11,76,89,1.1685393258426966,0.04586016811409948,685,"To be honest, he was more interesting as an egghead, but then he hatched up this crazy idea."
1992,3982,0,15,74,89,1.1685393258426966,0.03990526017490819,685,You've built up quite a nest egg.
1221,3982,2,11,76,89,1.1685393258426966,0.04586016811409948,685,"Method?""
""Yes, he's going to be playing a hard boiled detective."""
2192,3982,2,11,76,89,1.1685393258426966,0.04586016811409948,685,"""We always feel like we're walking on eggshells when we're talking to you."""
502,4024,2,11,77,90,1.1666666666666667,0.045386397671912215,685,"He's in a TV show called  ""The Egg and I"""
5322,4024,0,15,75,90,1.1666666666666667,0.039503788594998104,685,"That's a bit eggstravagant, don't you think?"
4078,4024,0,15,75,90,1.1666666666666667,0.039503788594998104,685,"When you said, ""Ernie's sitting on our nest egg,"" I had no idea."
1436,4024,1,13,76,90,1.1666666666666667,0.04254688241805304,685,"Harold, I knew you were babysitting but I never imagined it so literally!”"
1096,4028,2,12,83,97,1.1649484536082475,0.043178116402505386,685,"Nope, still feeling the empty nest syndrome."
2014,4029,3,9,79,91,1.164835164835165,0.047562660331514815,685,Don't Egg him on.
2717,4030,2,10,73,85,1.1647058823529413,0.046883426633143835,685,Winter brings out Bert's nesting qualities.
1487,4031,0,15,77,92,1.1630434782608696,0.03872420126056659,685,He thinks it's our nest egg.
1605,4031,3,9,80,92,1.1630434782608696,0.047076941202535395,685,"If he's that literal, a parachute made of gold is better than all that cholesterol in the nest egg."
1613,4031,2,11,79,92,1.1630434782608696,0.044467368369936235,685,It’s pecked a hole. He’s trying to kill it.
4877,4031,4,7,81,92,1.1630434782608696,0.04954926776680301,685,"Ugliest Art Dec, indeed, but still is Art Deco."
3785,4035,1,12,73,86,1.1627906976744187,0.04332445313847639,685,I told him he can't move until it hatches.
3775,4035,3,8,75,86,1.1627906976744187,0.04923620479061173,685,"When he started, it was only about three inches tall."
3379,4035,2,10,74,86,1.1627906976744187,0.046374627232631714,685,It’s Art.
3690,4035,3,8,75,86,1.1627906976744187,0.04923620479061173,685,It took him seven years to lay that egg !
3588,4035,1,12,73,86,1.1627906976744187,0.04332445313847639,685,May Harry drown in albumen.
3571,4035,0,14,72,86,1.1627906976744187,0.040042607663968714,685,So does he do this everytime another woman comes over?
3564,4035,1,12,73,86,1.1627906976744187,0.04332445313847639,685,"This is a departure from traditional gender-roles, among other things ..."
3498,4035,2,10,74,86,1.1627906976744187,0.046374627232631714,685,Do you mind if I give the old egghead a new nickname?
3480,4035,3,8,75,86,1.1627906976744187,0.04923620479061173,685,How many times have I told you not to swallow bubble gum??
3820,4035,2,10,74,86,1.1627906976744187,0.046374627232631714,685,Dump Humpty!
3796,4035,2,10,74,86,1.1627906976744187,0.046374627232631714,685,It's just hyper-inflation. Nothing to worry about !
3349,4035,1,12,73,86,1.1627906976744187,0.04332445313847639,685,He thinks it's the next great step in evolution.
3247,4035,1,12,73,86,1.1627906976744187,0.04332445313847639,685,That's a lot of responsibility for a grandfather
3268,4035,3,8,75,86,1.1627906976744187,0.04923620479061173,685,"Finally making good use of your habanero obsession, dear?"
3225,4035,2,10,74,86,1.1627906976744187,0.046374627232631714,685,His mother left the family for a giant cock.
3182,4035,4,6,76,86,1.1627906976744187,0.051940366511996884,685,"That's right, testicular torsion. Murray says it's like sitting on a big bean bag chair..."
3142,4035,0,14,72,86,1.1627906976744187,0.040042607663968714,685,His maternal instincts are finally kicking in.
3134,4035,2,10,74,86,1.1627906976744187,0.046374627232631714,685,"When he told me his name was Henry, I didn't fully understand."
3132,4035,2,10,74,86,1.1627906976744187,0.046374627232631714,685,Somebody wants breakfast.
3129,4035,1,12,73,86,1.1627906976744187,0.04332445313847639,685,They say he is an eggcellent babysitter
3011,4035,2,10,74,86,1.1627906976744187,0.046374627232631714,685,I'm waiting for my penguin lady friend to come back and finish hatching this egg.
3018,4035,1,12,73,86,1.1627906976744187,0.04332445313847639,685,Wait to you see our Thanksgiving turkey.
3844,4035,1,12,73,86,1.1627906976744187,0.04332445313847639,685,"Well, at least the yolk's not on you."
3044,4035,2,10,74,86,1.1627906976744187,0.046374627232631714,685,Egghead or lard-ass?
3293,4035,1,12,73,86,1.1627906976744187,0.04332445313847639,685,We keep her ashes in there.
3856,4035,2,10,74,86,1.1627906976744187,0.046374627232631714,685,your husband DOES have big ball (s)
4586,4035,1,12,73,86,1.1627906976744187,0.04332445313847639,685,You think this is bad? You should see when he makes bacon for the family.
3918,4035,1,12,73,86,1.1627906976744187,0.04332445313847639,685,We have dozens.
5260,4035,1,12,73,86,1.1627906976744187,0.04332445313847639,685,I couldn't just leave him out on the street.
5245,4035,3,8,75,86,1.1627906976744187,0.04923620479061173,685,All he ever does is complain about his hemorrhoids.
5171,4035,0,14,72,86,1.1627906976744187,0.040042607663968714,685,He always needs something to do.
5117,4035,1,12,73,86,1.1627906976744187,0.04332445313847639,685,"What time does the scrambled egg-eating contest begin?"""
5115,4035,1,12,73,86,1.1627906976744187,0.04332445313847639,685,"When it hatches, he gets the first feeding"
5093,4035,0,14,72,86,1.1627906976744187,0.040042607663968714,685,"He has a few egg tooth scars, but it's not something he worries about."
5091,4035,1,12,73,86,1.1627906976744187,0.04332445313847639,685,I thought you meant you laid an egg at work.
5051,4035,1,12,73,86,1.1627906976744187,0.04332445313847639,685,Howard's very protective of our nest egg.
5013,4035,1,12,73,86,1.1627906976744187,0.04332445313847639,685,"So kind of you, Norm, to bring your retirement for our cake.”"
4981,4035,3,8,75,86,1.1627906976744187,0.04923620479061173,685,He missed the Twitter egg avatar.
4962,4035,1,12,73,86,1.1627906976744187,0.04332445313847639,685,"If it's a turkey, we'll be all set for Thanksgiving."
4732,4035,2,10,74,86,1.1627906976744187,0.046374627232631714,685,Dad! What the heck kinda furure are you trying to hatch for me now!
4724,4035,0,14,72,86,1.1627906976744187,0.040042607663968714,685,He's getting in touch with his inner feminine chicken.
4653,4035,2,10,74,86,1.1627906976744187,0.046374627232631714,685,"We had the colouring books & hula-hoops. Once we’re back to Slinky and Silly Putty, the algorithms creating our early-onset dementias will be complete."
2891,4035,3,8,75,86,1.1627906976744187,0.04923620479061173,685,Did you have to have a Caesarian procedure.
4585,4035,1,12,73,86,1.1627906976744187,0.04332445313847639,685,That must be quite the devilish plan you have in mind.
4508,4035,1,12,73,86,1.1627906976744187,0.04332445313847639,685,How do you like to have your egg done?
4467,4035,1,12,73,86,1.1627906976744187,0.04332445313847639,685,With a name like Nestor Hatch I suppose it was determinative
4430,4035,1,12,73,86,1.1627906976744187,0.04332445313847639,685,"Yeah, Bert decided he was Pangender and got tangled up in a relationship with a Pigeon and she just flew the coop"
4320,4035,1,12,73,86,1.1627906976744187,0.04332445313847639,685,I told him not to swallow his gum...
4202,4035,1,12,73,86,1.1627906976744187,0.04332445313847639,685,He says it followed him home.
4196,4035,2,10,74,86,1.1627906976744187,0.046374627232631714,685,We prefer home-raised.
4116,4035,3,8,75,86,1.1627906976744187,0.04923620479061173,685,"Congratulations, you’re a chicken. 
- Augustus Goggins 
(8 years old, Los Angeles)"
4108,4035,2,10,74,86,1.1627906976744187,0.046374627232631714,685,My curiosity has grown bigger than the egg.
4007,4035,2,10,74,86,1.1627906976744187,0.046374627232631714,685,"Ooo, sorry, Ginger was actually sitting there."
3914,4035,1,12,73,86,1.1627906976744187,0.04332445313847639,685,"So, when will it hatch?"
2860,4035,0,14,72,86,1.1627906976744187,0.040042607663968714,685,It was a long time ago when we met and his ad in the Village Voice said he was a player.
3653,4035,2,10,74,86,1.1627906976744187,0.046374627232631714,685,He thinks it’ll improve his posture.
2793,4035,2,10,74,86,1.1627906976744187,0.046374627232631714,685,Don says this is the biggest idea he's hatched yet.
1192,4035,1,12,73,86,1.1627906976744187,0.04332445313847639,685,His doctor says it’s the worst hemorrhoid he’s ever seen.
1080,4035,0,14,72,86,1.1627906976744187,0.040042607663968714,685,He is safeguarding our nestegg.
1028,4035,2,10,74,86,1.1627906976744187,0.046374627232631714,685,I think you should tell him to egg off.
918,4035,0,14,72,86,1.1627906976744187,0.040042607663968714,685,Of course we plan to coparent...eventually.
831,4035,1,12,73,86,1.1627906976744187,0.04332445313847639,685,Painting your hemorrhoid white isn't fooling ANYBODY.
824,4035,3,8,75,86,1.1627906976744187,0.04923620479061173,685,"This is Dennis, First of his name. You are probably more familiar with his cousin, Daenerys"
798,4035,1,12,73,86,1.1627906976744187,0.04332445313847639,685,I'm the chosen one.
792,4035,2,10,74,86,1.1627906976744187,0.046374627232631714,685,He brought it back from Africa and is incubating it.
741,4035,1,12,73,86,1.1627906976744187,0.04332445313847639,685,It was Amazon's #1 choice for 'modern lounge chairs'.
625,4035,0,14,72,86,1.1627906976744187,0.040042607663968714,685,He definitely looks uncomfortable. Maybe we shouldn’t have egged him on
621,4035,2,10,74,86,1.1627906976744187,0.046374627232631714,685,"On the bright side, I'm fertile now."
1268,4035,2,10,74,86,1.1627906976744187,0.046374627232631714,685,"Believe me, Gilbert, you’ll never hatch it i a million years."
573,4035,1,12,73,86,1.1627906976744187,0.04332445313847639,685,It's the only way he can do it.
437,4035,3,8,75,86,1.1627906976744187,0.04923620479061173,685,He still believes the chicken came in second.
407,4035,1,12,73,86,1.1627906976744187,0.04332445313847639,685,It's paper mache... tamps down the 'empty nest' angst.
402,4035,2,10,74,86,1.1627906976744187,0.046374627232631714,685,He is trying to recapture his childhood by re-enacting “Horton Hatches the Egg”.
309,4035,1,12,73,86,1.1627906976744187,0.04332445313847639,685,Not sure. I sent him to the store for eggs.
251,4035,2,10,74,86,1.1627906976744187,0.046374627232631714,685,Harold is working hard watching our nest egg. And guess who is bringing the bacon?
218,4035,2,10,74,86,1.1627906976744187,0.046374627232631714,685,"The doctor prescribes a medicine ball  for 
Charlie!"
153,4035,3,8,75,86,1.1627906976744187,0.04923620479061173,685,My nest egg isn't what I thought it would be with all the Wall Street pyramiding.
119,4035,2,10,74,86,1.1627906976744187,0.046374627232631714,685,Who farted ?
86,4035,2,10,74,86,1.1627906976744187,0.046374627232631714,685,"OK, I get your point.  I make you feel tentative and uncertain.  So dramatic!"
2893,4035,2,10,74,86,1.1627906976744187,0.046374627232631714,685,"His ex-wife is no help at all, she just sticks her head in the ground."
2829,4035,1,12,73,86,1.1627906976744187,0.04332445313847639,685,Has he hatched anything before?
563,4035,2,10,74,86,1.1627906976744187,0.046374627232631714,685,It matures in eighteen months.
1281,4035,2,10,74,86,1.1627906976744187,0.046374627232631714,685,You forgot to ask the doctor about the giant egg-shaped tumor?
359,4035,1,12,73,86,1.1627906976744187,0.04332445313847639,685,Its the latest in dino motif!
1447,4035,3,8,75,86,1.1627906976744187,0.04923620479061173,685,"For all his sitting, the egg just keeps getting bigher..."
2688,4035,1,12,73,86,1.1627906976744187,0.04332445313847639,685,He thinks he is safer up there.
2614,4035,2,10,74,86,1.1627906976744187,0.046374627232631714,685,And what are you expecting to HATCH!
2578,4035,0,14,72,86,1.1627906976744187,0.040042607663968714,685,Ever since that investment conference....
2555,4035,3,8,75,86,1.1627906976744187,0.04923620479061173,685,I’ve mastered the nest egg protocol.
2542,4035,3,8,75,86,1.1627906976744187,0.04923620479061173,685,Maybe we should just fry it?
1387,4035,4,6,76,86,1.1627906976744187,0.051940366511996884,685,Phyllis wants to know what else you got me for Easter.
2495,4035,2,10,74,86,1.1627906976744187,0.046374627232631714,685,"Oh, dear. He's taking the impeachment news too literally again. Harold, that's not how you hatch a plot."
2475,4035,0,14,72,86,1.1627906976744187,0.040042607663968714,685,Herb can't resist a west elm sale.
2473,4035,2,10,74,86,1.1627906976744187,0.046374627232631714,685,He wants to know what it feels like to be pregnant.
2409,4035,2,10,74,86,1.1627906976744187,0.046374627232631714,685,They'll never cast Michael Keaton over me.
2334,4035,2,10,74,86,1.1627906976744187,0.046374627232631714,685,Some one had once told him he's right on the ball
2376,4035,1,12,73,86,1.1627906976744187,0.04332445313847639,685,So this is how I plan to demonstrate how a great idea has to incubate before it is ready to hatch.  Get it?
2000,4035,1,12,73,86,1.1627906976744187,0.04332445313847639,685,Just until our daughter gets home.
1946,4035,2,10,74,86,1.1627906976744187,0.046374627232631714,685,"I told him to buy a bean bag, but instead he got an egg sack"
1809,4035,2,10,74,86,1.1627906976744187,0.046374627232631714,685,Should we make a Life Call?
1806,4035,2,10,74,86,1.1627906976744187,0.046374627232631714,685,"He considers the retirement nest egg more ""his"" than ""ours."""
1708,4035,1,12,73,86,1.1627906976744187,0.04332445313847639,685,"I don’t know why, but Horton has always taken breakfast very seriously."
2775,4035,4,6,76,86,1.1627906976744187,0.051940366511996884,685,"I have no idea."" -  ""That's his point, I think."
1598,4035,0,14,72,86,1.1627906976744187,0.040042607663968714,685,Bob's overreacting to the doctor's dietary restrictions. He's got a piece of bacon that covers most of the patio.
1505,4035,0,14,72,86,1.1627906976744187,0.040042607663968714,685,I'm waiting for him to cackle with 'postpartem exuberance!'
1451,4035,2,10,74,86,1.1627906976744187,0.046374627232631714,685,"It's a great day to be Sept. 10, 2001"
2323,4035,2,10,74,86,1.1627906976744187,0.046374627232631714,685,Conrad desperately wants an heir.
2719,4035,3,8,75,86,1.1627906976744187,0.04923620479061173,685,"I am the egg man.”

“We are the walrus."
1633,4143,2,11,80,93,1.1612903225806452,0.0440215494550123,685,Oh great. Darren shit his pants again.
3971,4144,2,10,75,87,1.160919540229885,0.04587666140408817,685,"Have you surfed the Web, lately? Apparently, the Internet is teeming with “memes” that claim Jeffrey Epstein didn’t kill himself."
2697,4144,1,12,74,87,1.160919540229885,0.04286443578566523,685,Do you think you can keep it warm enough ?
1098,4144,2,10,75,87,1.160919540229885,0.04587666140408817,685,It's some sort of new sitting device that he found on the internet. He looks kind of uncomfortable up there but I don't ask  questions. He really is a jackass sometimes but I don't ask any questions.
3296,4144,2,10,75,87,1.160919540229885,0.04587666140408817,685,He's been trying to hatch that egg for over a year now.
618,4148,2,11,81,94,1.1595744680851063,0.0435845055714996,685,"Not wearing pants in our relationship - least he can do, is lay an egg"
3718,4149,3,8,77,88,1.1590909090909092,0.04818102954737957,685,"My Horton is faithful, 100%"
2769,4150,1,11,70,82,1.1585365853658536,0.04413684952548057,685,He's hoping for identical twins.
3283,4150,2,9,71,82,1.1585365853658536,0.04742547425474254,685,He stuffed his bean bag chair with his life savings
3288,4150,0,13,69,82,1.1585365853658536,0.04058259927336568,685,"Well, you wanted kids."
3395,4150,1,11,70,82,1.1585365853658536,0.04413684952548057,685,I think Ollie may have broken your record.
3409,4150,1,11,70,82,1.1585365853658536,0.04413684952548057,685,Sheldon's working on his core while trying to start a sideline in exotic birds.
3430,4150,0,13,69,82,1.1585365853658536,0.04058259927336568,685,"Apparently,for an ostrich,hiding your head in the sand is foreplay.  Obviously,George didn't use protection."
3432,4150,2,9,71,82,1.1585365853658536,0.04742547425474254,685,Harold’s been there since our ostrich’s c-section.”
3464,4150,1,11,70,82,1.1585365853658536,0.04413684952548057,685,And to think we planned to travel after the children left the nest...
3276,4150,1,11,70,82,1.1585365853658536,0.04413684952548057,685,"Yes, I know . . . but he insisted."
3481,4150,1,11,70,82,1.1585365853658536,0.04413684952548057,685,When you said you were sitting around waiting for something to hatch- I thought you meant a story idea!
3485,4150,1,11,70,82,1.1585365853658536,0.04413684952548057,685,"Ya, like I was saying, he came in like a wrecking ball and . . ."
3570,4150,4,5,73,82,1.1585365853658536,0.053398537927474336,685,"You were right all these years, Herb. You do have a big nest egg."
3617,4150,2,9,71,82,1.1585365853658536,0.04742547425474254,685,At least he stopped wearing a tuxedo.
3620,4150,0,13,69,82,1.1585365853658536,0.04058259927336568,685,Henry thinks it's better than Kegels for men.
3436,4150,0,13,69,82,1.1585365853658536,0.04058259927336568,685,"It’s his daily meditation exercise. He’s been on that thing saying “Trumpty Dumpty can’t build a wall, Trumpty Dumpty had a great fall” for years now."
3252,4150,1,11,70,82,1.1585365853658536,0.04413684952548057,685,"So...after hatching, will I finally be considered a feminist?"
3171,4150,0,13,69,82,1.1585365853658536,0.04058259927336568,685,Eggactly who are you?
2764,4150,0,13,69,82,1.1585365853658536,0.04058259927336568,685,I think Herb wants to tell us something.
2709,4150,1,11,70,82,1.1585365853658536,0.04413684952548057,685,"I told him if he could solve that philosophical question of ""which came first: the chicken or the egg?"" then he is in line for a MacArthur genius award!"
2540,4150,3,7,72,82,1.1585365853658536,0.050500393370146945,685,"Yea, but you should see his glutes ... hubba hubba"
3644,4150,0,13,69,82,1.1585365853658536,0.04058259927336568,685,I'm feathering. He's fathering.”
2636,4150,2,9,71,82,1.1585365853658536,0.04742547425474254,685,He is always trying to egg me on!
2685,4150,1,11,70,82,1.1585365853658536,0.04413684952548057,685,Lawrence has found some pterodactyl DNA in an old box in the basement.
2798,4150,0,13,69,82,1.1585365853658536,0.04058259927336568,685,Looks to me like you're having a ball.
3246,4150,1,11,70,82,1.1585365853658536,0.04413684952548057,685,Harold always was a bigger starter than a finisher!
2857,4150,1,11,70,82,1.1585365853658536,0.04413684952548057,685,It was either that or stock options.
2906,4150,2,9,71,82,1.1585365853658536,0.04742547425474254,685,"She just clucks, and he listens."
2943,4150,1,11,70,82,1.1585365853658536,0.04413684952548057,685,"He says, don't before they hatch. But I count one."
2954,4150,1,11,70,82,1.1585365853658536,0.04413684952548057,685,I told Frank to have someone else manage the nest egg but he just won't hear of it.
2959,4150,1,11,70,82,1.1585365853658536,0.04413684952548057,685,"Oh jeez, don't get him started about hemorrhoids."
3077,4150,1,11,70,82,1.1585365853658536,0.04413684952548057,685,"Edgar you fool, how many times do we're have to tell you it knows you're not its mother"
3112,4150,1,11,70,82,1.1585365853658536,0.04413684952548057,685,"Wanna play ""Hatch 'n Catch""?"
2901,4150,1,11,70,82,1.1585365853658536,0.04413684952548057,685,I suspect this is not what your therapist meant when he suggested that many empty-nesters enjoy exploring new hobbies.
3677,4150,2,9,71,82,1.1585365853658536,0.04742547425474254,685,"Yes, Jerry, that's quite the plot."
5094,4150,1,11,70,82,1.1585365853658536,0.04413684952548057,685,This feels like a safer place than on a wall.
3771,4150,1,11,70,82,1.1585365853658536,0.04413684952548057,685,I'm the interest on your nest egg.
4715,4150,1,11,70,82,1.1585365853658536,0.04413684952548057,685,I think he took the whole ‘empty nest’ thing too literally
4718,4150,0,13,69,82,1.1585365853658536,0.04058259927336568,685,He stays on the ball
4739,4150,1,11,70,82,1.1585365853658536,0.04413684952548057,685,"Ya know, Morty, that's not going to help you with your gas problem."
4766,4150,2,9,71,82,1.1585365853658536,0.04742547425474254,685,"He wants to put a standing desk in here, too."
4798,4150,1,11,70,82,1.1585365853658536,0.04413684952548057,685,"Well, that’s a lot better than your watch me pull an egg out my hat trick."
4895,4150,2,9,71,82,1.1585365853658536,0.04742547425474254,685,"You don't have to keep convincing us you're a feminist, we get it"
4703,4150,1,11,70,82,1.1585365853658536,0.04413684952548057,685,"We are going to be parents, I assure you!"
4965,4150,1,11,70,82,1.1585365853658536,0.04413684952548057,685,I think they misheard when he asked for a chair he could 'match' with the other living room furniture.
5172,4150,1,11,70,82,1.1585365853658536,0.04413684952548057,685,"I told him, on a high-fiber diet he's got to stop swallowing gum."
5313,4150,2,9,71,82,1.1585365853658536,0.04742547425474254,685,I always said he was a big chicken
5307,4150,2,9,71,82,1.1585365853658536,0.04742547425474254,685,I just laid an egg.
2492,4150,0,13,69,82,1.1585365853658536,0.04058259927336568,685,"He's always trying to hatch the next big idea for saving the planet, just like EarthMom.Org"
5273,4150,1,11,70,82,1.1585365853658536,0.04413684952548057,685,"Horton, I meant what I said, and I said what I meant.  Now, get off it."
5299,4150,2,9,71,82,1.1585365853658536,0.04742547425474254,685,"Yes, George has done well.  The nest egg is bigger than he is.  Now he's looking for the dividends to hatch."
5038,4150,2,9,71,82,1.1585365853658536,0.04742547425474254,685,He's trying out a new lounge act - Mel Toupe.
3688,4150,2,9,71,82,1.1585365853658536,0.04742547425474254,685,"Humpty Trumpty over there has the biggest egg ever. Everyone knows that, except for CNN."
4667,4150,1,11,70,82,1.1585365853658536,0.04413684952548057,685,My wife has a hair appointment.
4506,4150,1,11,70,82,1.1585365853658536,0.04413684952548057,685,"Which came first, Charlie or the Egg?"
3780,4150,1,11,70,82,1.1585365853658536,0.04413684952548057,685,You better not doze off.
3828,4150,2,9,71,82,1.1585365853658536,0.04742547425474254,685,Hasn't he taken the idea of nest egg a bit too far?
3838,4150,2,9,71,82,1.1585365853658536,0.04742547425474254,685,He’s waiting to see the dermatologist. There’s a long lead time.
3883,4150,1,11,70,82,1.1585365853658536,0.04413684952548057,685,Is the freezer working?
3939,4150,0,13,69,82,1.1585365853658536,0.04058259927336568,685,He's been exploring alternative medicine recently.
3973,4150,1,11,70,82,1.1585365853658536,0.04413684952548057,685,Have you seen the price of poultry?
4568,4150,1,11,70,82,1.1585365853658536,0.04413684952548057,685,"The Doctor said it was the best way to ease out of our ""empty nester"" withdrawals."
3992,4150,1,11,70,82,1.1585365853658536,0.04413684952548057,685,Bringing his work home again...How do you tell a xenobiologist it's a bad idea?
4068,4150,1,11,70,82,1.1585365853658536,0.04413684952548057,685,I THINK HE HAS BEEN EATING TOO MUCH CHICKEN
4114,4150,1,11,70,82,1.1585365853658536,0.04413684952548057,685,"""You were right, Ed. I  did drop bubble gum in the three-bean salad."""
4165,4150,1,11,70,82,1.1585365853658536,0.04413684952548057,685,I'm sure we'll be millionaires once Harold hatches his latest big idea.
4251,4150,1,11,70,82,1.1585365853658536,0.04413684952548057,685,He said he had a good sense of humour and a large nest egg!
4312,4150,1,11,70,82,1.1585365853658536,0.04413684952548057,685,It's ergodynamic.
4372,4150,1,11,70,82,1.1585365853658536,0.04413684952548057,685,Awkward Egg Man
4063,4150,2,9,71,82,1.1585365853658536,0.04742547425474254,685,"Actually, believe it or not, that's his ballsack, which is struggling under the pressure of some nonsense challenge he read about on one of his websites. Honey, what's the thing called again? 'No Blast November'?"
2457,4150,0,13,69,82,1.1585365853658536,0.04058259927336568,685,"Look at him up there, thinking he owns my egg."
813,4150,0,13,69,82,1.1585365853658536,0.04058259927336568,685,He is trying to hatch his nest egg.
2350,4150,1,11,70,82,1.1585365853658536,0.04413684952548057,685,"And now, it's time to return it to the zoo and take your nap."
1051,4150,2,9,71,82,1.1585365853658536,0.04742547425474254,685,"Ah Harvey, you old penny-pincher. When are you gonna give it up and spring for an incubator?"
955,4150,2,9,71,82,1.1585365853658536,0.04742547425474254,685,"Now that he managed to get up there, he can’t get down."
922,4150,2,9,71,82,1.1585365853658536,0.04742547425474254,685,"First, he became a midwife."
880,4150,1,11,70,82,1.1585365853658536,0.04413684952548057,685,This is not what I meant about securing our nesting egg.
837,4150,1,11,70,82,1.1585365853658536,0.04413684952548057,685,Is that Japanese fusion?
836,4150,1,11,70,82,1.1585365853658536,0.04413684952548057,685,The biggest issue is climbing back on it.
772,4150,0,13,69,82,1.1585365853658536,0.04058259927336568,685,I bought it at Costco
601,4150,3,7,72,82,1.1585365853658536,0.050500393370146945,685,"Sergei, ‘hatching a colossal plan’ to move on with your life was a metaphor."
577,4150,1,11,70,82,1.1585365853658536,0.04413684952548057,685,"I've always said, Harry's problem is he's too literal. Never should have bought him that book 'Guard Your Nest Egg.'"
576,4150,1,11,70,82,1.1585365853658536,0.04413684952548057,685,Leonard's strange behavior began when his teacher's gave him a ball to sit on in 2nd grade.
510,4150,2,9,71,82,1.1585365853658536,0.04742547425474254,685,He's been sitting up there since the financial crisis.
472,4150,1,11,70,82,1.1585365853658536,0.04413684952548057,685,Sit high and look far to put the egg in one basket.
453,4150,1,11,70,82,1.1585365853658536,0.04413684952548057,685,At least you can't say I'm on my high horse this time.
450,4150,1,11,70,82,1.1585365853658536,0.04413684952548057,685,Herb gets this way every time he tells the grandkids of the tragic plight of Humpty Dumpty.
424,4150,0,13,69,82,1.1585365853658536,0.04058259927336568,685,So ... this is what it means to wear the pants in your family?
420,4150,1,11,70,82,1.1585365853658536,0.04413684952548057,685,He's really coming around to the idea of using donor eggs.
408,4150,4,5,73,82,1.1585365853658536,0.053398537927474336,685,Not exactly what I would call sunny side up
364,4150,2,9,71,82,1.1585365853658536,0.04742547425474254,685,He says it's all right to call him Mr. Jumbo.
346,4150,1,11,70,82,1.1585365853658536,0.04413684952548057,685,"If only you were the hen, we'd have a great chicken dinner!"
340,4150,2,9,71,82,1.1585365853658536,0.04742547425474254,685,Harry's very worried about deflation.
280,4150,3,7,72,82,1.1585365853658536,0.050500393370146945,685,This wasn't what  I had in mind when I told him it was ok to raise birds.
257,4150,0,13,69,82,1.1585365853658536,0.04058259927336568,685,"He says he's gonna decide once and for all: Who goes last, the dinosaur or the egg?"
216,4150,1,11,70,82,1.1585365853658536,0.04413684952548057,685,"But he's NOT a goose, and I'm getting rid of him."
143,4150,3,7,72,82,1.1585365853658536,0.050500393370146945,685,Phil won’t stop talking about his nest egg.
137,4150,2,9,71,82,1.1585365853658536,0.04742547425474254,685,"I forgave his fling with the hot young chick, but then she left him with this."
133,4150,0,13,69,82,1.1585365853658536,0.04058259927336568,685,He's trying to hatch a pet Tyrannosaurus Rex.
98,4150,1,11,70,82,1.1585365853658536,0.04413684952548057,685,His startup lost its incubator.
2437,4150,0,13,69,82,1.1585365853658536,0.04058259927336568,685,For once and for all Delbert get that hernia removed.
41,4150,1,11,70,82,1.1585365853658536,0.04413684952548057,685,He is still trying to decide where to hold the gender reveal party.
1085,4150,1,11,70,82,1.1585365853658536,0.04413684952548057,685,"Gotta give it to Fred, that was a ballsy move."
1123,4150,0,13,69,82,1.1585365853658536,0.04058259927336568,685,I told him if he didn't change his diet he was going to have hemorrhoid problems
64,4150,0,13,69,82,1.1585365853658536,0.04058259927336568,685,I'd say he's gotten more hard boiled.
1183,4150,1,11,70,82,1.1585365853658536,0.04413684952548057,685,"Well, it's still small."
1141,4150,1,11,70,82,1.1585365853658536,0.04413684952548057,685,You've got some balls barging in here looking like that.
2226,4150,1,11,70,82,1.1585365853658536,0.04413684952548057,685,I don't think it's ever going to hatch.
2207,4150,2,9,71,82,1.1585365853658536,0.04742547425474254,685,It's a new method he learned in an innovation seminar for hatching new ideas.
2119,4150,2,9,71,82,1.1585365853658536,0.04742547425474254,685,I keep telling Artie that we don’t have a roasting pan that big but he just won’t listen.
2103,4150,0,13,69,82,1.1585365853658536,0.04058259927336568,685,"Your big balloon, my little hairpin. It's called detente."
2100,4150,3,7,72,82,1.1585365853658536,0.050500393370146945,685,His psychiatrist gives us a credit for each egg we bring her.
2021,4150,1,11,70,82,1.1585365853658536,0.04413684952548057,685,Male menopause has some interesting stages.
2017,4150,2,9,71,82,1.1585365853658536,0.04742547425474254,685,"I told him he should have it removed, but he never listens to me."
2007,4150,2,9,71,82,1.1585365853658536,0.04742547425474254,685,it started out to alleviate his hemorrhoids.
1897,4150,3,7,72,82,1.1585365853658536,0.050500393370146945,685,"The critics said he laid a giant egg with his last novel, and you know Stan, he's so literal."
1834,4150,2,9,71,82,1.1585365853658536,0.04742547425474254,685,"Trust me, it’s the only way I can deal with his noxious flatulence."
1827,4150,0,13,69,82,1.1585365853658536,0.04058259927336568,685,At least you don't have egg on your face.
1792,4150,1,11,70,82,1.1585365853658536,0.04413684952548057,685,He swears it worked for him before Jason was born.
1784,4150,3,7,72,82,1.1585365853658536,0.050500393370146945,685,Stop being a chicken and ask her out already.
1777,4150,0,13,69,82,1.1585365853658536,0.04058259927336568,685,He always wanted to be a mother
2082,4150,2,9,71,82,1.1585365853658536,0.04742547425474254,685,Is this Garth's idea of a yolk?
1698,4150,0,13,69,82,1.1585365853658536,0.04058259927336568,685,Well at least he doesn't have egg on his face.
1201,4150,1,11,70,82,1.1585365853658536,0.04413684952548057,685,We should have had a child.
1731,4150,2,9,71,82,1.1585365853658536,0.04742547425474254,685,I’m just afraid if it hatches whatever’s in there will eat him
1285,4150,2,9,71,82,1.1585365853658536,0.04742547425474254,685,How disappointed he'll be when his stuffed turkey doesn't hath!
1304,4150,0,13,69,82,1.1585365853658536,0.04058259927336568,685,He is planning to sit on it for nine months
1313,4150,2,9,71,82,1.1585365853658536,0.04742547425474254,685,"Should I, after tea and cakes and ices,
Have the strength to force the moment to its crisis?"
1360,4150,2,9,71,82,1.1585365853658536,0.04742547425474254,685,Sorry for the wait. Frank does all his cooking from hatch.
1361,4150,1,11,70,82,1.1585365853658536,0.04413684952548057,685,Just because your name is Horton.....
1327,4150,1,11,70,82,1.1585365853658536,0.04413684952548057,685,He refuses to accept the fact that it is not the large nest egg we need for retirement
1403,4150,1,11,70,82,1.1585365853658536,0.04413684952548057,685,It’s a tough balancing act
1467,4150,1,11,70,82,1.1585365853658536,0.04413684952548057,685,Your nest egg is quite impressive!
1472,4150,1,11,70,82,1.1585365853658536,0.04413684952548057,685,So clearly you've met someone.
1484,4150,1,11,70,82,1.1585365853658536,0.04413684952548057,685,"You're a chicken, sitting on this for forty years."
1504,4150,1,11,70,82,1.1585365853658536,0.04413684952548057,685,"Yes, he's gotten into avian surrogacy. More tea?"
1630,4150,1,11,70,82,1.1585365853658536,0.04413684952548057,685,"Are you sure this is what they meant by startup incubator, Dad?"
3277,4286,3,9,83,95,1.1578947368421053,0.04567716078766766,685,I thought you wanted a big breakfast...
3176,4287,0,13,70,83,1.1566265060240963,0.04013614690312244,685,"Harold will be eaten alive when that egg hatches, we don't have a pot that big."
3946,4287,1,11,71,83,1.1566265060240963,0.04364365530634865,685,Robert is sitting on a giant egg
3147,4287,2,9,72,83,1.1566265060240963,0.04688951917827399,685,Edna wants deviled eggs.
3623,4287,2,9,72,83,1.1566265060240963,0.04688951917827399,685,That's gonna take a lot of Preparation E.
3734,4287,1,11,71,83,1.1566265060240963,0.04364365530634865,685,"When our investment adviser said we needed a nest egg Harold took it
to heart .."
3843,4287,2,9,72,83,1.1566265060240963,0.04688951917827399,685,"It's good for my back.
And my egg-o."
3897,4287,4,5,74,83,1.1566265060240963,0.0527858288682713,685,He said he's preempting the war on Easter.
3156,4287,2,9,72,83,1.1566265060240963,0.04688951917827399,685,Where are the king's horses?
4026,4287,1,11,71,83,1.1566265060240963,0.04364365530634865,685,He says its good for his abs.
4953,4287,0,13,70,83,1.1566265060240963,0.04013614690312244,685,Herb’s theories on plot hatching took a strange turn after the ayahuasca ceremony.
4085,4287,1,11,71,83,1.1566265060240963,0.04364365530634865,685,I thought we were ready for retirement until he showed me our nest-egg.
4225,4287,2,9,72,83,1.1566265060240963,0.04688951917827399,685,You've taken fall nesting too far this year.
4230,4287,2,9,72,83,1.1566265060240963,0.04688951917827399,685,"Looks like modern Italian design to me, with a very unusual back rest."
4820,4287,1,11,71,83,1.1566265060240963,0.04364365530634865,685,He’s been hatching it for weeks but couldn’t change a single diaper.
4862,4287,2,9,72,83,1.1566265060240963,0.04688951917827399,685,What do you know? The chicken came before the egg.
5139,4287,2,9,72,83,1.1566265060240963,0.04688951917827399,685,He claims it’ll hatch faster on end then on its side and less likely to crack.
5188,4287,2,9,72,83,1.1566265060240963,0.04688951917827399,685,This is an “eggcellent” concept!
2926,4287,4,5,74,83,1.1566265060240963,0.0527858288682713,685,When do you leave for Palm Beach?
5334,4287,1,11,71,83,1.1566265060240963,0.04364365530634865,685,Hormones these days
5222,4287,1,11,71,83,1.1566265060240963,0.04364365530634865,685,"So, who wants to be the godmother?"
4031,4287,1,11,71,83,1.1566265060240963,0.04364365530634865,685,It's a living!
2710,4287,3,7,73,83,1.1566265060240963,0.04992479713569274,685,Sam thinks a rigid bean bag is better for his back
1874,4287,2,9,72,83,1.1566265060240963,0.04688951917827399,685,Horton hatches a WHAT???
2579,4287,2,9,72,83,1.1566265060240963,0.04688951917827399,685,"The commercial said ""sit down and eat."""
2641,4287,2,9,72,83,1.1566265060240963,0.04688951917827399,685,...and we can have the neighborhood over for scrambled eggs when he tires of it.
11,4287,1,11,71,83,1.1566265060240963,0.04364365530634865,685,This is what happens when you egg him on.
983,4287,3,7,73,83,1.1566265060240963,0.04992479713569274,685,"Well, I see who cooks the eggs in this family."
1002,4287,1,11,71,83,1.1566265060240963,0.04364365530634865,685,He’s a human incubator.
1226,4287,4,5,74,83,1.1566265060240963,0.0527858288682713,685,He's calling it Norm Over Function.
1287,4287,3,7,73,83,1.1566265060240963,0.04992479713569274,685,I knew I shouldn’t have swallowed my gum.
298,4287,2,9,72,83,1.1566265060240963,0.04688951917827399,685,George likes to tell everyone he's sitting on a big nest egg.
1529,4287,1,11,71,83,1.1566265060240963,0.04364365530634865,685,The wife's out of town
1881,4287,1,11,71,83,1.1566265060240963,0.04364365530634865,685,He’s just nurturing our nest egg
2083,4287,1,11,71,83,1.1566265060240963,0.04364365530634865,685,He thinks he's a Gay Penguin
2368,4287,1,11,71,83,1.1566265060240963,0.04364365530634865,685,I told you that the bird has him wrapped around her finger.
2506,4287,1,11,71,83,1.1566265060240963,0.04364365530634865,685,I've never figured out which came first.
1495,4287,3,7,73,83,1.1566265060240963,0.04992479713569274,685,It beggs the question
2514,4287,1,11,71,83,1.1566265060240963,0.04364365530634865,685,"I see Henrietta is late getting home tonight"""
3403,4325,2,9,73,84,1.1547619047619047,0.0463654557243119,685,"I don't mind him sitting on it, I just don't want him to be successful."
3320,4325,1,11,72,84,1.1547619047619047,0.04316125289977414,685,These days he’s only answering to “Humpty Bumty”
3172,4325,0,13,71,84,1.1547619047619047,0.03969926975692874,685,"He is an overcompensating showoff, but I still love him..."
3073,4325,0,13,71,84,1.1547619047619047,0.03969926975692874,685,"Well, Harold, what have you been you sitting on?"
2723,4325,2,9,73,84,1.1547619047619047,0.0463654557243119,685,We’re going out to get some groceries and will be back after winter.
2898,4325,2,9,73,84,1.1547619047619047,0.0463654557243119,685,"No, he was always on the ball."
2531,4325,2,9,73,84,1.1547619047619047,0.0463654557243119,685,Lawrence takes 'nest-egg' rather literally
2528,4325,2,9,73,84,1.1547619047619047,0.0463654557243119,685,I wouldn't have told him to get off his high horse about the size of his nest egg if I'd known it would come to this.
3423,4325,0,13,71,84,1.1547619047619047,0.03969926975692874,685,That is one large couch potato.
3003,4325,2,9,73,84,1.1547619047619047,0.0463654557243119,685,I wish they would both scramble
3622,4325,1,11,72,84,1.1547619047619047,0.04316125289977414,685,If you like Fred's chair I can have one laid for your by sunrise tomorrow.
4612,4325,3,7,74,84,1.1547619047619047,0.04936210304644639,685,Harold takes great pride in our nest egg’s balanced assets in this inflationary environment.
3736,4325,3,7,74,84,1.1547619047619047,0.04936210304644639,685,"No, that does not enable you with a woman's perspective of the world."
4061,4325,1,11,72,84,1.1547619047619047,0.04316125289977414,685,"You know, your mother and I were considered progressive once."
4097,4325,2,9,73,84,1.1547619047619047,0.0463654557243119,685,He's so smug on the equinoxes.
4388,4325,2,9,73,84,1.1547619047619047,0.0463654557243119,685,He likes to egg on my sunny disposition.
4547,4325,0,13,71,84,1.1547619047619047,0.03969926975692874,685,I would but we need the eggs
2462,4325,1,11,72,84,1.1547619047619047,0.04316125289977414,685,He's going to end up in an omelette.
4734,4325,1,11,72,84,1.1547619047619047,0.04316125289977414,685,"You say chicken, I say coward!"
4894,4325,1,11,72,84,1.1547619047619047,0.04316125289977414,685,"He'd get it removed, but he's grown attached to it."
5044,4325,2,9,73,84,1.1547619047619047,0.0463654557243119,685,"Oh, he is just hatching a new idea!"
5053,4325,3,7,74,84,1.1547619047619047,0.04936210304644639,685,damn dude your man's got a body like Kirby Puckett but his stick don't hit hahahaha this sweet and thoughtful little boy right here voted for Nader – twice – and would again hahaha god damn dude look at this soft little baby boy
5193,4325,2,9,73,84,1.1547619047619047,0.0463654557243119,685,Pay him no attention.  He hops up there whenever someone mentions our empty nest.
3657,4325,1,11,72,84,1.1547619047619047,0.04316125289977414,685,"I'm not sure Harry understands the startup incubator concept"""
2339,4325,1,11,72,84,1.1547619047619047,0.04316125289977414,685,Now what are you going to do?
1016,4325,0,13,71,84,1.1547619047619047,0.03969926975692874,685,I am NOT brooding. I am merely trying a different perspective.
2292,4325,1,11,72,84,1.1547619047619047,0.04316125289977414,685,Looks like Herman is about to get egg on his face again....
100,4325,2,9,73,84,1.1547619047619047,0.0463654557243119,685,"He thinks it's an exercise ball, but the yolks on him."
200,4325,1,11,72,84,1.1547619047619047,0.04316125289977414,685,The museum was in a selling mood. Walter was in a buying mood.
521,4325,0,13,71,84,1.1547619047619047,0.03969926975692874,685,Ralph's therapist wants him to get in touch with his nurturing side.
660,4325,2,9,73,84,1.1547619047619047,0.0463654557243119,685,You should really try to enjoy being an empty-nester.
723,4325,1,11,72,84,1.1547619047619047,0.04316125289977414,685,The dating app said only two more weeks of keeping it warm...then i'll finally have a chick
751,4325,1,11,72,84,1.1547619047619047,0.04316125289977414,685,"Humphrey, we know you'd rather be called  Humpty, but isn't this going a bit too far?"
1155,4325,1,11,72,84,1.1547619047619047,0.04316125289977414,685,He always was an over easy kinda guy.
304,4325,2,9,73,84,1.1547619047619047,0.0463654557243119,685,It would be better if you were in a nest.
1315,4325,1,11,72,84,1.1547619047619047,0.04316125289977414,685,"All the king's horses, Edgar!"
1524,4325,3,7,74,84,1.1547619047619047,0.04936210304644639,685,Hey google what are some shell breaker questions
1604,4325,3,7,74,84,1.1547619047619047,0.04936210304644639,685,He's been sitting on that egg because he claims to be the father.
1654,4325,2,9,73,84,1.1547619047619047,0.0463654557243119,685,"With age, his ass has gotten continuously bonier. I worry he'll crack it."
2319,4325,2,9,73,84,1.1547619047619047,0.0463654557243119,685,He thinks it's an exercise ball.
2104,4325,3,7,74,84,1.1547619047619047,0.04936210304644639,685,"Good heavens! When I said sit on the egg, I did not mean sit ON the egg!"
2188,4325,3,7,74,84,1.1547619047619047,0.04936210304644639,685,I'm training my back for the three and a half hours of The Irishman.
1169,4325,0,13,71,84,1.1547619047619047,0.03969926975692874,685,We've never been equally yolked.
787,4368,2,11,84,97,1.1546391752577319,0.04232353242870654,685,Is that the giant goose egg Adam Schiff and the looney Democrats are laying over Trump's impeachment?
875,4369,2,8,68,78,1.1538461538461537,0.048545007377001466,685,He just loves his new decliner.
1902,4370,2,10,80,92,1.1521739130434783,0.04353794279315701,685,So you finally got a wife
1058,4371,1,10,68,79,1.1518987341772151,0.04445423524410439,685,Former Chairman is an exceptionally tall guy with very long legs.
286,4371,0,12,67,79,1.1518987341772151,0.040639993680056885,685,I don't care who came first.  I just know that he's the bigger yoke.
38,4371,2,8,69,79,1.1518987341772151,0.04796612321171352,685,"No worry, the egg has been oiled."
3701,4371,1,10,68,79,1.1518987341772151,0.04445423524410439,685,You realize Harold that hemorrhoid won't last forever.
2630,4371,0,12,67,79,1.1518987341772151,0.040639993680056885,685,"I wanted eggs, but he wants a chicken."
3157,4371,1,10,68,79,1.1518987341772151,0.04445423524410439,685,George took our recent commitment to nesting rather literally.
3974,4371,1,10,68,79,1.1518987341772151,0.04445423524410439,685,We really think your chicken chiropractor is just a quack who only wants to sell you more of her products
4263,4371,1,10,68,79,1.1518987341772151,0.04445423524410439,685,It seems rather comfortable for a hemorrhoid.
1405,4371,0,12,67,79,1.1518987341772151,0.040639993680056885,685,He's taking this nest egg retirement concept too far
4814,4371,0,12,67,79,1.1518987341772151,0.040639993680056885,685,Asking for a raise rarely goes over this easy.
2327,4371,1,10,68,79,1.1518987341772151,0.04445423524410439,685,"I wanted him to feel the responsibility for bringing a new life into the world, so he'll sit there for the next 9 months..."
1639,4371,0,12,67,79,1.1518987341772151,0.040639993680056885,685,It's so that he doesn't feel like an empty nester.
1311,4383,1,11,74,86,1.1511627906976745,0.04222745348420426,685,"His Doctor calls it HDS, or Humpty-Dumpty Syndrome"
3085,4383,1,11,74,86,1.1511627906976745,0.04222745348420426,685,Last week he heard a who.
3532,4383,0,13,73,86,1.1511627906976745,0.03885305672071535,685,"I know it’s your favorite Dr. Seuss, but, Horton, please come down from your egg."
960,4386,1,10,69,80,1.15,0.04393608706786989,685,"In fact, he is legging it."
1759,4386,2,8,70,80,1.15,0.047400795805956415,685,"I’ve met someone new, and, Debbie, say hello to your half brother."
3180,4386,1,10,69,80,1.15,0.04393608706786989,685,This is unEGGceptable.
4062,4386,2,8,70,80,1.15,0.047400795805956415,685,When you said your grandson married a real cute chick I didn't know what you meant.
4317,4386,1,10,69,80,1.15,0.04393608706786989,685,"I don't care if it does hatch.  I'm still not cooking Thanksgiving dinner this year, and we're still going out!"
4086,4391,1,12,81,94,1.148936170212766,0.039896476676276244,685,I keep telling him he's not 'FarmersOnly.com' material.
3422,4392,2,8,71,81,1.1481481481481481,0.046848557928420444,685,It was either that or a chicken.
3567,4392,1,10,70,81,1.1481481481481481,0.043429775553920656,685,The crazy guy thinks it will hatch in two more weeks.  I hope the  chick decides to break out in the right place!
3609,4392,1,10,70,81,1.1481481481481481,0.043429775553920656,685,Roger's new talent has saved us enough on groceries to pay for our trip to the Bahamas!
3634,4392,2,8,71,81,1.1481481481481481,0.046848557928420444,685,Just a few more seasons of Orange is the New Black and it should be ready to hatch.
3648,4392,1,10,70,81,1.1481481481481481,0.043429775553920656,685,Frank's always been in a world of his own.
3699,4392,2,8,71,81,1.1481481481481481,0.046848557928420444,685,"Yes, he is becoming more possessive."
3717,4392,2,8,71,81,1.1481481481481481,0.046848557928420444,685,Infant care was never his problem!
3853,4392,1,10,70,81,1.1481481481481481,0.043429775553920656,685,"She finds him trustworthy, and she's not a bird you say 'no' to."
4059,4392,0,12,69,81,1.1481481481481481,0.03971779738801338,685,"It all started when Howard wanted to sit on a giant aardvark. The saleswoman says, ""No, I really see you on a giant egg.""   But enough about that. The cookies you brought are awful. Burp! I'm Mary!"
4004,4392,0,12,69,81,1.1481481481481481,0.03971779738801338,685,All of his new hatched ideas look the same
4042,4392,2,8,71,81,1.1481481481481481,0.046848557928420444,685,"He's got joint custody with his ex, a giant whooping crane."
3418,4392,2,8,71,81,1.1481481481481481,0.046848557928420444,685,"Honestly, it isn't that big without the dummy."
4106,4392,0,12,69,81,1.1481481481481481,0.03971779738801338,685,Had no idea empty nest syndrome would hit him so hard.
4133,4392,3,6,72,81,1.1481481481481481,0.0500342818003937,685,He can't tell me enough times how much he loves his mother's egg salad.
2613,4392,0,12,69,81,1.1481481481481481,0.03971779738801338,685,He is taking this Dragon Fantasy thing way too far.
4203,4392,1,10,70,81,1.1481481481481481,0.043429775553920656,685,"Married so long... and, one day, he just laid it out there."
3919,4392,1,10,70,81,1.1481481481481481,0.043429775553920656,685,"George, you can't keep saying the egg came first."
3255,4392,0,12,69,81,1.1481481481481481,0.03971779738801338,685,This happens every time he clucks at something Rachel Maddow says.
3120,4392,2,8,71,81,1.1481481481481481,0.046848557928420444,685,Beats cracking it over my head
3146,4392,1,10,70,81,1.1481481481481481,0.043429775553920656,685,He always brings his work home from the tech incubator
2801,4392,2,8,71,81,1.1481481481481481,0.046848557928420444,685,"As you can see, we're no longer empty nesters."
2747,4392,2,8,71,81,1.1481481481481481,0.046848557928420444,685,We ordered the Danish Egg Chair but this is what we got.
2616,4392,1,10,70,81,1.1481481481481481,0.043429775553920656,685,He's being a Papa Penguin.
4250,4392,0,12,69,81,1.1481481481481481,0.03971779738801338,685,He's having a hard time adjusting to an empty nest.
2867,4392,2,8,71,81,1.1481481481481481,0.046848557928420444,685,That’s what Dino told him to do.
2874,4392,1,10,70,81,1.1481481481481481,0.043429775553920656,685,Does he know that what he's trying to hatch is a medicine ball?
2885,4392,2,8,71,81,1.1481481481481481,0.046848557928420444,685,It won't hatch no matter how long you sit there.
3226,4392,1,10,70,81,1.1481481481481481,0.043429775553920656,685,No remote. You get the same show over and over again for nine months.
2916,4392,2,8,71,81,1.1481481481481481,0.046848557928420444,685,How did you get up there? What do you eat? How do you sleep? Where is the bathroom?
2983,4392,2,8,71,81,1.1481481481481481,0.046848557928420444,685,He really couldn't handle the 'empty nester' title after all.
2987,4392,1,10,70,81,1.1481481481481481,0.043429775553920656,685,"You do know it's an egg, not a throne, don't you."
3008,4392,1,10,70,81,1.1481481481481481,0.043429775553920656,685,Get off the egg. You're blocking the TV.
3041,4392,0,12,69,81,1.1481481481481481,0.03971779738801338,685,I was hoping that Oldenburg exhibition would go straight to his head.
3062,4392,1,10,70,81,1.1481481481481481,0.043429775553920656,685,"I'm sorry, James, but your theory is cracking apart."
2806,4392,1,10,70,81,1.1481481481481481,0.043429775553920656,685,"'""It's been 3 months now, but he's very patient."""
3122,4392,1,10,70,81,1.1481481481481481,0.043429775553920656,685,Don't egg him on.  He'll eventually come down on his own accord.
2927,4392,1,10,70,81,1.1481481481481481,0.043429775553920656,685,He's been told he has a hard boiled personality.
4264,4392,1,10,70,81,1.1481481481481481,0.043429775553920656,685,"Oh, he’ll sit on this for weeks and won’t say a word - typical George"
4556,4392,0,12,69,81,1.1481481481481481,0.03971779738801338,685,Our financial advisor told us to rebalance our portfolio.
4280,4392,3,6,72,81,1.1481481481481481,0.0500342818003937,685,He still believes in the Hatch act.
4763,4392,1,10,70,81,1.1481481481481481,0.043429775553920656,685,Morton meant what he said and he said what he meant.
4786,4392,1,10,70,81,1.1481481481481481,0.043429775553920656,685,"Hard to say which came first, the egg or our rejection of innate gender roles...."
4795,4392,0,12,69,81,1.1481481481481481,0.03971779738801338,685,"All I can say is if the mother comes around, you're going to have more than just egg on your face."
4868,4392,1,10,70,81,1.1481481481481481,0.043429775553920656,685,"We like our empty nest, thank you."
4931,4392,1,10,70,81,1.1481481481481481,0.043429775553920656,685,Quite a large retirement nest-egg. When do you think you will crack it open?
4933,4392,2,8,71,81,1.1481481481481481,0.046848557928420444,685,"Woody said he's crazy, but we need the eggs."
4936,4392,2,8,71,81,1.1481481481481481,0.046848557928420444,685,"Apparently, it is ergonomic and made of 100% repurposed material... You like it don't you, Jon?"
4684,4392,3,6,72,81,1.1481481481481481,0.0500342818003937,685,Can you hatch a plan that's finished before dinner?
5045,4392,1,10,70,81,1.1481481481481481,0.043429775553920656,685,He says it satisfies his inner mother hen and works his core at the same time.
5098,4392,2,8,71,81,1.1481481481481481,0.046848557928420444,685,He blames me for a childless marriage
5110,4392,3,6,72,81,1.1481481481481481,0.0500342818003937,685,He's been watching 'March of the Penguins' again.
5205,4392,0,12,69,81,1.1481481481481481,0.03971779738801338,685,"The way I figure, once it starts hatching, he’ll jump off on his own."
5218,4392,0,12,69,81,1.1481481481481481,0.03971779738801338,685,Arne Jacobsen needs to keep working on this chair of his
5241,4392,1,10,70,81,1.1481481481481481,0.043429775553920656,685,He can only sit that way for a few minutes each spring and fall equinox; otherwise that chair is worthless.
5264,4392,0,12,69,81,1.1481481481481481,0.03971779738801338,685,You have to admire his parenting instincts.
5304,4392,1,10,70,81,1.1481481481481481,0.043429775553920656,685,I think your recipe of baked beans and bubble gum has some serious drawbacks.
5075,4392,1,10,70,81,1.1481481481481481,0.043429775553920656,685,"With the market the way it is, Harold is naturally protective of our nest-egg."
4584,4392,0,12,69,81,1.1481481481481481,0.03971779738801338,685,"When I said we should hatch an idea to replace cable, I imagined something else."
4580,4392,0,12,69,81,1.1481481481481481,0.03971779738801338,685,I’m ready to retire but Marvin says we need to grow our nest egg for another year.
2557,4392,0,12,69,81,1.1481481481481481,0.03971779738801338,685,I don’t want offspring. Chad does.
4294,4392,2,8,71,81,1.1481481481481481,0.046848557928420444,685,"I wanted to break it and make an omelette, but his paternal instincts kicked in."
4296,4392,1,10,70,81,1.1481481481481481,0.043429775553920656,685,Harold  has always handled his hemorrhoid  with as much grace as possible.”
4308,4392,0,12,69,81,1.1481481481481481,0.03971779738801338,685,There’s only room for one of you on the couch. Who came first? You or the egg?
4311,4392,1,10,70,81,1.1481481481481481,0.043429775553920656,685,How's our bacon supply?
4321,4392,1,10,70,81,1.1481481481481481,0.043429775553920656,685,"She’s a hoochie, Harold. 
That bird’s a hoochie."
4330,4392,3,6,72,81,1.1481481481481481,0.0500342818003937,685,He insists on sitting up there as the “king of the castle.” But clearly he’s more of a dirty rascal.
4340,4392,0,12,69,81,1.1481481481481481,0.03971779738801338,685,"«Well, he’s been like this since the kids left for uni...”"
4404,4392,3,6,72,81,1.1481481481481481,0.0500342818003937,685,What's that growing on your egg?
4414,4392,0,12,69,81,1.1481481481481481,0.03971779738801338,685,And I thought only chickens could lay eggs.
4422,4392,1,10,70,81,1.1481481481481481,0.043429775553920656,685,"Well, at least we know which came first."
4423,4392,1,10,70,81,1.1481481481481481,0.043429775553920656,685,"Janet, I’ve always wondered, what came first Wilbur or the egg?"
4436,4392,1,10,70,81,1.1481481481481481,0.043429775553920656,685,"Dad, there’s a little spaghetti sauce on your sweater ..."
4442,4392,3,6,72,81,1.1481481481481481,0.0500342818003937,685,Ah! This messed up world. And… that’s the tea.
4533,4392,2,8,71,81,1.1481481481481481,0.046848557928420444,685,"I would have settled
 for an omelet but Harry wants something meatier."
4535,4392,1,10,70,81,1.1481481481481481,0.043429775553920656,685,"It doesn’t matter if you shave it Earl.  Your giant testicle was, is and always will be off-putting and freakish."
4541,4392,0,12,69,81,1.1481481481481481,0.03971779738801338,685,"Don't just sit there, gently rock back and forth"
4554,4392,3,6,72,81,1.1481481481481481,0.0500342818003937,685,It started when he got hired by the Mets
4274,4392,1,10,70,81,1.1481481481481481,0.043429775553920656,685,He thought it was an Arne Jacobsen.
2546,4392,1,10,70,81,1.1481481481481481,0.043429775553920656,685,"So, which one was it? The chicken or the egg?"
4180,4392,2,8,71,81,1.1481481481481481,0.046848557928420444,685,"Jon, do you have any objections to our plans for Thanksgiving?"
2470,4392,1,10,70,81,1.1481481481481481,0.043429775553920656,685,"Hey, didn't that use to be our job?"
962,4392,0,12,69,81,1.1481481481481481,0.03971779738801338,685,I think he blames me for not being able to get pregnant.
963,4392,2,8,71,81,1.1481481481481481,0.046848557928420444,685,"Arthur, you have to take that back to where you found it.  The last one you hatched ate Katy's Bob."
999,4392,0,12,69,81,1.1481481481481481,0.03971779738801338,685,We're hoping for a girl this time.
1022,4392,0,12,69,81,1.1481481481481481,0.03971779738801338,685,The Hermeneutics Here Just Don’t Work
1034,4392,1,10,70,81,1.1481481481481481,0.043429775553920656,685,I told him to take it back but he was too chicken.
1061,4392,0,12,69,81,1.1481481481481481,0.03971779738801338,685,Larry has serious regrets after spending too much time at the local poultry farm.
1094,4392,1,10,70,81,1.1481481481481481,0.043429775553920656,685,"HUBBY HATCHES THE EGG!  
He meant what he said.  And he said what he meant!
My Hubby is Faithful one hundred percent!"
1099,4392,2,8,71,81,1.1481481481481481,0.046848557928420444,685,"And that explains the zipper in back."""
1117,4392,1,10,70,81,1.1481481481481481,0.043429775553920656,685,"I still gotta say,
he hasta put some ""spin"" inta it to see if its actually hard boiled"
1178,4392,2,8,71,81,1.1481481481481481,0.046848557928420444,685,This is why I told you not to hire him!
1193,4392,1,10,70,81,1.1481481481481481,0.043429775553920656,685,He likes to stay on top of his nest egg.
1233,4392,0,12,69,81,1.1481481481481481,0.03971779738801338,685,Does he think the nest egg is big enough?
1260,4392,1,10,70,81,1.1481481481481481,0.043429775553920656,685,"That’s not an ostrich egg, it’s his last airline seat."
1332,4392,0,12,69,81,1.1481481481481481,0.03971779738801338,685,Now we know why they advertise it as the eg(g)o-booster
1368,4392,3,6,72,81,1.1481481481481481,0.0500342818003937,685,I  bought a new chair to sit on
849,4392,2,8,71,81,1.1481481481481481,0.046848557928420444,685,His financial adviser told him to incubate his nest egg.
823,4392,1,10,70,81,1.1481481481481481,0.043429775553920656,685,What? I’m empty nesting.
733,4392,2,8,71,81,1.1481481481481481,0.046848557928420444,685,You should have seen what happened when I told him we weren’t going to have bacon anymore.
669,4392,1,10,70,81,1.1481481481481481,0.043429775553920656,685,Since Harold retired he's obsessed with protecting our nest egg.
2535,4392,0,12,69,81,1.1481481481481481,0.03971779738801338,685,"Good for you Larry, you’re on your own when it’s hatched."
81,4392,1,10,70,81,1.1481481481481481,0.043429775553920656,685,The chicken was fat but short so only I can hatch the egg.
96,4392,0,12,69,81,1.1481481481481481,0.03971779738801338,685,My adviser recommended I put my nest egg into a mutual fund.
106,4392,0,12,69,81,1.1481481481481481,0.03971779738801338,685,We asked for it to be scrambled.
121,4392,0,12,69,81,1.1481481481481481,0.03971779738801338,685,This is Ed's sit in for the right to hatch.
334,4392,2,8,71,81,1.1481481481481481,0.046848557928420444,685,He keeps calling this his nest egg ever since his 401k tanked.
363,4392,1,10,70,81,1.1481481481481481,0.043429775553920656,685,I talked him out of two sunnyside up.
1373,4392,2,8,71,81,1.1481481481481481,0.046848557928420444,685,It was an unexpected pregnancy.
370,4392,3,6,72,81,1.1481481481481481,0.0500342818003937,685,Walter-- You are Eggstremely Elevated!
403,4392,2,8,71,81,1.1481481481481481,0.046848557928420444,685,Marvin says it's how he rolls.
507,4392,0,12,69,81,1.1481481481481481,0.03971779738801338,685,"I said I would do my part,but really?"
534,4392,0,12,69,81,1.1481481481481481,0.03971779738801338,685,He traded in the elephant for this.
540,4392,1,10,70,81,1.1481481481481481,0.043429775553920656,685,"I could use a week in France, but lately George has been very protective of our nest egg."
568,4392,0,12,69,81,1.1481481481481481,0.03971779738801338,685,Harold hopes to hatch a CPA.
574,4392,1,10,70,81,1.1481481481481481,0.043429775553920656,685,We're babysitting our grandson because our daughter has a candling ceremony tonight.
642,4392,2,8,71,81,1.1481481481481481,0.046848557928420444,685,He's getting in touch with his feminine side.
383,4392,0,12,69,81,1.1481481481481481,0.03971779738801338,685,At least it's not on his face.
1388,4392,2,8,71,81,1.1481481481481481,0.046848557928420444,685,"After all this time he finally opened up, so I'll take what I can get."
624,4392,1,10,70,81,1.1481481481481481,0.043429775553920656,685,"Dear, that's quite the egg..."
1417,4392,1,10,70,81,1.1481481481481481,0.043429775553920656,685,It looks like just an egg. How can you be sure Humpty Dumpty is actually in there?
2054,4392,2,8,71,81,1.1481481481481481,0.046848557928420444,685,It's true: The egg's Benedict's.
2077,4392,1,10,70,81,1.1481481481481481,0.043429775553920656,685,(2050 colorized) Men have evolved to lay eggs so women won't have to go through childbirth.
2130,4392,1,10,70,81,1.1481481481481481,0.043429775553920656,685,He's not taking the kids moving out too well. Thankfully he's showing no signs of cracking yet.
2156,4392,1,10,70,81,1.1481481481481481,0.043429775553920656,685,The egg is fresh but we’re not certain about him.
2189,4392,2,8,71,81,1.1481481481481481,0.046848557928420444,685,Ignore Ralph. He's just waiting for our nest egg to hatch.
2302,4392,1,10,70,81,1.1481481481481481,0.043429775553920656,685,He burns the calories getting up there he saves sitting all day
2316,4392,4,4,73,81,1.1481481481481481,0.05302896690102354,685,"Harold, I don't think the market is quite ready for that."
2321,4392,2,8,71,81,1.1481481481481481,0.046848557928420444,685,He is hatching an idea.
2351,4392,2,8,71,81,1.1481481481481481,0.046848557928420444,685,I blame the method acting class he took. Now he’s trying to hatch his next big idea.
2355,4392,1,10,70,81,1.1481481481481481,0.043429775553920656,685,His friends told him getting high feels good.
2367,4392,1,10,70,81,1.1481481481481481,0.043429775553920656,685,He’s sure people were thinking ‘Egghead’- so this is to give them a choice.
2417,4392,2,8,71,81,1.1481481481481481,0.046848557928420444,685,"Herbert always takes things too literally. His boss told him he “laid an egg” with his presentation, “to go home and think about it.“"
2421,4392,1,10,70,81,1.1481481481481481,0.043429775553920656,685,"When I told him to ""have a ball"" I didn't think he'd take me literally!"
2443,4392,1,10,70,81,1.1481481481481481,0.043429775553920656,685,Is that how a Dutch Oven works
2467,4392,1,10,70,81,1.1481481481481481,0.043429775553920656,685,"Morris, ""The yolk's on you, er under you..."""
2036,4392,1,10,70,81,1.1481481481481481,0.043429775553920656,685,"As as a couch potato, he prefers to sit on a potato couch."
2006,4392,1,10,70,81,1.1481481481481481,0.043429775553920656,685,For some reason everyone calls him bubble butt.
2364,4392,1,10,70,81,1.1481481481481481,0.043429775553920656,685,More and more I am starting to believe his dragon queen story
1932,4392,2,8,71,81,1.1481481481481481,0.046848557928420444,685,"When it comes to choosing furniture, he's chicken."
1903,4392,0,12,69,81,1.1481481481481481,0.03971779738801338,685,Who said you can't balance an egg?
1440,4392,2,8,71,81,1.1481481481481481,0.046848557928420444,685,I guess the man is taking care of the baby for once
1559,4392,1,10,70,81,1.1481481481481481,0.043429775553920656,685,"Surrogacy pays well, and they assured us the hatched dinosaur will  immediately go to an escape-proof island."
1890,4392,1,10,70,81,1.1481481481481481,0.043429775553920656,685,His nest egg has grown beyond his expectations!
1595,4392,1,10,70,81,1.1481481481481481,0.043429775553920656,685,"He's too proud to admit it, but we weren't specific enough when we began planning for retirement"
1838,4392,1,10,70,81,1.1481481481481481,0.043429775553920656,685,"Egg on your face is one thing, George, but this is too much."
1814,4392,1,10,70,81,1.1481481481481481,0.043429775553920656,685,I told him not to invest everything in producing his play on Broadway.
1805,4392,1,10,70,81,1.1481481481481481,0.043429775553920656,685,That’s not the way to hatch your nest egg.
1787,4392,1,10,70,81,1.1481481481481481,0.043429775553920656,685,Hal’s hatching another plan.
1606,4392,1,10,70,81,1.1481481481481481,0.043429775553920656,685,"I'm not willing to take a turn trying to hatch it, so don't ask."
1781,4392,0,12,69,81,1.1481481481481481,0.03971779738801338,685,"Oh, Larry! We didn't actually mean for you to go and do that!"
1718,4392,2,8,71,81,1.1481481481481481,0.046848557928420444,685,‘’Who would have thought the day would come when I’d rather talk about Henry’s hemorrhoid cushion?’’
1682,4392,1,10,70,81,1.1481481481481481,0.043429775553920656,685,We will know the sex in three weeks”
1991,4392,2,8,71,81,1.1481481481481481,0.046848557928420444,685,He’s waiting for the Vernal Equinox to be let off.
1607,4392,1,10,70,81,1.1481481481481481,0.043429775553920656,685,He who would have eggs must endure the cackling of hens.
4737,4546,1,10,71,82,1.146341463414634,0.0429349038421541,685,One egg and all of a sudden you’re father of the year!
4560,4546,2,8,72,82,1.146341463414634,0.04630896338925492,685,"You were never the best chick in the city, I was and I still am"
1468,4548,2,9,78,89,1.146067415730337,0.043910490827793,685,"Me too, shmee too, that’s too much retribution!"
3443,4549,0,11,66,77,1.1428571428571428,0.04013939192492975,685,"That's him, always guarding his nest egg!"
3387,4549,1,9,67,77,1.1428571428571428,0.04419201606355329,685,45 years sitting on a nest egg and it won't hatch even with our retirement.
4242,4549,1,9,67,77,1.1428571428571428,0.04419201606355329,685,He thinks this will make up for his infertility
4608,4549,1,9,67,77,1.1428571428571428,0.04419201606355329,685,"I told him that he was doing the right thing for now, but when that sucker hatches, look out!"
3004,4549,1,9,67,77,1.1428571428571428,0.04419201606355329,685,"It's from a chickadee, so enough already about Nature-Nurture."
4815,4549,0,11,66,77,1.1428571428571428,0.04013939192492975,685,Ignore him or he will crack a corny yolk.
5257,4549,1,9,67,77,1.1428571428571428,0.04419201606355329,685,"If it begins to hatch, I'm leaving!"
5291,4549,0,11,66,77,1.1428571428571428,0.04013939192492975,685,He still refuses to admit that he laid an egg!
4325,4549,0,11,66,77,1.1428571428571428,0.04013939192492975,685,Fred  never rests as long as his boss asks him to hatch a new idea.
2915,4549,0,11,66,77,1.1428571428571428,0.04013939192492975,685,"Basically, Frank’s physique boils down to a pear-shape and egg problem."
2098,4549,3,6,75,84,1.1428571428571428,0.048330881521855336,685,He's been doing this ever since it called him a cuck on Twitter.
1703,4549,0,11,66,77,1.1428571428571428,0.04013939192492975,685,Forget about conversation with Harold when he’s hatching.
321,4549,1,9,67,77,1.1428571428571428,0.04419201606355329,685,Are you sure you’re right for this job?
102,4549,1,9,67,77,1.1428571428571428,0.04419201606355329,685,It must be that new type of celiac--five feet from a cookie can kill.
3899,4563,4,3,71,78,1.141025641025641,0.05390004122146829,685,Each and every year on the first day of Spring.
3610,4563,1,9,68,78,1.141025641025641,0.04366020435906115,685,It is supposed to hatch a dictator destroyer!
3471,4563,1,9,68,78,1.141025641025641,0.04366020435906115,685,"I know it's your nest egg, but I don't think you can hatch it."
3448,4563,1,9,68,78,1.141025641025641,0.04366020435906115,685,"Not really worth it, this boring"" hatch something"" cartoon."
2986,4563,1,9,68,78,1.141025641025641,0.04366020435906115,685,"Your not scaring me, Bill.  I know from episiotomies."
3441,4563,2,7,69,78,1.141025641025641,0.047320331546548945,685,"My husband, the financial genius! He traded in his pension for a nest egg."
2990,4563,3,5,70,78,1.141025641025641,0.05071700021369214,685,"When he said he laid a giant egg on a project at work, who could've thought he was talking literally?"
3098,4563,0,11,67,78,1.141025641025641,0.039663750600197265,685,``And what do you plan to name your child - you crazy bastard?''
2946,4563,1,9,68,78,1.141025641025641,0.04366020435906115,685,All the same it is rude to sit in my living room with your massive anal prolapse just sitting out there.
3002,4563,1,9,68,78,1.141025641025641,0.04366020435906115,685,My grandkid said this was the new hot funky way to sit.
4112,4563,1,9,68,78,1.141025641025641,0.04366020435906115,685,He's been like this ever since he started watching Animal Planet.
3026,4563,0,11,67,78,1.141025641025641,0.039663750600197265,685,Stew wondered when his nest egg would be large enough to join Barb and  Linda on the sofa.
3061,4563,1,9,68,78,1.141025641025641,0.04366020435906115,685,Will it hatch in time for Thanksgiving?
3219,4563,2,7,69,78,1.141025641025641,0.047320331546548945,685,I don't know who these amorphous aliens think they're fooling with their silly human-hat disguises. This one doesn't even have a mouth!
4241,4563,1,9,68,78,1.141025641025641,0.04366020435906115,685,..and he won’t even tell me how he got up there !
5015,4563,3,5,70,78,1.141025641025641,0.05071700021369214,685,"Hang in there, Harvey - she went on a two month 'shopping trip' before Eleanor hatched, too."
4440,4563,2,7,69,78,1.141025641025641,0.047320331546548945,685,He always wanted an ostrich.
4456,4563,2,7,69,78,1.141025641025641,0.047320331546548945,685,Then don't tell me if you won't make the egg
4601,4563,0,11,67,78,1.141025641025641,0.039663750600197265,685,So what happens if it hatches while Puff the Magic Dragon is out?
4716,4563,2,7,69,78,1.141025641025641,0.047320331546548945,685,The doctor says it’s only temporary.
4728,4563,0,11,67,78,1.141025641025641,0.039663750600197265,685,What is he trying to hatch?
4881,4563,1,9,68,78,1.141025641025641,0.04366020435906115,685,Henry was a little confused about what type of egg chair Harriet wanted
4920,4563,0,11,67,78,1.141025641025641,0.039663750600197265,685,"Sorry, I told Henry I was having a hen party."""
5012,4563,1,9,68,78,1.141025641025641,0.04366020435906115,685,You been sitting on that egg for three weeks Harry. It just ain't gonna work!
5136,4563,0,11,67,78,1.141025641025641,0.039663750600197265,685,He always did take after his mother.
5048,4563,1,9,68,78,1.141025641025641,0.04366020435906115,685,He’s trying to prove the egg came first.
5130,4563,0,11,67,78,1.141025641025641,0.039663750600197265,685,He is trying to prove that 9months isn’t really so long.
2744,4563,1,9,68,78,1.141025641025641,0.04366020435906115,685,"We always wanted a baby, and after all these years, we're finally going to have one."
5281,4563,2,7,69,78,1.141025641025641,0.047320331546548945,685,"Hatchtag ""Hatchdad!!"""
5177,4563,2,7,69,78,1.141025641025641,0.047320331546548945,685,"When I told you he laid an egg, I really meant it!"
4429,4563,1,9,68,78,1.141025641025641,0.04366020435906115,685,"It’s called IN vitro fertilization, Larry"
2742,4563,0,11,67,78,1.141025641025641,0.039663750600197265,685,You got the lead in Humpty Dumpty ....What!
55,4563,1,9,68,78,1.141025641025641,0.04366020435906115,685,"Son, your mother and I think it’s high time you left the nest."
2651,4563,2,7,69,78,1.141025641025641,0.047320331546548945,685,"Well, looking up at you strains my neck."
26,4563,2,7,69,78,1.141025641025641,0.047320331546548945,685,You wouldn't believe the penalties for early withdrawal.
53,4563,0,11,67,78,1.141025641025641,0.039663750600197265,685,It was either that or bunch of scattered twigs and brush.
295,4563,3,5,70,78,1.141025641025641,0.05071700021369214,685,James no longer fits into his giant peach but he insisted on keeping it.
330,4563,1,9,68,78,1.141025641025641,0.04366020435906115,685,That's all there is to it. Dinner will be ready in twelve minutes.
519,4563,2,7,69,78,1.141025641025641,0.047320331546548945,685,"No, Harold, we will not be staying for breakfast."
600,4563,2,7,69,78,1.141025641025641,0.047320331546548945,685,Does this mean Mort's first stand-up comedy gig didn't go well?
759,4563,2,7,69,78,1.141025641025641,0.047320331546548945,685,"His psychiatrist told him to get a stress ball but he's taken it too far"""
1053,4563,3,5,70,78,1.141025641025641,0.05071700021369214,685,THE FOOL ON THE HILL
1562,4563,1,9,68,78,1.141025641025641,0.04366020435906115,685,I don't have the heart to tell him it's just a big egg.
1660,4563,1,9,68,78,1.141025641025641,0.04366020435906115,685,Mr. Burn’s scheme went awry!
1727,4563,2,7,69,78,1.141025641025641,0.047320331546548945,685,Is that a different armchair?
1020,4563,1,9,68,78,1.141025641025641,0.04366020435906115,685,Since when can you get eggs like that at Murray's Deli?
1801,4563,0,11,67,78,1.141025641025641,0.039663750600197265,685,"Burt's never quite gotten the concept of ""nest egg."""
1789,4563,0,11,67,78,1.141025641025641,0.039663750600197265,685,I hope this isn’t another one of your stupid who-came-first-chicken-or-the-egg jokes!
2569,4563,1,9,68,78,1.141025641025641,0.04366020435906115,685,He needs more support.
2445,4563,0,11,67,78,1.141025641025641,0.039663750600197265,685,"I don't care if he does call me his Khaleesi, I'm not sitting on a dragon egg."
2198,4563,1,9,68,78,1.141025641025641,0.04366020435906115,685,"Well Mary,I know the doctor said skin tags are nothing to worry about but......."
2114,4563,1,9,68,78,1.141025641025641,0.04366020435906115,685,Herb`s always has a bit of a modernist streak when it comes to furniture.
2010,4563,1,9,68,78,1.141025641025641,0.04366020435906115,685,"I know I have low self-esteem, but I feel like you're always looking down at us."
2638,4563,0,11,67,78,1.141025641025641,0.039663750600197265,685,"In silent protest to visits from his mother-in-law, Ned asserted his belief in male dominance"
2714,4563,1,9,68,78,1.141025641025641,0.04366020435906115,685,No wonder you were constipated.
1922,4563,1,9,68,78,1.141025641025641,0.04366020435906115,685,"So, when will you be a dad?"
1917,4563,0,11,67,78,1.141025641025641,0.039663750600197265,685,Harry's busy hatching a brilliant retirement plan.
1816,4563,0,11,67,78,1.141025641025641,0.039663750600197265,685,He is starting to confuse his origins!
5335,4621,2,8,76,86,1.1395348837209303,0.04426876841626457,685,The chicken won't be ready for a while.
1817,4622,1,9,69,79,1.139240506329114,0.04314095017892059,685,A couple of weeks ago Horton's friend Mayzie asked him to baby sit  while she stepped for breakfast.
2145,4622,0,11,68,79,1.139240506329114,0.03919912801985522,685,He swears it's ergonomic.
2215,4622,0,11,68,79,1.139240506329114,0.03919912801985522,685,Bigger than before...
2945,4622,0,11,68,79,1.139240506329114,0.03919912801985522,685,"I think his ""invert and embrace"" response to being called an egghead will have unintended consequences."
2976,4622,1,9,69,79,1.139240506329114,0.04314095017892059,685,Well I hope you don't end up with egg on your face.
1695,4622,0,11,68,79,1.139240506329114,0.03919912801985522,685,That’s quite a hemorrhoid you’ve got there Dan.
5239,4622,1,9,69,79,1.139240506329114,0.04314095017892059,685,..and that's how the beanbag froze
4297,4622,0,11,68,79,1.139240506329114,0.03919912801985522,685,"He calls it Humpty, and he’s very protective."
4657,4622,0,11,68,79,1.139240506329114,0.03919912801985522,685,I told you he was having an affair with someone.
5151,4622,1,9,69,79,1.139240506329114,0.04314095017892059,685,Ignore him. He's very testy today.
3326,4622,1,9,69,79,1.139240506329114,0.04314095017892059,685,"I'm for returning it. It's the right color, but I know of no yoga ball what peeps."
3494,4622,1,9,69,79,1.139240506329114,0.04314095017892059,685,Robert insists on sitting on his nest egg.
1246,4622,1,9,69,79,1.139240506329114,0.04314095017892059,685,"I get that you are worried about your nest egg, but I don't think this is the solution!"
995,4622,2,7,70,79,1.139240506329114,0.046751593846233924,685,"He says it's due soon and he can just settle down into a nice, new easy chair."
566,4622,1,9,69,79,1.139240506329114,0.04314095017892059,685,Just wait until that thing hatches
266,4622,0,11,68,79,1.139240506329114,0.03919912801985522,685,"""We're planning a species reveal party with a few close friends."""
10,4622,1,9,69,79,1.139240506329114,0.04314095017892059,685,I like farmhouse decor and he likes not hiring a designer.
1381,4622,2,7,70,79,1.139240506329114,0.046751593846233924,685,"Tim, I was yelling at the television...and it wasn't 'keep your thigh on the ball.'"
3079,4640,3,5,72,80,1.1375,0.049503068566184395,685,Hugo insisted it be hard. (Boils my blood when he gets so stubborn.)
705,4640,3,5,72,80,1.1375,0.049503068566184395,685,"— and until she hatches, keeping warm is my duty"
3536,4640,3,5,72,80,1.1375,0.049503068566184395,685,He's trying to hatch a new idea to balance his cholesterol.
5137,4640,0,11,69,80,1.1375,0.03874515077865563,685,I'm just keeping his seat warm.
3552,4644,1,9,71,81,1.1358024691358024,0.0421383905330272,685,Fox News said it's the latest thing for eggheads.
1389,4644,0,11,70,81,1.1358024691358024,0.03830146187034216,685,Someone needs to pop his balloon!
4822,4644,0,11,70,81,1.1358024691358024,0.03830146187034216,685,Diversified funds? Wilbur takes care of all our finances
2270,4647,2,6,66,74,1.135135135135135,0.04838879136051528,685,"Unfortunately, in a minute he'll do his impersonation of Al Jolson singing "" I'm sittin' on top of the world"""
2609,4647,1,8,65,74,1.135135135135135,0.044398669826762854,685,"Honestly, I don’t think he can even hatch and idea on that thing."
2701,4647,0,10,64,74,1.135135135135135,0.040012605956627305,685,It was a present from the Comedy Club audition.
2817,4647,1,8,65,74,1.135135135135135,0.044398669826762854,685,See? I told you!
3295,4647,0,10,64,74,1.135135135135135,0.040012605956627305,685,Come on. You're being a little too eggstra.
2202,4647,1,8,65,74,1.135135135135135,0.044398669826762854,685,Joe's been dieting recently.
3478,4647,0,10,64,74,1.135135135135135,0.040012605956627305,685,It can't stay here after it hatches.
3529,4647,0,10,64,74,1.135135135135135,0.040012605956627305,685,"Harriet, I'm gonna try a 7 iron."
4410,4647,2,6,66,74,1.135135135135135,0.04838879136051528,685,"Honey, I couldn't find any of those Yoni eggs you were asking for but I think I found one that you can still try sitting on."
3133,4647,1,8,65,74,1.135135135135135,0.044398669826762854,685,He's very anti-abortion.
2181,4647,0,10,64,74,1.135135135135135,0.040012605956627305,685,I still think she's too young for you!
631,4647,1,8,65,74,1.135135135135135,0.044398669826762854,685,Alan Bunen! Get off of that egg!
1799,4647,0,10,64,74,1.135135135135135,0.040012605956627305,685,He has always been thin skinned.
1520,4647,2,6,66,74,1.135135135135135,0.04838879136051528,685,He took it seriously when I called him a silly goose.
919,4647,0,10,64,74,1.135135135135135,0.040012605956627305,685,"He didn’t like the idea of being an empty nester, so here we are."
917,4647,0,10,64,74,1.135135135135135,0.040012605956627305,685,Babysitting is easy
609,4647,0,10,64,74,1.135135135135135,0.040012605956627305,685,"This is a tension ball. If you are too tense it scrambles, like an egg."
417,4647,1,8,65,74,1.135135135135135,0.044398669826762854,685,Harry told a joke at the office and it....
4871,4647,2,6,66,74,1.135135135135135,0.04838879136051528,685,"Harold, would you like to come down and have some tea?”"
4834,4647,0,10,64,74,1.135135135135135,0.040012605956627305,685,It should hatch in a couple of weeks.
5195,4647,1,8,65,74,1.135135135135135,0.044398669826762854,685,Who was he to ever say you were a crazy chick?
4566,4647,1,8,65,74,1.135135135135135,0.044398669826762854,685,"He may look sweet, but he's not such a honey bunny when you get to know him."
2113,4647,0,10,64,74,1.135135135135135,0.040012605956627305,685,"I've told him - it's not the hatching that's hard, it's the laying"
4721,4647,1,8,65,74,1.135135135135135,0.044398669826762854,685,Since his dementia... he thinks this is our nest egg... it keeps him happy.
2085,4671,1,9,72,82,1.1341463414634145,0.04165427140633984,685,Jurassic Park - the later years.
4707,4672,1,8,66,75,1.1333333333333333,0.043839729948095284,685,Like everything else he does George is taking the Paleo diet to the extreme
5231,4672,1,8,66,75,1.1333333333333333,0.043839729948095284,685,"Okay Regina, you can finish eating the dinner in front of you or you can risk it all and eat whatever’s in the egg my husband just pushed out his ass. What’s it going to be Regina?"
5135,4672,2,6,67,75,1.1333333333333333,0.047773238138965245,685,"Since he found that dinosaur egg as a grad student, he won't let it out of his sight."
5128,4672,1,8,66,75,1.1333333333333333,0.043839729948095284,685,Ralph has always wanted an emu.
5058,4672,1,8,66,75,1.1333333333333333,0.043839729948095284,685,"Geez, Ed, quit having such an inflated eggo."
4774,4672,0,10,65,75,1.1333333333333333,0.039516598557587955,685,"I tell you what, Edna, when all the kings horses and all the kings men can't put Harold together again I'm outta here."
4727,4672,1,8,66,75,1.1333333333333333,0.043839729948095284,685,"Which came first: you, the chicken, or the egg?"
4302,4672,0,10,65,75,1.1333333333333333,0.039516598557587955,685,Rooster eggs? It’ll never catch on
3931,4672,1,8,66,75,1.1333333333333333,0.043839729948095284,685,"Joey, Mom says, ""Don't play ball in the house""."
3563,4672,0,10,65,75,1.1333333333333333,0.039516598557587955,685,"If you don't get that thing out of here now, it'll never leave the nest."
3229,4672,2,6,67,75,1.1333333333333333,0.047773238138965245,685,"If he wants to waste his time on this Incubational folly that’s fine, it’s the accompanying brooding noises I can’t stand"
2930,4672,1,8,66,75,1.1333333333333333,0.043839729948095284,685,Don't jump to the conclusion that I'm polyandrous just because Herman does all the incubating.
2884,4672,1,8,66,75,1.1333333333333333,0.043839729948095284,685,I always knew I'd rue the day he was named Horton.
3031,4672,0,10,65,75,1.1333333333333333,0.039516598557587955,685,I suppose the silver lining is that no one calls him egghead anymore.
2696,4672,1,8,66,75,1.1333333333333333,0.043839729948095284,685,We really don't want to know who the egg donor is.
322,4672,1,8,66,75,1.1333333333333333,0.043839729948095284,685,How did I get into that chicks and egg situation?
488,4672,2,6,67,75,1.1333333333333333,0.047773238138965245,685,The doctor told him to try high-protein.
2815,4672,1,8,66,75,1.1333333333333333,0.043839729948095284,685,"He thinks he's on top of the world, but I can't see it."
777,4672,0,10,65,75,1.1333333333333333,0.039516598557587955,685,An audit revealed we'd misinterpreted the term 'nest egg'
935,4672,0,10,65,75,1.1333333333333333,0.039516598557587955,685,He's trying to hatch another crazy plat!
764,4672,1,8,66,75,1.1333333333333333,0.043839729948095284,685,"You always said your mother was a dinosaur, but you don't have to prove it"
1346,4672,0,10,65,75,1.1333333333333333,0.039516598557587955,685,I wanted him to help raise a family.  George is shell shocked in response to my request.
1984,4672,1,8,66,75,1.1333333333333333,0.043839729948095284,685,He can’t stand being an empty nester
2469,4672,0,10,65,75,1.1333333333333333,0.039516598557587955,685,"You're not trying to hatch another one of your hair-brained schemes, are you?"
1039,4672,0,10,65,75,1.1333333333333333,0.039516598557587955,685,George wants to hatch it.  I want to make omelets.
4269,4697,0,10,66,76,1.131578947368421,0.03903262361629298,685,"You're right Mom. Dad's becoming like
an old lady dinosaur about everything."
2589,4697,1,8,67,76,1.131578947368421,0.043294605892116034,685,Perhaps we should've run more tests
4353,4697,2,6,68,76,1.131578947368421,0.04717308652543423,685,It's Swedish. It's supposed to help his lower back.
4711,4697,2,6,68,76,1.131578947368421,0.04717308652543423,685,"I told him, ""Hal, if you're going to going to watch that much TV, do something reproductive."""
4240,4697,1,8,67,76,1.131578947368421,0.043294605892116034,685,Come on! Let's get the ball rolling.
3662,4697,1,8,67,76,1.131578947368421,0.043294605892116034,685,Nestegg retirement? No problem.
3474,4697,0,10,66,76,1.131578947368421,0.03903262361629298,685,He really did not understand the concept of nesting
1773,4697,0,10,66,76,1.131578947368421,0.03903262361629298,685,He thinks he's Henny Youngman.
2332,4697,1,8,67,76,1.131578947368421,0.043294605892116034,685,He's been hatching a plan since 1961
1587,4697,0,10,66,76,1.131578947368421,0.03903262361629298,685,All Ripley said was keep it warm.
1358,4697,1,8,67,76,1.131578947368421,0.043294605892116034,685,"Harold is hatching yet another one of his ""get-rich-quick"" schemes with our nest egg."
637,4697,0,10,66,76,1.131578947368421,0.03903262361629298,685,"Oh, it's just his therapist's idea to show his sisters he's now on the ball."
393,4697,1,8,67,76,1.131578947368421,0.043294605892116034,685,He doesn’t like his eggs boiled so he cooks them himself.
5262,4697,0,10,66,76,1.131578947368421,0.03903262361629298,685,It’s something to do with Miley Cyrus...
1657,4697,2,6,68,76,1.131578947368421,0.04717308652543423,685,"Fred, stop fooling around and just make the omelette!"
4720,4712,1,7,62,70,1.1285714285714286,0.04514264748228169,685,"With his disguise inplace, Lenord walked quietly up to the unsuspecting hikers"
4373,4712,1,7,62,70,1.1285714285714286,0.04514264748228169,685,"Gerald, you’re not getting invited to the hen night."
4282,4712,0,9,61,70,1.1285714285714286,0.04029615300200892,685,"He doesn’t trust 401k’s or IRA’s. 
He wanted a nest egg!"
5186,4712,1,7,62,70,1.1285714285714286,0.04514264748228169,685,He's really gone vegan.
1953,4716,1,8,69,78,1.1282051282051282,0.04224381902809815,685,Get off your high egg!
3855,4716,1,8,69,78,1.1282051282051282,0.04224381902809815,685,"Henry, it's just a figure of speech, not the real thing."
5330,4718,0,9,62,71,1.1267605633802817,0.03976580062454876,685,I've taken egging on Henry to new heights.
2422,4718,0,9,62,71,1.1267605633802817,0.03976580062454876,685,"I know farm-to-table is having a moment, but really this seems to be going a step too far.."
2686,4718,0,9,62,71,1.1267605633802817,0.03976580062454876,685,Ihe worst part is when Harold complains how difficult it was giving birth.
2783,4718,0,9,62,71,1.1267605633802817,0.03976580062454876,685,He found that a regular bean bag chair was bad for his lower back.
2844,4718,0,9,62,71,1.1267605633802817,0.03976580062454876,685,"Harvey's been working on his new idea for weeks now"""
2991,4718,1,7,63,71,1.1267605633802817,0.04453912197420254,685,An early start for a big NFL contract.
3048,4718,0,9,62,71,1.1267605633802817,0.03976580062454876,685,"Since retiring, Bob has taken brooding to a whole new level."
3131,4718,1,7,63,71,1.1267605633802817,0.04453912197420254,685,He saw that movie and thinks he'll get younger once it hatches.
3242,4718,0,9,62,71,1.1267605633802817,0.03976580062454876,685,"Well, he didn't have any plans for after his retirement, and he was getting in my way constantly, so......"
3437,4718,0,9,62,71,1.1267605633802817,0.03976580062454876,685,The trade war has Herbert worried about our little nest egg.
3452,4718,0,9,62,71,1.1267605633802817,0.03976580062454876,685,"Well, I guess were eggs for dinner."
3472,4718,2,5,64,71,1.1267605633802817,0.04884821258914619,685,"Relax, already. I know a guy who sells earthworms the size of anacondas."
3773,4718,0,9,62,71,1.1267605633802817,0.03976580062454876,685,It's nice to lend your body heat but what will you sit on in two weeks when it hatches?
4128,4718,1,7,63,71,1.1267605633802817,0.04453912197420254,685,"Nice, but I wish he'd have shown his nurturing side a quarter century ago."
4275,4718,1,7,63,71,1.1267605633802817,0.04453912197420254,685,He really wanted to give birth.
5337,4718,0,9,62,71,1.1267605633802817,0.03976580062454876,685,"He has oversized, oversexed ovaries."
4567,4718,1,7,63,71,1.1267605633802817,0.04453912197420254,685,"Well, ‘Pteri’ died suddenly, and Harvey dug up her egg, and now just won’t give up."
2372,4718,0,9,62,71,1.1267605633802817,0.03976580062454876,685,Evolution...…...who knew?
4762,4718,0,9,62,71,1.1267605633802817,0.03976580062454876,685,He calls it 'Netflix and nest.' I guess it's a thing.
4900,4718,1,7,63,71,1.1267605633802817,0.04453912197420254,685,It’s where we put all our baskets.”
5083,4718,0,9,62,71,1.1267605633802817,0.03976580062454876,685,I told you you would lay an egg if you mixed us up!
5179,4718,0,9,62,71,1.1267605633802817,0.03976580062454876,685,That's quite a nice nest egg you have!
5208,4718,2,5,64,71,1.1267605633802817,0.04884821258914619,685,"your man’s a softboy cuck, dude, he’s got a body like Kirby Puckett but his stick won’t hit hahahaha this sweet and thoughtful little boy right here voted for Nader and would again, god damn dude look at this soft little baby bitch"
2314,4718,0,9,62,71,1.1267605633802817,0.03976580062454876,685,Kellyanne and I are doing community service for violating the Hatch Act
1739,4718,1,7,63,71,1.1267605633802817,0.04453912197420254,685,I wonder what it’s gonna be.
2152,4718,0,9,62,71,1.1267605633802817,0.03976580062454876,685,C'mon Harold! Get crackin' already!
63,4718,1,7,63,71,1.1267605633802817,0.04453912197420254,685,"Yeh,that's how a retired omitologist guards his nest egg."
166,4718,1,7,63,71,1.1267605633802817,0.04453912197420254,685,"Oh how the tables have turned. 

-Willa Jaymes, Rhinecliff, NY"
2309,4718,1,7,63,71,1.1267605633802817,0.04453912197420254,685,When it hatches we'll have enough naugahyde to reupholster the whole living room.
752,4718,1,7,63,71,1.1267605633802817,0.04453912197420254,685,"Well, as it turns out my husband is a 'Breeder' and he comes from the planet Gargadon."
1008,4718,2,5,64,71,1.1267605633802817,0.04884821258914619,685,"After 35 years in the dog-eat-dog corporate rat race, Milt wanted to try something different."
1015,4718,1,7,63,71,1.1267605633802817,0.04453912197420254,685,It's his favourite place to sit when he's hatching something up.
1027,4718,1,7,63,71,1.1267605633802817,0.04453912197420254,685,It's unfertilized so he'll be up there for a while.
1156,4718,0,9,62,71,1.1267605633802817,0.03976580062454876,685,"No, Sir Dumpty, your pickle actually looks considerably smaller."
1164,4718,1,7,63,71,1.1267605633802817,0.04453912197420254,685,I kept telling Joe to lay off the eggs...
1216,4718,2,5,64,71,1.1267605633802817,0.04884821258914619,685,The egg was obviously desperate to get laid.
1384,4718,1,7,63,71,1.1267605633802817,0.04453912197420254,685,"Honestly, this new hemorrhoid seat my doctor prescribed me isn't all it's cracked out to be."
1423,4718,1,7,63,71,1.1267605633802817,0.04453912197420254,685,So this is what you meant when you said you’d cook the eggs...
384,4718,0,9,62,71,1.1267605633802817,0.03976580062454876,685,"He meant what he said, and he said what he meant. 
Not that he’s faithful, one hundred per cent..."
1464,4718,1,7,63,71,1.1267605633802817,0.04453912197420254,685,"I found that Lamaze helped
Ginger Weaver, Tacoma Washington"
1446,4718,0,9,62,71,1.1267605633802817,0.03976580062454876,685,"His ""toots,"" as he calls them, are momentous."
2117,4718,1,7,63,71,1.1267605633802817,0.04453912197420254,685,Hardboiled baby boomers are left speechless after new farmer laws
2051,4718,0,9,62,71,1.1267605633802817,0.03976580062454876,685,"You invited them, now you have to decide which came first"
2041,4718,0,9,62,71,1.1267605633802817,0.03976580062454876,685,"First he reads Jane Austen, then he joins pilates, now this. Biff is simply desperate to be invited to Galfriends Tea."
2029,4718,0,9,62,71,1.1267605633802817,0.03976580062454876,685,I’m still in a lot of pain but it saves my insurance company six dollars per year and that makes me feel good.
2110,4718,1,7,63,71,1.1267605633802817,0.04453912197420254,685,Ome-lette-ing him think he’s the father.
1983,4718,1,7,63,71,1.1267605633802817,0.04453912197420254,685,Why won't he accept that it won't hatch?
1896,4718,0,9,62,71,1.1267605633802817,0.03976580062454876,685,We take turns. It should hatch in a couple of weeks.
1826,4718,2,5,64,71,1.1267605633802817,0.04884821258914619,685,I'm glad he's helping. You have no idea how hard that thing was to lay.
1554,4718,1,7,63,71,1.1267605633802817,0.04453912197420254,685,The new hatchimals are gonna be hottest toys this holiday season.
2027,4718,0,9,62,71,1.1267605633802817,0.03976580062454876,685,It's role play - he's the dedicated Emperor Penguin male and I'm the one that get's to go out on my own for once.
3646,4769,1,7,64,72,1.125,0.043951442120546434,685,At least he's not counting his chickens.”
3170,4769,0,9,63,72,1.125,0.039249114101422455,685,"This is what comes from binge watching ""Game of Thrones."""
3193,4769,1,7,64,72,1.125,0.043951442120546434,685,He has an appointment with the proctologist tomorrow
3196,4769,1,7,64,72,1.125,0.043951442120546434,685,"He’s trying to hatch it.”
Don Dechman, Austin, T"
3238,4769,0,9,63,72,1.125,0.039249114101422455,685,We'll decorate it for Easter Sunday!
3301,4769,1,7,64,72,1.125,0.043951442120546434,685,Jack prefers a higher bean to bag ratio than most!
3454,4769,1,7,64,72,1.125,0.043951442120546434,685,Harvey refuses to let go of his nest egg!!
3586,4769,2,5,65,72,1.125,0.048197153144195225,685,Did anyone ever tell you about cowbirds?
3874,4769,1,7,64,72,1.125,0.043951442120546434,685,Waiting for Humpty
4854,4769,0,9,63,72,1.125,0.039249114101422455,685,"Once incubated, he needs a while to come down to earth."
4198,4769,0,9,63,72,1.125,0.039249114101422455,685,It's his first effort to stop walking on eggshells.
4679,4769,0,9,63,72,1.125,0.039249114101422455,685,"So, I asked and all he said was, ""Epstein didn't kill himself."""
4777,4769,0,9,63,72,1.125,0.039249114101422455,685,It'll never fit in the pan.
4837,4769,0,9,63,72,1.125,0.039249114101422455,685,I bet he's in for premature eggjaculation!
5159,4769,1,7,64,72,1.125,0.043951442120546434,685,"Looks like Earl is about to hatch an idea."""
5162,4769,1,7,64,72,1.125,0.043951442120546434,685,He's in a brooding mood!
5219,4769,0,9,63,72,1.125,0.039249114101422455,685,He’s a real odd ball
5227,4769,0,9,63,72,1.125,0.039249114101422455,685,Has he considered surgery
2837,4769,1,7,64,72,1.125,0.043951442120546434,685,That's quite a nest egg !
4182,4769,2,5,65,72,1.125,0.048197153144195225,685,"I keep telling him to go to the doctor about that pimple, but he says he'd rather sit on it and see."
2604,4769,0,9,63,72,1.125,0.039249114101422455,685,"We never had children, this is our last hope."
1719,4769,1,7,64,72,1.125,0.043951442120546434,685,He insists on incubating it until it hatches. Personally I'd rather invite the neighbours in right away for a really big omelet.
2472,4769,2,5,65,72,1.125,0.048197153144195225,685,He’s always had a Humpty Dumpty complex.
91,4769,1,7,64,72,1.125,0.043951442120546434,685,"Trust me, it’s ‘goo-goo-g’joob.’ Hard ‘B.’"
92,4769,1,7,64,72,1.125,0.043951442120546434,685,"We just came by to see if everything is alright, you have been laying rather low"
167,4769,1,7,64,72,1.125,0.043951442120546434,685,"Call it a coincidence, but this is Horton's passion."""
582,4769,0,9,63,72,1.125,0.039249114101422455,685,Do you want to build a snowman?
816,4769,1,7,64,72,1.125,0.043951442120546434,685,He also grew the largest pumpkin in North America.
842,4769,0,9,63,72,1.125,0.039249114101422455,685,He’s keeping it warm for the Easter bunny.
908,4769,0,9,63,72,1.125,0.039249114101422455,685,I warned him that eggonomic yoga ball might not be a typo.
972,4769,0,9,63,72,1.125,0.039249114101422455,685,It's our personal opinion that this egging issue will be resolved only if you step down.
998,4769,1,7,64,72,1.125,0.043951442120546434,685,"That's what I told him to do, eggactly !"
547,4769,2,5,65,72,1.125,0.048197153144195225,685,"Horton, we need to address the elephant in the room."
1078,4769,0,9,63,72,1.125,0.039249114101422455,685,He always was an egg-centric person
1320,4769,1,7,64,72,1.125,0.043951442120546434,685,"Give it up, Harry.  You were never meant to be a parent."
1433,4769,1,7,64,72,1.125,0.043951442120546434,685,This is eggcellent!
1704,4769,0,9,63,72,1.125,0.039249114101422455,685,I'll give you ten bucks to burst his bubble!
2512,4769,0,9,63,72,1.125,0.039249114101422455,685,Walter thinks He’s sitting on the next big idea.
1927,4769,1,7,64,72,1.125,0.043951442120546434,685,Mother always told me one day he'll lay the big one
1968,4769,0,9,63,72,1.125,0.039249114101422455,685,It started with a sure-fire life hack and a Bosu ball.
2452,4769,2,5,65,72,1.125,0.048197153144195225,685,By George! He’s such a silly goose! When I told him to go lay an egg I didn’t think he’d take it so beeping literal!”
1075,4769,0,9,63,72,1.125,0.039249114101422455,685,How dare you think this is some pseudo science for improving my back health? Jennifer McCarthy told me to do so
5338,4811,2,5,66,73,1.1232876712328768,0.047563165881277764,685,"Seems not to being enough to cackle his eggs always, lately he has given him to bring them home."
3297,4811,1,7,65,73,1.1232876712328768,0.043378995433789966,685,"Harold doesn’t think his orchitis is a big deal... personally, I think he’s nuts."
1990,4811,2,5,66,73,1.1232876712328768,0.047563165881277764,685,"I keep telling him it looks like there's a tumor growing out of his ass, but then he say's ""Do you want to sit on it?"""
3284,4811,2,5,66,73,1.1232876712328768,0.047563165881277764,685,Does he always look that tall when he’s sitting down?
4994,4815,0,8,60,68,1.1176470588235294,0.039361741477541526,685,He thinks he may be the father so that's why he's taking such good care of it.
2859,4815,0,8,60,68,1.1176470588235294,0.039361741477541526,685,I'm thinking of over-ripe eggs right now.
4757,4815,0,8,60,68,1.1176470588235294,0.039361741477541526,685,The view up here is egg-stravagant
4640,4815,0,8,60,68,1.1176470588235294,0.039361741477541526,685,"He says if it doesn't hatch a boy, he's going to leave me."
4039,4815,1,6,61,68,1.1176470588235294,0.044590674528640815,685,His new diet has helped him build muscle mass but perhaps not in the areas he hoped.
3809,4815,0,8,60,68,1.1176470588235294,0.039361741477541526,685,Isn’t it nice to see Harold is doing his part to support the family?
3107,4815,0,8,60,68,1.1176470588235294,0.039361741477541526,685,"I no longer recall which came first, the Dinosaur Egg or Harry."
3035,4815,0,8,60,68,1.1176470588235294,0.039361741477541526,685,He's trying to fertilize my egg.
2592,4815,0,8,60,68,1.1176470588235294,0.039361741477541526,685,"Wow-Barbara, with the kids out of the house, Harold really looks like he is struggling with empty nest syndrome."
4334,4815,0,8,60,68,1.1176470588235294,0.039361741477541526,685,How long before you think it will hatch?
2191,4815,0,8,60,68,1.1176470588235294,0.039361741477541526,685,He goes through forty tubes of Preparation H a week.
1674,4815,0,8,60,68,1.1176470588235294,0.039361741477541526,685,What? You guys never heard of brunch?
1393,4815,0,8,60,68,1.1176470588235294,0.039361741477541526,685,Mama always said you'd amount to nothing!
1114,4815,0,8,60,68,1.1176470588235294,0.039361741477541526,685,When is it due to hatch?
2571,4815,0,8,60,68,1.1176470588235294,0.039361741477541526,685,He thought they said Ergonomic evaluation.
986,4815,1,6,61,68,1.1176470588235294,0.044590674528640815,685,"He'll go to any extent if he decides to break the record in any field."""
434,4815,1,6,61,68,1.1176470588235294,0.044590674528640815,685,Jack just insists on being a surrogate.
5043,4832,3,3,71,77,1.1168831168831168,0.04882076938753178,685,Please don't rape me.
4599,4833,0,8,61,69,1.1159420289855073,0.03882454402978924,685,So Herb is hatching another  hare-brained scheme - what else is new?
4437,4833,1,6,62,69,1.1159420289855073,0.04397274927300527,685,I am young now. I sit like Millenials
5250,4833,1,6,62,69,1.1159420289855073,0.04397274927300527,685,He still thinks it came fertilized.
4475,4833,0,8,61,69,1.1159420289855073,0.03882454402978924,685,Do you have to be so highhanded about your global view?
1650,4833,1,6,62,69,1.1159420289855073,0.04397274927300527,685,He keeps saying I just have to roll with it.
2550,4833,1,6,62,69,1.1159420289855073,0.04397274927300527,685,He thinks he can fertilize an egg through osmosis.
1294,4833,0,8,61,69,1.1159420289855073,0.03882454402978924,685,He thinks he is exercising.
701,4833,1,6,62,69,1.1159420289855073,0.04397274927300527,685,That's a big egg!
1527,4833,1,6,62,69,1.1159420289855073,0.04397274927300527,685,He's terribly allergic to wood paneling
3587,4842,2,4,64,70,1.1142857142857143,0.047908025853103935,685,"Monorchism, monarchism, what’s the difference?"
4041,4842,1,6,63,70,1.1142857142857143,0.0433716527952698,685,"""I have no idea how he does it."""
4027,4842,1,6,63,70,1.1142857142857143,0.0433716527952698,685,"He saw, he took, he may hatch it."
3922,4842,0,8,62,70,1.1142857142857143,0.038301717862847806,685,"I keep telling him to relax, but he's worried about a recession."
3917,4842,2,4,64,70,1.1142857142857143,0.047908025853103935,685,"Sure Arnie, we can see ya'...between you and me, Debbie, it's a coping mechanism for his Napolean complex."
3888,4842,0,8,62,70,1.1142857142857143,0.038301717862847806,685,"In his dating profile, he never said he wanted to hatch a dinosaur egg."
4100,4842,1,6,63,70,1.1142857142857143,0.0433716527952698,685,Egg-alitarian? I don't think so.
4140,4842,1,6,63,70,1.1142857142857143,0.0433716527952698,685,"Sorry, we only date eggheads."
3858,4842,0,8,62,70,1.1142857142857143,0.038301717862847806,685,"Oh,Andy is back home to tend to his nest egg."
3732,4842,1,6,63,70,1.1142857142857143,0.0433716527952698,685,"When said your husband laid an egg, i thought you meant in his speech."
3682,4842,2,4,64,70,1.1142857142857143,0.047908025853103935,685,He watched a Special on Male Emperor Penguins who sit on their mate’s eggs…he is hoping for an ostrich for thanksgiving.
3489,4842,0,8,62,70,1.1142857142857143,0.038301717862847806,685,Sit there till Doomsday - it ain't gonna hatch!
2975,4842,0,8,62,70,1.1142857142857143,0.038301717862847806,685,Literal Larry knew he laid an egg with his latest stand-up set in the living room
3232,4842,1,6,63,70,1.1142857142857143,0.0433716527952698,685,Eddie is a dinosaur
3228,4842,1,6,63,70,1.1142857142857143,0.0433716527952698,685,I'm thinking omelettes.
3151,4842,1,6,63,70,1.1142857142857143,0.0433716527952698,685,It's grand gestures of motherhood these days.
3100,4842,0,8,62,70,1.1142857142857143,0.038301717862847806,685,"I believe that goes on the wall, dear."
2998,4842,1,6,63,70,1.1142857142857143,0.0433716527952698,685,"He’s been sitting on our nest egg for so long, I’m not sure he’s going to know what to do with himself when he retires."
2899,4842,1,6,63,70,1.1142857142857143,0.0433716527952698,685,I am not going to put him back together again.
2570,4842,1,6,63,70,1.1142857142857143,0.0433716527952698,685,He's the opposite of an egg-head.
2842,4842,1,6,63,70,1.1142857142857143,0.0433716527952698,685,It's a lifetime of atonement--he was one of the King's men.
2672,4842,0,8,62,70,1.1142857142857143,0.038301717862847806,685,Ma -- you're the one who said he was too chicken to marry me.
2669,4842,0,8,62,70,1.1142857142857143,0.038301717862847806,685,"Daddy's having a baby, daddy's having a baby."
2602,4842,1,6,63,70,1.1142857142857143,0.0433716527952698,685,And Yes I did it for you two before you hatched so keep telling nice stories.
4144,4842,0,8,62,70,1.1142857142857143,0.038301717862847806,685,...and what has he got to show for it? A big goose egg!
2654,4842,0,8,62,70,1.1142857142857143,0.038301717862847806,685,Would you hook that gas giant up to the furnace already?  We're freezing!
3269,4842,0,8,62,70,1.1142857142857143,0.038301717862847806,685,He's trying to make a gezuntik dumpty.
4178,4842,0,8,62,70,1.1142857142857143,0.038301717862847806,685,He's not that father
4971,4842,1,6,63,70,1.1142857142857143,0.0433716527952698,685,Donate it? Gladys no! This nest egg really brings the room together and Harold just loves sitting on it all day!
4209,4842,1,6,63,70,1.1142857142857143,0.0433716527952698,685,"Morton we get it, you meant what you said and said what you meant..."
2539,4842,0,8,62,70,1.1142857142857143,0.038301717862847806,685,Harvey insists his nest egg is safe right here
5196,4842,1,6,63,70,1.1142857142857143,0.0433716527952698,685,"That's Horton.  He's faithful, one hundred percent."
5089,4842,1,6,63,70,1.1142857142857143,0.0433716527952698,685,So I've decided I don't want to go to college anymore.
5019,4842,0,8,62,70,1.1142857142857143,0.038301717862847806,685,Ed always said that he was in favor of surrogate parenthood. We're helping the pterodactyl couple who live above us.
5016,4842,1,6,63,70,1.1142857142857143,0.0433716527952698,685,We’d have an empty nest by now if Larry were not such an enabler.
4983,4842,2,4,64,70,1.1142857142857143,0.047908025853103935,685,I didn’t know Larry was bi.
4918,4842,0,8,62,70,1.1142857142857143,0.038301717862847806,685,Wow. You really like that bowling ball
4912,4842,1,6,63,70,1.1142857142857143,0.0433716527952698,685,"I don't care if it's uncomfortable, you're going to sit on it until it hatches."
4878,4842,1,6,63,70,1.1142857142857143,0.0433716527952698,685,I'm halfway through my tea and starting to doubt I'll _ever_ get a devilled egg.
4847,4842,0,8,62,70,1.1142857142857143,0.038301717862847806,685,Tell us what you're planning to do with the  money you save   on cab fare.
4843,4842,1,6,63,70,1.1142857142857143,0.0433716527952698,685,Hard to believe that something so big came out of something so small !!!
4823,4842,1,6,63,70,1.1142857142857143,0.0433716527952698,685,You laid that?!
4197,4842,1,6,63,70,1.1142857142857143,0.0433716527952698,685,"Just an itch, he says. Meanwhile, I gotta take a bus to the grocery store. Men!"
4800,4842,1,6,63,70,1.1142857142857143,0.0433716527952698,685,I guess he wasn't kidding when he said he was sitting on a large nest egg!
4702,4842,0,8,62,70,1.1142857142857143,0.038301717862847806,685,"His son's not a fellow, he's chicken."
4677,4842,1,6,63,70,1.1142857142857143,0.0433716527952698,685,"Frank grew up Reform Ovolactovegetarian, but he converted to Orthodox last year."
4668,4842,0,8,62,70,1.1142857142857143,0.038301717862847806,685,While I appreciate your effort we're still having omelets for breakfast.
4655,4842,0,8,62,70,1.1142857142857143,0.038301717862847806,685,"Man, 55 years of potty training, and look!"
4613,4842,1,6,63,70,1.1142857142857143,0.0433716527952698,685,Can we talk about the elephant egg in the room?
4587,4842,1,6,63,70,1.1142857142857143,0.0433716527952698,685,He' s just like his mother...
4564,4842,2,4,64,70,1.1142857142857143,0.047908025853103935,685,"We don't like his tweets either, but our 401(k) is through the roof."
4513,4842,0,8,62,70,1.1142857142857143,0.038301717862847806,685,"Lets be perfectly clear, my dear.  You have not the girth to pull off the birth"
4486,4842,0,8,62,70,1.1142857142857143,0.038301717862847806,685,I always knew we were the superior species.
4416,4842,1,6,63,70,1.1142857142857143,0.0433716527952698,685,"Can I interest you in some honey? It 100 percent natural, albeit highly processed..."
4257,4842,0,8,62,70,1.1142857142857143,0.038301717862847806,685,This is his idea of rolling into retirement
4232,4842,0,8,62,70,1.1142857142857143,0.038301717862847806,685,"You know what they say: lay down with dogs, lay an egg"
4761,4842,2,4,64,70,1.1142857142857143,0.047908025853103935,685,He picked up incubating since he has retired.
2487,4842,1,6,63,70,1.1142857142857143,0.0433716527952698,685,Men can give birth!
1526,4842,0,8,62,70,1.1142857142857143,0.038301717862847806,685,I'm getting ready to out-source my hen pecking.
2456,4842,0,8,62,70,1.1142857142857143,0.038301717862847806,685,I keep telling him to have it looked at.
1351,4842,1,6,63,70,1.1142857142857143,0.0433716527952698,685,'  he swears by this new egg yoga stuff.'
1319,4842,1,6,63,70,1.1142857142857143,0.0433716527952698,685,You're not getting out of doing the dishes.
1276,4842,0,8,62,70,1.1142857142857143,0.038301717862847806,685,He's still struggling with his existential problems.
1180,4842,1,6,63,70,1.1142857142857143,0.0433716527952698,685,"It's his way of tricking me into saying,""You rock!"""
997,4842,1,6,63,70,1.1142857142857143,0.0433716527952698,685,He's really proud of it.  It's a o-o-seat.
989,4842,0,8,62,70,1.1142857142857143,0.038301717862847806,685,This new scientist on probation has just started putting a new Concept into incubation.
978,4842,1,6,63,70,1.1142857142857143,0.0433716527952698,685,"I already told you, right? That he is an Egg-ceptional character."
868,4842,0,8,62,70,1.1142857142857143,0.038301717862847806,685,"When I said I'd always dreamt of owning an egg chair, this is not what I had in mind."
728,4842,0,8,62,70,1.1142857142857143,0.038301717862847806,685,He said the La-Z-Boy wasn't an œuf.
636,4842,0,8,62,70,1.1142857142857143,0.038301717862847806,685,"Well, I prefer to diversify my nest egg."
603,4842,1,6,63,70,1.1142857142857143,0.0433716527952698,685,"And after experiencing 'the miracle of creation,' Mona, just what does Sol plan to do with his t-rex?"
538,4842,2,4,64,70,1.1142857142857143,0.047908025853103935,685,He thinks he can get it to hatch and still not turn on the heat until November.
1477,4842,0,8,62,70,1.1142857142857143,0.038301717862847806,685,"I thought you said he was bringing his girlfriend home"""
535,4842,0,8,62,70,1.1142857142857143,0.038301717862847806,685,Come down.  That is no yoke.
480,4842,1,6,63,70,1.1142857142857143,0.0433716527952698,685,"We know you were the Hatch Act, but Halloween's over, Bill."
427,4842,1,6,63,70,1.1142857142857143,0.0433716527952698,685,I've decided to adopt.
356,4842,1,6,63,70,1.1142857142857143,0.0433716527952698,685,I didn’t mind when he married a chicken but starting a hatchery was an egregious mistake.
316,4842,1,6,63,70,1.1142857142857143,0.0433716527952698,685,We've ramped up our earthworm farm under the kitchen sink.
311,4842,0,8,62,70,1.1142857142857143,0.038301717862847806,685,He’s trying to get poached for that new job
259,4842,0,8,62,70,1.1142857142857143,0.038301717862847806,685,"Better this than the dart, he says."
250,4842,1,6,63,70,1.1142857142857143,0.0433716527952698,685,I’m not bringing you any more gummy worms.
232,4842,1,6,63,70,1.1142857142857143,0.0433716527952698,685,Ralph is getting in touch with his feminine side - and exercising his core.
87,4842,0,8,62,70,1.1142857142857143,0.038301717862847806,685,This is very liberating for Hal.
78,4842,1,6,63,70,1.1142857142857143,0.0433716527952698,685,Fred wanted a retirement hobby that would keep him busy.
66,4842,0,8,62,70,1.1142857142857143,0.038301717862847806,685,"Oh, he's not as hardboiled as he might seem."
2459,4842,0,8,62,70,1.1142857142857143,0.038301717862847806,685,Do you like our bean single chair?
532,4842,1,6,63,70,1.1142857142857143,0.0433716527952698,685,Have you tried eggslisting it?
1481,4842,2,4,64,70,1.1142857142857143,0.047908025853103935,685,You just think he looks funny now: You should have seen him before he laid it.
987,4842,1,6,63,70,1.1142857142857143,0.0433716527952698,685,"Heeey, mother hen, it's not like we brought OUR children into your house."
1581,4842,0,8,62,70,1.1142857142857143,0.038301717862847806,685,Herb is very protective of his nest egg.
2448,4842,1,6,63,70,1.1142857142857143,0.0433716527952698,685,You DID want the G with the biggest nut.
2387,4842,1,6,63,70,1.1142857142857143,0.0433716527952698,685,"So I said, ""What good's a nest egg if you're never going to  use it?""
And he said, ""Good point.  Let me sit on it and I'll get back to you.""

That was three months ago.  I'm still waiting."
2385,4842,0,8,62,70,1.1142857142857143,0.038301717862847806,685,"Inventory list for our baby: check!"""
2373,4842,1,6,63,70,1.1142857142857143,0.0433716527952698,685,"Look, you deserve it.  The labor must have been quite difficult."
2344,4842,0,8,62,70,1.1142857142857143,0.038301717862847806,685,It is from the Laz-egg-boy outlet.
2293,4842,0,8,62,70,1.1142857142857143,0.038301717862847806,685,I keep telling him we're not zoned for giant chickens.
2285,4842,0,8,62,70,1.1142857142857143,0.038301717862847806,685,"Of course he likes nothing better than to look down on me, but I really think it’s time he got that growth checked out."
2271,4842,1,6,63,70,1.1142857142857143,0.0433716527952698,685,"Don't be impressed; it's not an exercise ball, it's hemorrhoids."
2263,4842,1,6,63,70,1.1142857142857143,0.0433716527952698,685,He’s still brooding over the egg he laid at the office last week.
2260,4842,1,6,63,70,1.1142857142857143,0.0433716527952698,685,"His mother told me I was marrying a good egg, and he never lets me forget it!""

Melanie Wright, Kent, Englan"
2237,4842,1,6,63,70,1.1142857142857143,0.0433716527952698,685,He says it's good for strengthening his core.
2169,4842,0,8,62,70,1.1142857142857143,0.038301717862847806,685,Harold maintains that I egg him on.
2111,4842,1,6,63,70,1.1142857142857143,0.0433716527952698,685,"A fresh pot is brewing, Charles. No need to lay an egg!"
2331,4842,2,4,64,70,1.1142857142857143,0.047908025853103935,685,"I share the concern about 
 global warming, but I couldn't he just eat fewer beans?"
2043,4842,0,8,62,70,1.1142857142857143,0.038301717862847806,685,"This is the main problem with living with writers, they’re always trying to hatch a plot."
2025,4842,0,8,62,70,1.1142857142857143,0.038301717862847806,685,"No thanks, we've eaten."
1977,4842,0,8,62,70,1.1142857142857143,0.038301717862847806,685,You have the Humpty Dumpty story all messed up.
1914,4842,0,8,62,70,1.1142857142857143,0.038301717862847806,685,I don't care about your nest egg.  I'm not leaving Harold.
1911,4842,1,6,63,70,1.1142857142857143,0.0433716527952698,685,"Howard, I'm really getting suspicious about this.  If it's fossilized, why is Mr. Hammond paying you to sit on it all night?"
1585,4842,0,8,62,70,1.1142857142857143,0.038301717862847806,685,Hurt?
1884,4842,0,8,62,70,1.1142857142857143,0.038301717862847806,685,I've tried to tell him it's not going to work.
1850,4842,1,6,63,70,1.1142857142857143,0.0433716527952698,685,"Now sit on atop that thing, dear, until it hatches."
2060,4842,1,6,63,70,1.1142857142857143,0.0433716527952698,685,"Worried? That he thinks he's a penguin, not so much. I am a bit concerned about where he found that egg."
1735,4842,1,6,63,70,1.1142857142857143,0.0433716527952698,685,1.Careful- if it breaks you could end up with egg on your face.
1733,4842,0,8,62,70,1.1142857142857143,0.038301717862847806,685,Let’s just scramble it and ask over the whole neighborhood.
1721,4842,0,8,62,70,1.1142857142857143,0.038301717862847806,685,"Unfortunately, it's Empty Nest-egg Syndrome."
1600,4842,0,8,62,70,1.1142857142857143,0.038301717862847806,685,"In the beginning they were plain

hemorrhoids!"
2335,4959,1,6,64,71,1.1126760563380282,0.04278670967729594,685,It's all a big yoke to him.
3787,4960,0,8,64,72,1.1111111111111112,0.037296949257630635,685,Why so broody today?
614,4961,1,6,67,74,1.1081081081081081,0.04112256523107289,685,He has been suffering from a Columbus complex
4468,4962,0,7,58,65,1.1076923076923078,0.038748926306942086,685,Have some cookies. You'll need a bigger butt if you expect to hatch it.
419,4962,0,7,58,65,1.1076923076923078,0.038748926306942086,685,I know: I keep telling him he really should see a doctor about that.
1077,4962,0,7,58,65,1.1076923076923078,0.038748926306942086,685,"And thrice we commit our hearts and souls to thee, Father of Dragons."
2887,4962,0,7,58,65,1.1076923076923078,0.038748926306942086,685,"Yeah, empty nest syndrome is painful, I’be been there. Just make make sure he gets off it once in a while. Hemorrhoids, you know."
3476,4962,0,7,58,65,1.1076923076923078,0.038748926306942086,685,"So, in theory Norman, you could go down in history as 'The father of the Dinosaur'?"
4001,4962,0,7,58,65,1.1076923076923078,0.038748926306942086,685,He expects it to hatch once his caption contest entry is selected.
2695,4968,2,3,61,66,1.106060606060606,0.04889829547268706,685,"Of course, they already have an egg-sitting room at Bert's job."
2750,4968,1,5,60,66,1.106060606060606,0.04387303082685012,685,Last time whatever it was he hatched almost ate him.
2912,4968,1,5,60,66,1.106060606060606,0.04387303082685012,685,"If you settle, you will wind up living with an idiot."
2461,4968,1,5,60,66,1.106060606060606,0.04387303082685012,685,"It’s a noble effort, Frank, but I won’t bring you meals and neither will your Mother."
4984,4968,1,5,60,66,1.106060606060606,0.04387303082685012,685,Horton keeps telling me that Mayzie will be back soon but I'm just not buying it
3947,4968,0,7,59,66,1.106060606060606,0.038192176787049927,685,He said he always wanted to be a mother.
4228,4968,1,5,60,66,1.106060606060606,0.04387303082685012,685,Sometimes Fred thinks he's an ostrich.
4371,4968,1,5,60,66,1.106060606060606,0.04387303082685012,685,They call this model the Äggstol.
1756,4968,0,7,59,66,1.106060606060606,0.038192176787049927,685,"So, Bill ha a new interest. Actually, he goes by Bock now."
3397,4968,1,5,60,66,1.106060606060606,0.04387303082685012,685,"I just can't shake him from his empty nest syndrome."""
2428,4968,1,5,60,66,1.106060606060606,0.04387303082685012,685,"He gets the Braxton Hicks, you know. George! It's going to come when it's ready."
3317,4968,1,5,60,66,1.106060606060606,0.04387303082685012,685,Is it vegan if we don’t eat it?
2166,4968,0,7,59,66,1.106060606060606,0.038192176787049927,685,In school they called him an egghead so he decided to do something about it.
1840,4968,1,5,60,66,1.106060606060606,0.04387303082685012,685,"Well, well! Dr. Sisyphus has arrived."
1257,4968,0,7,59,66,1.106060606060606,0.038192176787049927,685,"- My husband is caring the stone every day, but only half of way."
966,4968,1,5,60,66,1.106060606060606,0.04387303082685012,685,"Why not Ma?  It probably pays more than driving for Uber, though probably not great on the Hemorrhoids."
796,4968,1,5,60,66,1.106060606060606,0.04387303082685012,685,He is hoping his excercise egg will hatch a  personal trainer.
552,4968,0,7,59,66,1.106060606060606,0.038192176787049927,685,O.K. 3..2..1....lets roll.
236,4968,1,5,60,66,1.106060606060606,0.04387303082685012,685,His therapist suggested Egg Meditation Therapy!
5,4968,0,7,59,66,1.106060606060606,0.038192176787049927,685,"«« — #quotes 5h
ec) a

'NON
SCORAGGIATEVI.

E SPESSO L’ULTIMA
CHIAVE QUELLA
CHE APRE LA
SERRATURA'

PAULO COELHO"
2296,4968,0,7,59,66,1.106060606060606,0.038192176787049927,685,"But whatever comes out, he won’t change its diaper."
3528,4989,2,3,62,67,1.1044776119402986,0.04818894835591932,685,For what did we retire?  All he wants to do is sit on his nest egg!
3518,4989,2,3,62,67,1.1044776119402986,0.04818894835591932,685,Biggest hemorrhoid I’ve ever seen!!!
3490,4989,1,5,61,67,1.1044776119402986,0.04324223293582181,685,"Oh dear, looks like Abe fell for another tech-incubator friends & family opportunity."
3367,4989,1,5,61,67,1.1044776119402986,0.04324223293582181,685,Nice try Louise but not can tell you whether Lester or the egg came first!
3467,4989,1,5,61,67,1.1044776119402986,0.04324223293582181,685,"Want an easy job, Madge?   I laid it yesterday but I don't have the spare time to sit like the good old hen I use to be and he's has to get to the office."
3553,4989,1,5,61,67,1.1044776119402986,0.04324223293582181,685,Ronald and I have decided to co-parent.
2674,4989,1,5,61,67,1.1044776119402986,0.04324223293582181,685,Humpty Dumpty Needs A Wall.
3565,4989,1,5,61,67,1.1044776119402986,0.04324223293582181,685,"Harold is going to be a stay at home ""dad""."
3664,4989,1,5,61,67,1.1044776119402986,0.04324223293582181,685,"Finally, I feel like a man."
3596,4989,1,5,61,67,1.1044776119402986,0.04324223293582181,685,This is my fart containment experiment but it got away from me a bit .
3605,4989,1,5,61,67,1.1044776119402986,0.04324223293582181,685,"Boy, Fred, you are really on the ball today!"
3312,4989,0,7,60,67,1.1044776119402986,0.0376511178439935,685,I think we both know now which came first.
3683,4989,0,7,60,67,1.1044776119402986,0.0376511178439935,685,"Yes—he's a homebody with a strong nesting instinct, but sometimes I just wish he'd rejoin the conventional workforce."
3715,4989,0,7,60,67,1.1044776119402986,0.0376511178439935,685,Let me know if it does any good because my Henry has hemorrhoids too.
3783,4989,2,3,62,67,1.1044776119402986,0.04818894835591932,685,"Ok hun, it's time to see the doctor."
3789,4989,1,5,61,67,1.1044776119402986,0.04324223293582181,685,Will you be done by breakfast?
3575,4989,0,7,60,67,1.1044776119402986,0.0376511178439935,685,Carl is really into this new eggonomics craze
3286,4989,0,7,60,67,1.1044776119402986,0.0376511178439935,685,"When I said eggs are good for you Gerald  I meant if you eat them, not sit on them!"
3165,4989,1,5,61,67,1.1044776119402986,0.04324223293582181,685,"I told Phil that Big Bird's just a puppet, but does he listen?"
3250,4989,0,7,60,67,1.1044776119402986,0.0376511178439935,685,"I told him it’s meant to be an exercise BALL, birdbrain!"
2677,4989,1,5,61,67,1.1044776119402986,0.04324223293582181,685,His other thing is wearing chicken suit pj’s - I’m not sure which came first.
2732,4989,1,5,61,67,1.1044776119402986,0.04324223293582181,685,We never had children.
2741,4989,0,7,60,67,1.1044776119402986,0.0376511178439935,685,You know how I said that my life with him has been one big goose egg?
2873,4989,1,5,61,67,1.1044776119402986,0.04324223293582181,685,Are you telling us you have wings?
2878,4989,0,7,60,67,1.1044776119402986,0.0376511178439935,685,When is Little Jimmy Expected to Hatch?
2888,4989,0,7,60,67,1.1044776119402986,0.0376511178439935,685,His wife has a bizarre sense of humor.
2889,4989,1,5,61,67,1.1044776119402986,0.04324223293582181,685,Maybe you should get that checked out.
2923,4989,0,7,60,67,1.1044776119402986,0.0376511178439935,685,DON'T  feel sorry for HIM!
2972,4989,1,5,61,67,1.1044776119402986,0.04324223293582181,685,He says its good for his hemorrhoids.
2989,4989,2,3,62,67,1.1044776119402986,0.04818894835591932,685,In a nutshell...There's a pterodactyl in this eggshell.
3005,4989,1,5,61,67,1.1044776119402986,0.04324223293582181,685,So far Terry’s large nest egg...consists of a bunch of empty soda cans!
3060,4989,1,5,61,67,1.1044776119402986,0.04324223293582181,685,He’s always hatching new ideas. Right now he’s working on our nest egg.
3083,4989,0,7,60,67,1.1044776119402986,0.0376511178439935,685,"No matter how high you sit, you will always be a shell of a man."
3096,4989,0,7,60,67,1.1044776119402986,0.0376511178439935,685,He loves omelettes.
3123,4989,1,5,61,67,1.1044776119402986,0.04324223293582181,685,"you can fix your own breakfast this morning, hun."
3793,4989,1,5,61,67,1.1044776119402986,0.04324223293582181,685,He is overly protective of his nest egg.
3231,4989,1,5,61,67,1.1044776119402986,0.04324223293582181,685,Let’s see if you don’t have to pee in the middle of the night
3282,4989,0,7,60,67,1.1044776119402986,0.0376511178439935,685,"Yet again, the man came before the chick."
3845,4989,0,7,60,67,1.1044776119402986,0.0376511178439935,685,That's his nest egg -- he won't leave it!
4050,4989,1,5,61,67,1.1044776119402986,0.04324223293582181,685,"As I told you, Marge, Herb just likes to sit now - he doesn't have an egg to stand on."
4011,4989,1,5,61,67,1.1044776119402986,0.04324223293582181,685,Dumpty prefers no wall here at home
4625,4989,0,7,60,67,1.1044776119402986,0.0376511178439935,685,"He has always cooperated in child rearing, but he is confused whether that is our egg or a throne!"
4683,4989,1,5,61,67,1.1044776119402986,0.04324223293582181,685,Someone gave us that Ostrich egg on Easter and he just couldn't see it going to waste
4733,4989,0,7,60,67,1.1044776119402986,0.0376511178439935,685,"Oh, it's just an Ostrich egg he's mothering."
4735,4989,1,5,61,67,1.1044776119402986,0.04324223293582181,685,I was hoping caring for an animal would keep him on his feet.
4750,4989,0,7,60,67,1.1044776119402986,0.0376511178439935,685,"He's hoping it will hatch, but I don't know what we will do with it."
4876,4989,1,5,61,67,1.1044776119402986,0.04324223293582181,685,Sometimes his needing fresher and fresher chicken got out of hand!
4892,4989,0,7,60,67,1.1044776119402986,0.0376511178439935,685,Just an incubator hoping for a unicorn.
4620,4989,0,7,60,67,1.1044776119402986,0.0376511178439935,685,Would you take a gander at that goose?
4929,4989,1,5,61,67,1.1044776119402986,0.04324223293582181,685,"I hope it hatches a wiser husband, Hilda!"
5034,4989,0,7,60,67,1.1044776119402986,0.0376511178439935,685,"Poor Donald, he thinks he’s Humphrey Dumphrey."
5039,4989,1,5,61,67,1.1044776119402986,0.04324223293582181,685,When is he due? We’ll know when the yoke breaks.
5062,4989,2,3,62,67,1.1044776119402986,0.04818894835591932,685,"If you agree, just give me an egg nod."
5090,4989,1,5,61,67,1.1044776119402986,0.04324223293582181,685,He has a different perspective than I do.
5149,4989,1,5,61,67,1.1044776119402986,0.04324223293582181,685,The chiropractor recommended I use a pasteur corrector.
5163,4989,1,5,61,67,1.1044776119402986,0.04324223293582181,685,"I know, but we need the eggs."
5232,4989,2,3,62,67,1.1044776119402986,0.04818894835591932,685,I don't think the new play is going well.
5009,4989,0,7,60,67,1.1044776119402986,0.0376511178439935,685,I keep saying I don't think it will ever hatch.
4616,4989,1,5,61,67,1.1044776119402986,0.04324223293582181,685,It's the latest in surrogacy.  I sub when he must relieve himself.  Meals can get a little wobbly.
4604,4989,0,7,60,67,1.1044776119402986,0.0376511178439935,685,He's recycling his body heat to generate carbon credits.
5274,4989,1,5,61,67,1.1044776119402986,0.04324223293582181,685,Don't you think you're taking Diversity & Inclusion too seriously?
4017,4989,1,5,61,67,1.1044776119402986,0.04324223293582181,685,"My Bob has always had a nurturing side, but I can't help but feel we are in for a dickens of a time when it hatches"
4052,4989,1,5,61,67,1.1044776119402986,0.04324223293582181,685,If it cracks the yolks on him.
4150,4989,1,5,61,67,1.1044776119402986,0.04324223293582181,685,He wanted a statement piece that reflects his maternal instinct.
4156,4989,1,5,61,67,1.1044776119402986,0.04324223293582181,685,"Oh, I'll question his manhood, and he'll bring up the eggtopic pregnancy."
4200,4989,0,7,60,67,1.1044776119402986,0.0376511178439935,685,We prefer our poultry to be home-raised.
4259,4989,1,5,61,67,1.1044776119402986,0.04324223293582181,685,He's been watching too much David Attenborough.
4279,4989,1,5,61,67,1.1044776119402986,0.04324223293582181,685,How long have you not had sex with your husband?
4331,4989,1,5,61,67,1.1044776119402986,0.04324223293582181,685,"It wasn't exactly my choice for the rocking chair, but Carl was always a sucker for Mother Goose rhymes and I'm afraid he's cracking up."
4351,4989,2,3,62,67,1.1044776119402986,0.04818894835591932,685,"He says he wants to be a rancher. Well, he can ranch whatever comes outta that thing. I'm headed to Florida -- they say orange juice grows on trees there! Can you believe that?"
4357,4989,1,5,61,67,1.1044776119402986,0.04324223293582181,685,I laid my weight in gold.
4424,4989,0,7,60,67,1.1044776119402986,0.0376511178439935,685,Is it Humpty Dumpty?
4433,4989,1,5,61,67,1.1044776119402986,0.04324223293582181,685,Another attempt by Norbert to shove an egg up his ass.
4466,4989,0,7,60,67,1.1044776119402986,0.0376511178439935,685,"Once it hatches, you're a goner!"
4474,4989,0,7,60,67,1.1044776119402986,0.0376511178439935,685,I thought you were rich. I didn't think you meant it literally
4512,4989,0,7,60,67,1.1044776119402986,0.0376511178439935,685,"Even though there's a risk of dying, he likes sitting on a dragon egg."
4552,4989,0,7,60,67,1.1044776119402986,0.0376511178439935,685,He was determined not to be an empty nester.
4589,4989,1,5,61,67,1.1044776119402986,0.04324223293582181,685,"Yes, we see, but what you complain about it having to walk on them."
3930,4989,0,7,60,67,1.1044776119402986,0.0376511178439935,685,It gives him something big to look forward to.
2671,4989,0,7,60,67,1.1044776119402986,0.0376511178439935,685,When we said that you should be more considerate...
436,4989,2,3,62,67,1.1044776119402986,0.04818894835591932,685,He doesn't want to move into an empty-nest condo with me.
2632,4989,1,5,61,67,1.1044776119402986,0.04324223293582181,685,"Phil seems to be resisting our ""empty nester"" status."
463,4989,0,7,60,67,1.1044776119402986,0.0376511178439935,685,Your 60s era beanbag chair is overfilled and may contain outdated cultural depictions.
494,4989,1,5,61,67,1.1044776119402986,0.04324223293582181,685,His doctor seems to think it will help with his Hemorrhoids.
650,4989,0,7,60,67,1.1044776119402986,0.0376511178439935,685,I told you Frank was hatching something really big
695,4989,1,5,61,67,1.1044776119402986,0.04324223293582181,685,"Yes I called him a 'Mother', out of anger, a few times ...
I guess one too many times."
702,4989,1,5,61,67,1.1044776119402986,0.04324223293582181,685,He's gone from mansplaining to eggsplaining.
711,4989,0,7,60,67,1.1044776119402986,0.0376511178439935,685,He's always been a big chicken when it comes to being intimate.
721,4989,1,5,61,67,1.1044776119402986,0.04324223293582181,685,He says it’s to maintain his six pack
455,4989,0,7,60,67,1.1044776119402986,0.0376511178439935,685,Don't worry -- Oswald says he's hatching a plan.
820,4989,0,7,60,67,1.1044776119402986,0.0376511178439935,685,It looks to me like you are going to slide off that thing.
1043,4989,0,7,60,67,1.1044776119402986,0.0376511178439935,685,He's been brooding a lot lately
1066,4989,1,5,61,67,1.1044776119402986,0.04324223293582181,685,Is there a dominance hierarchy among us?
1191,4989,1,5,61,67,1.1044776119402986,0.04324223293582181,685,"It's step one in his ""Fear of Flying"" therap"
1198,4989,0,7,60,67,1.1044776119402986,0.0376511178439935,685,"Well, at least thankfully it is not an internal hemorrhoid."
1244,4989,1,5,61,67,1.1044776119402986,0.04324223293582181,685,It’s Herbert’s new start-up.
1307,4989,0,7,60,67,1.1044776119402986,0.0376511178439935,685,We're disappointed it's not a golden egg.
1335,4989,1,5,61,67,1.1044776119402986,0.04324223293582181,685,Well you didn’t! What all the king’s horses and all the king’s men could never pull off.
921,4989,1,5,61,67,1.1044776119402986,0.04324223293582181,685,He has always been more than a little eggcentrik
1338,4989,1,5,61,67,1.1044776119402986,0.04324223293582181,685,"If the mother comes back, I'm hiding at your place."
442,4989,2,3,62,67,1.1044776119402986,0.04818894835591932,685,"Wow, Seymour is really coming to terms with his broodiness."
392,4989,0,7,60,67,1.1044776119402986,0.0376511178439935,685,I am not sure what he thinks he is hatching now”.
2649,4989,2,3,62,67,1.1044776119402986,0.04818894835591932,685,"He thinks he is always on the ball, but sometimes it's an egg."
1,4989,1,5,61,67,1.1044776119402986,0.04324223293582181,685,"STARVE YOUR DISTRACTIONS

FEED YOUR FOCUS"
4,4989,1,5,61,67,1.1044776119402986,0.04324223293582181,685,"ee ae Lele) (La ag
“= tiktok.__.india"
7,4989,0,7,60,67,1.1044776119402986,0.0376511178439935,685,Gerald has always identified as a pterodactyl and now the homeowners association has finally agreed.
8,4989,0,7,60,67,1.1044776119402986,0.0376511178439935,685,"Ever since the IRS came after it, he just sits there.”"
9,4989,2,3,62,67,1.1044776119402986,0.04818894835591932,685,He is trying out his new chair-yokka position
37,4989,2,3,62,67,1.1044776119402986,0.04818894835591932,685,I see you two are still split on the issue of kids.
396,4989,0,7,60,67,1.1044776119402986,0.0376511178439935,685,This paleo recipe also calls for ancient grains
90,4989,0,7,60,67,1.1044776119402986,0.0376511178439935,685,We met when we were stationed in Antarctica
151,4989,1,5,61,67,1.1044776119402986,0.04324223293582181,685,"His hairline wasn't recession-proof, but he's making sure his nest egg will be."
156,4989,0,7,60,67,1.1044776119402986,0.0376511178439935,685,C'mon already... hatch your big idea.
209,4989,0,7,60,67,1.1044776119402986,0.0376511178439935,685,He says it's the thought that counts.
222,4989,0,7,60,67,1.1044776119402986,0.0376511178439935,685,I can see that your mom moving in has not helped you with this empty nest thing.
229,4989,0,7,60,67,1.1044776119402986,0.0376511178439935,685,"That’s not what high tea means, Herb."
297,4989,1,5,61,67,1.1044776119402986,0.04324223293582181,685,"I told Fred, don't get too attached, Jurassic World 3 is about to begin filming."
358,4989,1,5,61,67,1.1044776119402986,0.04324223293582181,685,"I told him if he wanted another one around the house he was going to have 
to take care of it himself."
115,4989,1,5,61,67,1.1044776119402986,0.04324223293582181,685,I  think Harold is trying to tell you he's bi-curious.
1380,4989,0,7,60,67,1.1044776119402986,0.0376511178439935,685,I'm hatching a plan to sit between you two chicks.
544,4989,0,7,60,67,1.1044776119402986,0.0376511178439935,685,He’s hatching his next great idea.
1407,4989,2,3,62,67,1.1044776119402986,0.04818894835591932,685,I've always known you'd be a doting father.
2045,4989,1,5,61,67,1.1044776119402986,0.04324223293582181,685,"Long story short, we still don’t know which came first, but now I’m stuck raising whatever comes out of this thing"
2072,4989,0,7,60,67,1.1044776119402986,0.0376511178439935,685,This is how he works on the next big thing.
2159,4989,0,7,60,67,1.1044776119402986,0.0376511178439935,685,Herb finds it more comfortable than scrambled.
2162,4989,1,5,61,67,1.1044776119402986,0.04324223293582181,685,"Sorry, I have to take a break. It is time for me to regurgitate a hot-pocket Henry's mouth"
2174,4989,2,3,62,67,1.1044776119402986,0.04818894835591932,685,He's hatching blue-ribbon livestock for his farm.
2190,4989,1,5,61,67,1.1044776119402986,0.04324223293582181,685,I thought it was just another Taco Bell night
2238,4989,1,5,61,67,1.1044776119402986,0.04324223293582181,685,Herbert’s not too clear on the concept of having a large nest-egg.
2298,4989,1,5,61,67,1.1044776119402986,0.04324223293582181,685,I just want an omelet but he has other ideas
2311,4989,0,7,60,67,1.1044776119402986,0.0376511178439935,685,It's a tough egg to crack.
2318,4989,1,5,61,67,1.1044776119402986,0.04324223293582181,685,Don't expect me to egg you on.
2326,4989,1,5,61,67,1.1044776119402986,0.04324223293582181,685,That’s Egg
2380,4989,2,3,62,67,1.1044776119402986,0.04818894835591932,685,I can't believe the doula says she wants nothing to do with this!
2403,4989,0,7,60,67,1.1044776119402986,0.0376511178439935,685,My husband is experimenting with being broody and productive.
2438,4989,0,7,60,67,1.1044776119402986,0.0376511178439935,685,Please cackle twice.
1402,4989,0,7,60,67,1.1044776119402986,0.0376511178439935,685,For the holidays we could make a huge omelet if we can persuade Henry to get down.
2585,4989,1,5,61,67,1.1044776119402986,0.04324223293582181,685,This is egtrodinary
2591,4989,1,5,61,67,1.1044776119402986,0.04324223293582181,685,"If you're trying to assert your dominance as ""man of the house"", it's not working"
1998,4989,1,5,61,67,1.1044776119402986,0.04324223293582181,685,"I wonder what came first
Henry or the egg?"
1961,4989,1,5,61,67,1.1044776119402986,0.04324223293582181,685,He plans to call it Humphry when it hatches
2527,4989,1,5,61,67,1.1044776119402986,0.04324223293582181,685,Nobody ever accused Roger of being an egghead.
1901,4989,1,5,61,67,1.1044776119402986,0.04324223293582181,685,"Meh, he's no Lance Armstrong."
1432,4989,1,5,61,67,1.1044776119402986,0.04324223293582181,685,"Don’t mind Harold, he’s just trying to hatch one of his bird-brained plans."
1466,4989,1,5,61,67,1.1044776119402986,0.04324223293582181,685,"All I said was, ""We should consider dipping into the nest egg."""
1491,4989,0,7,60,67,1.1044776119402986,0.0376511178439935,685,"First he heard a Who, and now this."
1958,4989,1,5,61,67,1.1044776119402986,0.04324223293582181,685,"Now we're retired, my only regret is taking our accountant's advice so literally"
1564,4989,1,5,61,67,1.1044776119402986,0.04324223293582181,685,He says there’s a plan inside.
1568,4989,1,5,61,67,1.1044776119402986,0.04324223293582181,685,It all started with him calling himself Columbus.
1592,4989,1,5,61,67,1.1044776119402986,0.04324223293582181,685,I told him he should have built a nice nest first but does he ever listen to me?
1634,4989,1,5,61,67,1.1044776119402986,0.04324223293582181,685,You should’ve seen it before we got the house in Boca.
1532,4989,0,7,60,67,1.1044776119402986,0.0376511178439935,685,"Sometimes, he clucks."
1702,4989,1,5,61,67,1.1044776119402986,0.04324223293582181,685,It’s not my choice.
1668,4989,0,7,60,67,1.1044776119402986,0.0376511178439935,685,I am the egg of this house
1776,4989,1,5,61,67,1.1044776119402986,0.04324223293582181,685,"Fred is ovulating.
I see, do you know what it will be?"
1823,4989,1,5,61,67,1.1044776119402986,0.04324223293582181,685,Hatching is not your forte....
1736,4989,0,7,60,67,1.1044776119402986,0.0376511178439935,685,"Of course not Doris, I have a chicken in my pants."
1714,4989,1,5,61,67,1.1044776119402986,0.04324223293582181,685,You do realize that you will be one of us after this!
1775,4989,0,7,60,67,1.1044776119402986,0.0376511178439935,685,That last month really drags.
2554,5148,1,6,70,77,1.103896103896104,0.03958264662724855,685,And we NEVER go you . . . can you imagine?
1347,5149,0,7,61,68,1.1029411764705883,0.03712509925760679,685,So this is your idea of a neat party trick?
3708,5149,0,7,61,68,1.1029411764705883,0.03712509925760679,685,Just wait until it hatches.
4980,5149,1,5,62,68,1.1029411764705883,0.04262926879107264,685,"So, Ned now identifies as a chicken."""
3628,5152,1,5,63,69,1.1014492753623188,0.042033394835877404,685,He's definitely calmed down since I started slipping my HRT into his morning coffee...
4148,5152,1,5,63,69,1.1014492753623188,0.042033394835877404,685,"He thinks if he sits on it long enough, it'll hatch."
4794,5154,1,5,64,70,1.1,0.04145390815152651,685,Be a good boy and eat your lunch
4258,5155,0,6,56,62,1.096774193548387,0.03785410929280441,685,Is that a eggonomically friendly way to sit?
4611,5155,0,6,56,62,1.096774193548387,0.03785410929280441,685,It’s still not as painful as child birth.
3394,5155,0,6,56,62,1.096774193548387,0.03785410929280441,685,"When my husband broods, he does it big."
1310,5155,0,6,56,62,1.096774193548387,0.03785410929280441,685,Don't you think its time to give that nest egg a life?
1949,5155,0,6,56,62,1.096774193548387,0.03785410929280441,685,He’s an “all in 1 nest” guy.
3259,5155,1,4,57,62,1.096774193548387,0.0442916958370775,685,That is a very big egg.
4505,5161,0,7,66,73,1.095890410958904,0.034700192131439885,685,He's taken seriously one candidate's program to switch to ostrich meat so he's starting a farm to provide it.
2982,5162,0,6,57,63,1.0952380952380953,0.03728006482184823,685,He has always been a mama's boy.
3052,5162,0,6,57,63,1.0952380952380953,0.03728006482184823,685,"Nobody wanted to mention the obvious, but the tea was indeed eggcellent."
3093,5162,0,6,57,63,1.0952380952380953,0.03728006482184823,685,Scrambled eggs anyone?
3307,5162,0,6,57,63,1.0952380952380953,0.03728006482184823,685,"Hank, those mosquitoes have NOT been kind."
3309,5162,0,6,57,63,1.0952380952380953,0.03728006482184823,685,"Yes dear, we know who rules the roost here..."
3310,5162,1,4,58,63,1.0952380952380953,0.04361004475139291,685,"He's trying to impress you. He ate a pound and a half of boiled cabbage and refried beans, then a whole pack of chewing gum. You don't want to be here when it pops."
3382,5162,0,6,57,63,1.0952380952380953,0.03728006482184823,685,Fred thinks if his dives deeply enough into his inner woman he can  hatch an egg.
3554,5162,0,6,57,63,1.0952380952380953,0.03728006482184823,685,I wonder how he got up there
3842,5162,0,6,57,63,1.0952380952380953,0.03728006482184823,685,I told him if he kept up the stress things would get ugly.
3948,5162,1,4,58,63,1.0952380952380953,0.04361004475139291,685,The matching seggtional was too high in cholesterol for us.
3983,5162,1,4,58,63,1.0952380952380953,0.04361004475139291,685,He kept clucking.
4288,5162,0,6,57,63,1.0952380952380953,0.03728006482184823,685,Epstein didn't kill himself.
4299,5162,1,4,58,63,1.0952380952380953,0.04361004475139291,685,"Barbara, he wasn't joking, was he?"
4531,5162,0,6,57,63,1.0952380952380953,0.03728006482184823,685,He says he wants to change the third bedroom back into an office.
4687,5162,1,4,58,63,1.0952380952380953,0.04361004475139291,685,He thinks it is a dinosaur egg.  I think it is a work of art.  We will see.
4840,5162,1,4,58,63,1.0952380952380953,0.04361004475139291,685,"Charles is practicing for the title of "" The biggest  Easter egg rolling champion of all time""!"
4855,5162,0,6,57,63,1.0952380952380953,0.03728006482184823,685,Just look at those low rates ...
2981,5162,0,6,57,63,1.0952380952380953,0.03728006482184823,685,We don't trust the bank to incubate the 401(k).
5069,5162,0,6,57,63,1.0952380952380953,0.03728006482184823,685,Cool your jets. I’ve got five more minutes.
3864,5162,0,6,57,63,1.0952380952380953,0.03728006482184823,685,He hopes it's a girl so he can start a flock.
2909,5162,1,4,58,63,1.0952380952380953,0.04361004475139291,685,"So it was the human that came first..."""
5037,5162,0,6,57,63,1.0952380952380953,0.03728006482184823,685,Maybe you should focus on the other aspects of being a criminal mastermind.
2544,5162,0,6,57,63,1.0952380952380953,0.03728006482184823,685,"Its called the ""i""egg."
211,5162,0,6,57,63,1.0952380952380953,0.03728006482184823,685,Yeah. Nest egg retirement gave us a bonus.
354,5162,0,6,57,63,1.0952380952380953,0.03728006482184823,685,He's been begging for grandchildren.
497,5162,0,6,57,63,1.0952380952380953,0.03728006482184823,685,Actually my husband was first....the egg came along a little later.
1023,5162,2,2,59,63,1.0952380952380953,0.0491311385306282,685,"Get a grip Madge!  Ever since that Area 54 trip we took in the 80’s, you haven’t been the same.   You see eggstraterrestials every where."
1104,5162,1,4,58,63,1.0952380952380953,0.04361004475139291,685,As a seat of the pants investor he's been a good provider for us.
1195,5162,0,6,57,63,1.0952380952380953,0.03728006482184823,685,Leave it to Ralph to take surrogacy to new levels.
1420,5162,0,6,57,63,1.0952380952380953,0.03728006482184823,685,It's Danish
1424,5162,0,6,57,63,1.0952380952380953,0.03728006482184823,685,Edward's hoping for an Eagle.
1557,5162,0,6,57,63,1.0952380952380953,0.03728006482184823,685,That wire skipping rope is a bit too strong Mr Atlas
981,5162,0,6,57,63,1.0952380952380953,0.03728006482184823,685,"(whispering) ""Shall we call his 'Broken English' as Egglish?"""
1582,5162,1,4,58,63,1.0952380952380953,0.04361004475139291,685,He is afraid to move until it's mother returns.
2623,5162,1,4,58,63,1.0952380952380953,0.04361004475139291,685,"He watched all episodes of ""Game of Thrones""."
2283,5162,0,6,57,63,1.0952380952380953,0.03728006482184823,685,"Look at that!  Reminds me so much of that 1970  Classic Rock song by BLOODROCK, ""Melvin Laid An Egg!"""
1976,5162,0,6,57,63,1.0952380952380953,0.03728006482184823,685,I thought looking after the grandkids would start after they were born
1910,5162,1,4,58,63,1.0952380952380953,0.04361004475139291,685,It has become somewhat noticeable. Has he tried Preparation H?
2455,5162,1,4,58,63,1.0952380952380953,0.04361004475139291,685,Al's cutting out the middle hen.
1855,5162,0,6,57,63,1.0952380952380953,0.03728006482184823,685,Just brood it for five days and leave it marinating overnight
1844,5162,0,6,57,63,1.0952380952380953,0.03728006482184823,685,I always thought my husband looked like a penguin
1673,5162,0,6,57,63,1.0952380952380953,0.03728006482184823,685,All right Stan that's enough blaming your chair for the sulfur smell!
1877,5162,0,6,57,63,1.0952380952380953,0.03728006482184823,685,I told him not to eat that balloon!
4825,5205,0,6,58,64,1.09375,0.036723103212062694,685,He thinks it is his pet rock all grown up.
3975,5205,0,6,58,64,1.09375,0.036723103212062694,685,"No Charlie it's a hemorrhoid! But will he see a Doctor? No, of course not!"
2951,5205,0,6,58,64,1.09375,0.036723103212062694,685,I've been trying this new form of Eggsercising
3772,5205,0,6,58,64,1.09375,0.036723103212062694,685,No wonder she left him.  How long do you think he'll take to hatch it?
343,5205,1,4,59,64,1.09375,0.0429490169335173,685,You’ve got egg in your place.
564,5205,0,6,58,64,1.09375,0.036723103212062694,685,BE PATIENT! New Mexico is 1981 miles away !  The Hatch Chiles will be here tomorrow!
655,5205,1,4,59,64,1.09375,0.0429490169335173,685,Have you hatched any other good eggs lately?
902,5205,1,4,59,64,1.09375,0.0429490169335173,685,"Based on my experience with George, the egg definitely came first."
927,5205,1,4,59,64,1.09375,0.0429490169335173,685,He’s supposed to be BB-8.
1539,5205,2,2,60,64,1.09375,0.048380262520859696,685,He got Humpty Dumpty backwards.He also thinks he’s Rapunzel
3299,5205,0,6,58,64,1.09375,0.036723103212062694,685,Ever since George saw 'March of the Penguins' he says he has found his true calling.
4040,5216,0,6,59,65,1.0923076923076922,0.03618247638889766,685,I think they fired Smokey.
3460,5216,1,4,60,65,1.0923076923076922,0.04230769230769232,685,"I tried to explain what a metaphor is, but Harold's been warming that damn thing with his keister for a year and a half."
5050,5216,1,4,60,65,1.0923076923076922,0.04230769230769232,685,dude your man's got a body like Kirby Puckett but his stick don't hit hahaha this sweet and thoughtful little boy right here voted for Nader—twice—and would again haha god damn dude get this soft baby boy some rich chocolaty Ovaltine
4181,5216,1,4,60,65,1.0923076923076922,0.04230769230769232,685,The Ping ball boss and tea discussion.
2499,5216,0,6,59,65,1.0923076923076922,0.03618247638889766,685,It's a miracle !
4222,5216,1,4,60,65,1.0923076923076922,0.04230769230769232,685,Have you seen the price of chicken?
1430,5216,0,6,59,65,1.0923076923076922,0.03618247638889766,685,He got tired on always ending up with egg on his face.
678,5216,2,2,61,65,1.0923076923076922,0.04765196805139949,685,"Yes, George gives a whole new meaning to the process of ""hatching a new existence,"" in his futile efforts to remove himself from our relationship."
1640,5216,0,6,59,65,1.0923076923076922,0.03618247638889766,685,"Sis, I know you always told him to grow a pair, but this has gone too far."
4802,5225,1,4,61,66,1.0909090909090908,0.04168520460680058,685,"After watching Planet Earth, Ed's paternal instincts are finally kicking in. He's waiting for Mabel to come back from the grocery store."""
3631,5225,0,6,60,66,1.0909090909090908,0.03565747911603346,685,It's funny because it's bigger than a normal sized egg.
1730,5225,0,6,60,66,1.0909090909090908,0.03565747911603346,685,"Next time, try the non-GMO brand."
1301,5225,1,4,61,66,1.0909090909090908,0.04168520460680058,685,At last!  Herbert is no longer full of hot air.
1297,5225,1,4,61,66,1.0909090909090908,0.04168520460680058,685,Ergonomic?  It looks more eggonomic to me.
872,5225,1,4,61,66,1.0909090909090908,0.04168520460680058,685,LIKE BON AMI HAS NOT SCRATCHED YET!
670,5225,0,6,60,66,1.0909090909090908,0.03565747911603346,685,The pasteurized posture chair
344,5225,1,4,61,66,1.0909090909090908,0.04168520460680058,685,"""Ever serve time, Doc?"""
265,5225,1,4,61,66,1.0909090909090908,0.04168520460680058,685,I'll take mine over easy.
671,5225,1,4,61,66,1.0909090909090908,0.04168520460680058,685,"And where does Humpty-Dumpty sit?""  --Gerard Black Laurelton, N"
2378,5235,2,2,63,67,1.0895522388059702,0.046259172369432645,685,"George, this is not the way to get your new 'big' idea."
3022,5235,0,6,61,67,1.0895522388059702,0.03514744598911431,685,"Ever since the chickens moved to the larger package, we simply have no room left in the fridge."
3671,5235,0,6,61,67,1.0895522388059702,0.03514744598911431,685,I said you have egg on your face.
4121,5235,1,4,62,67,1.0895522388059702,0.04108073750471496,685,"He was in there for 40 hours, and that’s just the part BEFORE they did the episiotomy."
2066,5235,1,4,62,67,1.0895522388059702,0.04108073750471496,685,Death definitely feels like the worst life has to offer!
4522,5235,1,4,62,67,1.0895522388059702,0.04108073750471496,685,"The last three he hatched...well, let’s just say, they’re still living with us...so, on to the next.  We need some return from that gen."
111,5235,1,4,62,67,1.0895522388059702,0.04108073750471496,685,"Good job,, Phil. Now show Al here how you can roll onto his lap."
433,5235,1,4,62,67,1.0895522388059702,0.04108073750471496,685,"The question we've been asking is, which came first, the old man or the egg?"
3710,5235,1,4,62,67,1.0895522388059702,0.04108073750471496,685,N hnknn
4646,5244,1,4,63,68,1.088235294117647,0.04049352107666846,685,"Okay, so you always said he was a big chicken, Ma."
3900,5244,1,4,63,68,1.088235294117647,0.04049352107666846,685,"Jack, wben are you going to pawn that thing?"
2947,5244,0,6,62,68,1.088235294117647,0.03465174867755203,685,"Listen ladies, I'm just trying to get laid."
4213,5244,1,4,63,68,1.088235294117647,0.04049352107666846,685,"We haven’t met deductible yet, so will probably wait until 2020."
404,5244,1,4,63,68,1.088235294117647,0.04049352107666846,685,« It’s just his way of promoting universal balance »
1499,5249,1,5,75,81,1.0864197530864197,0.03599353021509445,685,Mork & Manny: The Prequel.
2629,5250,0,5,55,60,1.0833333333333333,0.03598231413236438,685,There is something growing inside.
2905,5250,0,5,55,60,1.0833333333333333,0.03598231413236438,685,"You don't look eggsactly comfortable, Henry!"
2533,5250,0,5,55,60,1.0833333333333333,0.03598231413236438,685,I'm getting cancelled for this one
5087,5250,1,3,56,60,1.0833333333333333,0.04312422383919018,685,"And this is the nest egg I’m left with when he sold the house and cashed in the 401K. Sit still, you putz."
2743,5250,0,5,55,60,1.0833333333333333,0.03598231413236438,685,"You will just have to excuse my husband, Mildred! Ever since he  starting watching nature documentaries in how mother hens incubate their bundles of joy, he just has not been the same since!__Paul Haidet, Hallandale Beach, Florida"
2392,5250,0,5,55,60,1.0833333333333333,0.03598231413236438,685,I'm assuming you never hemorrhoid looked at.
2853,5250,0,5,55,60,1.0833333333333333,0.03598231413236438,685,The lady at the store said it was ergonomic
3001,5250,0,5,55,60,1.0833333333333333,0.03598231413236438,685,Marvin believes in egguality for all.
4332,5250,0,5,55,60,1.0833333333333333,0.03598231413236438,685,"The nest egg is proving difficult to crack!"""
3633,5250,0,5,55,60,1.0833333333333333,0.03598231413236438,685,"Sam, I hate to be the one to tell you this, but . .as creative as it is . .A Virgin Werewolf In Gay Constantinople isn't going to fly. ."
4025,5250,0,5,55,60,1.0833333333333333,0.03598231413236438,685,"Oh Jack, the TV is in that direction. Now twist."
4028,5250,0,5,55,60,1.0833333333333333,0.03598231413236438,685,"He has always been an expert in hatching eggs, this one he found on an island in one of his expeditions. He thinks he can do it!"
4391,5250,0,5,55,60,1.0833333333333333,0.03598231413236438,685,We lost the nest.
4431,5250,0,5,55,60,1.0833333333333333,0.03598231413236438,685,You know I was it is eggcellent for your back
4497,5250,0,5,55,60,1.0833333333333333,0.03598231413236438,685,It won't be long before he hatches this one.
2165,5250,0,5,55,60,1.0833333333333333,0.03598231413236438,685,He always wanted a boy.
4754,5250,0,5,55,60,1.0833333333333333,0.03598231413236438,685,The bathroom is to the left.
3360,5250,0,5,55,60,1.0833333333333333,0.03598231413236438,685,"Oh, Roy will never give the care of his nest egg to anyone else."
2164,5250,0,5,55,60,1.0833333333333333,0.03598231413236438,685,He's hatching another idea
1262,5250,0,5,55,60,1.0833333333333333,0.03598231413236438,685,This is Irvin's plan for our nest egg.
1861,5250,0,5,55,60,1.0833333333333333,0.03598231413236438,685,"Well, more often than me I tell you."
272,5250,0,5,55,60,1.0833333333333333,0.03598231413236438,685,Turns out surrogacy is Fred's ideal career. Matches his skill set perfectly!
416,5250,0,5,55,60,1.0833333333333333,0.03598231413236438,685,It's a rare giant tortoise egg from the suborder Republicandira and family M. McConnellasauria.
459,5250,0,5,55,60,1.0833333333333333,0.03598231413236438,685,"I’m worried about which end to break,” he asked Swiftly"
604,5250,0,5,55,60,1.0833333333333333,0.03598231413236438,685,He claims our nest egg is not a big family yoke.
626,5250,1,3,56,60,1.0833333333333333,0.04312422383919018,685,The doctor says this model will fix both his posture and egocentrism.
672,5250,0,5,55,60,1.0833333333333333,0.03598231413236438,685,Are you a chicken?
14,5250,1,3,56,60,1.0833333333333333,0.04312422383919018,685,At which point does the T-Rex supposed to come out?
795,5250,1,3,56,60,1.0833333333333333,0.04312422383919018,685,"My Horton is certain Dr. Seuss had him in mind when he wrote that book.  He's now out to prove it to skeptical me""
Murray Block, Albany, N.Y"
892,5250,0,5,55,60,1.0833333333333333,0.03598231413236438,685,"I told him too much Panax Ginseng was no cure for his ED, now look at him."
1149,5250,0,5,55,60,1.0833333333333333,0.03598231413236438,685,"I'm not mad,I'm just brooding"
1328,5250,0,5,55,60,1.0833333333333333,0.03598231413236438,685,"Ok, we know you are dying to tell us what hair-brained scheme you're about to hatch."
1367,5250,0,5,55,60,1.0833333333333333,0.03598231413236438,685,I told him...a condo in Florida does not a snowbird make...
1723,5250,0,5,55,60,1.0833333333333333,0.03598231413236438,685,I married him when he was on the bubble.
1755,5250,1,3,56,60,1.0833333333333333,0.04312422383919018,685,He said what he meant and he meant what he said...
889,5250,0,5,55,60,1.0833333333333333,0.03598231413236438,685,The doctor said it would be better for his back.
1971,5250,0,5,55,60,1.0833333333333333,0.03598231413236438,685,"We guessed ""Sitting on top of the world"" and ""Goose who laid the golden egg.""  I think he's passed a kidney stone."
3666,5287,0,5,58,63,1.0793650793650793,0.034329114781078834,685,Sidney’s making his “Jumbo S’more” for the neighborhood potluck.
4343,5287,0,5,58,63,1.0793650793650793,0.034329114781078834,685,Norman is sitting on our nest egg until Trump is gone.
3840,5289,0,4,53,57,1.0701754385964912,0.034134933513474304,685,I think he's trying to prove he's not sexist.
4099,5289,0,4,53,57,1.0701754385964912,0.034134933513474304,685,"Arthur, what did we say about watching your cholesterol levels?"
4098,5289,0,4,53,57,1.0701754385964912,0.034134933513474304,685,Listen alright? Just gimme half a year and I'll be out of your hair. Sesame street is gonna eat this up...
3334,5289,0,4,53,57,1.0701754385964912,0.034134933513474304,685,He told me he was sitting on a big nest egg.
3128,5289,0,4,53,57,1.0701754385964912,0.034134933513474304,685,I thought you said Ben Brantley was talking about his newest Broadway show?
3578,5289,0,4,53,57,1.0701754385964912,0.034134933513474304,685,"I said, go have a ball. Have a ball, I said."
2615,5289,0,4,53,57,1.0701754385964912,0.034134933513474304,685,I thought you were bragging about how much you had in your bank account.
1586,5289,0,4,53,57,1.0701754385964912,0.034134933513474304,685,"Let me guess, Stanley's attempt at standup comedy isn't going well?"
550,5289,0,4,53,57,1.0701754385964912,0.034134933513474304,685,What are you hatching over there Harold?
533,5289,1,2,54,57,1.0701754385964912,0.04232918735352016,685,"Ever since taking Pilates, there’s been no living with Herman."
2944,5289,0,4,53,57,1.0701754385964912,0.034134933513474304,685,My doctor thinks this chair will help lower my FSA balance by December.
2573,5300,0,4,54,58,1.0689655172413792,0.033563052647743945,685,We got it at Ike
4435,5301,0,3,49,52,1.0576923076923077,0.032649026447198685,685,"If it hatches, I’m not playing nursemaid to a Tyrannosaurus."
797,5301,0,3,49,52,1.0576923076923077,0.032649026447198685,685,"................................................................................................................................................................................................................Well, he's about to hatch a big one . ."
3607,5301,0,3,49,52,1.0576923076923077,0.032649026447198685,685,Let’s open it.
4926,5301,0,3,49,52,1.0576923076923077,0.032649026447198685,685,You really should get that hydrocelectomy.
4179,5305,0,3,50,53,1.0566037735849056,0.03204557643805459,685,"Careful, this is a sticky situation."
3371,5305,0,3,50,53,1.0566037735849056,0.03204557643805459,685,He’s all over his retirement nest egg.
2291,5305,0,3,50,53,1.0566037735849056,0.03204557643805459,685,"That is NOT the way to hatch big ideas, Fred."
740,5305,0,3,50,53,1.0566037735849056,0.03204557643805459,685,"He’s better off his high horse, but I still find him a little hardboiled."
646,5305,0,3,50,53,1.0566037735849056,0.03204557643805459,685,He’s been incubating that darn egg for months now.
1620,5305,0,3,50,53,1.0566037735849056,0.03204557643805459,685,I've been sitting on this forever.
1846,5311,0,3,51,54,1.0555555555555556,0.031464006330825245,685,"Ever since Harold found his feminine side, it's competing, competing, competing for who's most nurturing."""
94,5312,0,3,52,55,1.0545454545454545,0.030903148567228995,685,I don’t think La-Z-Boy sells exercise balls—so I’m guessing you bought some sort of woman’s recliner.
273,5312,0,3,52,55,1.0545454545454545,0.030903148567228995,685,Harold won the goo-goo-ga-choob contest.
632,5312,0,3,52,55,1.0545454545454545,0.030903148567228995,685,It's his mid-life crisis. He wants to prove he's still young by possessing something really big.
2127,5312,0,3,52,55,1.0545454545454545,0.030903148567228995,685,I still don't think he came first!
247,5316,0,3,53,56,1.0535714285714286,0.030361917118846855,685,I love to lay but he's the one who wants children.
4216,5316,0,3,53,56,1.0535714285714286,0.030361917118846855,685,Watch its a hatch deal TV
4266,5316,0,3,53,56,1.0535714285714286,0.030361917118846855,685,I think it’s safe to safe he’s not an egghead.
2382,5319,0,3,54,57,1.0526315789473684,0.02983930050072848,685,Do it! Do it! (I just love a broken man...)
709,5320,0,3,55,58,1.0517241379310345,0.029334355490462056,685,I should have known better than to marry a man named Wall Street.
2900,5321,0,2,48,50,1.04,0.02799416848895062,685,John's a lawyer who clucks defiance.
2497,5321,0,2,48,50,1.04,0.02799416848895062,685,Hope you're not hatching another hare-brained scheme.
2241,5321,0,2,48,50,1.04,0.02799416848895062,685,"I know you think that seating surface is eggsceptional, but we do not."
2264,5321,0,2,48,50,1.04,0.02799416848895062,685,"It's always the ""bitchin' or the egg"" thing with him."
1062,5321,0,2,48,50,1.04,0.02799416848895062,685,"There's no compromise on Ground Rules when it comes to negotiating table. 'Equality is the foremost Benchmark'."""
484,5321,0,2,48,50,1.04,0.02799416848895062,685,Does he do this on the first day of spring every year?
1928,5321,0,2,48,50,1.04,0.02799416848895062,685,I think Albert is trying to tell something.
4354,5328,0,2,49,51,1.0392156862745099,0.027450980392156866,685,His doctor insisted it was good for his cholesterol.
4310,5329,0,2,50,52,1.0384615384615385,0.02692846315438478,685,he may be famous by Thanksgiving!
3,5330,0,2,51,53,1.0377358490566038,0.02642545929758075,685,"<< #quotes 4h _
& ibrar_writes

Insta « @ibrar_writes"
398,5331,0,1,47,48,1.0208333333333333,0.021053798026662972,685,He loves the movie “March of the Penguins”.
3966,5332,0,1,50,51,1.0196078431372548,0.019802950859533486,685,We did our DNA test and it came back chicken”...”that’s good because my husband has taken up the bagpipes
4521,5333,0,0,42,42,1.0,0.024098134635593994,685,"look Patty,he's sitting still for once!"
4358,5333,0,0,42,42,1.0,0.024098134635593994,685,"He can’t even crack my back, good luck with that."
3757,5333,0,0,42,42,1.0,0.024098134635593994,685,"Guest :Isn’t your husband going to join us for tea ?
Lady: Well , right now I’ve told him to be a mouthless egg-sitter. Once the egg hatches, he’ll get his mouthpiece. Then we can stuff him with biscuits & tea ....!"
3641,5333,0,0,42,42,1.0,0.024098134635593994,685,"Surely the walrus told you, of all people, the meaning of ‘goo goo g’joob.’"
2,5333,0,0,42,42,1.0,0.024098134635593994,685,"« #quotes 4h
& lasaretta79

° Ge conobbero. Lui conobbe

lei e se stesso, perche
in verita non s’era mai
saputo.

E lei conobbe lui e se
stessa , perchée pur
essendosi saputa sempre,
mai s’era potuta
riconoscere cosi.

Italo Calvino"
1113,5333,0,0,42,42,1.0,0.024098134635593994,685,Another of history’s failed products: The Poof Proof Pants
120,5333,0,0,42,42,1.0,0.024098134635593994,685,He says his design taste is 'egg-squisite'...
4804,5333,0,0,42,42,1.0,0.024098134635593994,685,"I don't know what's gotten in to him, last week he thought he was Superman."
1185,5333,0,0,42,42,1.0,0.024098134635593994,685,Henry doesn't trust that the bank will keep his nest egg safe.
4902,5333,0,0,42,42,1.0,0.024098134635593994,685,“He’s afraid to invest his lumpty-sumpty.”
