target_id,rank,funny,somewhat_funny,unfunny,count,score,precision,contest,caption
1514,1,6038,5161,3336,14535,2.1858961128310974,0.006480425776803235,686,It prints out his tweets. All the new uniforms have them.
1452,2,4396,4601,3783,12780,2.0479655712050078,0.00706405720396011,686,You can't imagine what it's like to have someone stare at your chest and never look you in the eye.
690,3,3912,4819,3634,12365,2.022482814395471,0.007022664290572614,686,"And this, I’m proudest of: a list of all the names the President has called me."
2493,4,2921,4132,3210,10263,1.9718405924193705,0.007624722873827857,686,After the budget cuts we only get a list of the medals
1211,5,1618,1600,1886,5104,1.9474921630094044,0.01157550935634081,686,I was stationed at CVS during the War on Drugs.
4010,6,3117,3630,3803,10550,1.9349763033175356,0.0078598980220992,686,"That, madam, is the price of freedom."
2119,7,1937,2657,2492,7086,1.9216765453005926,0.009346318264775626,686,"I got the blue one in Kosovo, and the long white one at Costco"
786,8,2463,3233,3270,8966,1.9099933080526432,0.008391656317018093,686,It’s the Paper Heart for bureaucratic valor.
298,9,2340,3289,3521,9150,1.870928961748634,0.008257834875533793,686,Oh this? It’s a list of all the bosses I’ve had since Trump became President.
2960,10,2591,3118,3824,9533,1.8706598132801846,0.008297075047903975,686,"Wait, if my grocery list is here, I must have left the nuclear codes in my cart."
1430,11,1418,2184,2280,5882,1.8534512070724243,0.010161267009885115,686,"Hopefully soon, China will start making our medals again."
1163,12,928,1188,1518,3634,1.8376444689047882,0.013342223038443011,686,"Yes, it's a receipt.  I'm General Store."
3679,13,2024,3157,3596,8777,1.8208955223880596,0.008325036421779609,686,I was in the merchant marines.
2561,14,1878,3295,3454,8627,1.817317723426452,0.008232977057140484,686,"Everybody has a price, but not everybody offers a detailed invoice."
1844,15,678,1323,1372,3373,1.7942484435220871,0.012949324798758901,686,This is a list of things I can’t comment on.
823,16,1383,2288,2919,6590,1.7669195751138087,0.009530492789248172,686,Live tweets. He likes your dress.
34,17,696,1538,1600,3834,1.7642149191444967,0.01190511413374507,686,We think it's always important to have a paper trail.
538,18,973,1065,1938,3976,1.7572937625754528,0.013014133965905492,686,I print out the Commander-In-Chief's tweets on toilet paper so I can properly deploy them.
3496,19,788,1380,1785,3953,1.7477864912724512,0.012190359216439213,686,That's the list of subpoenas I've been ordered to ignore.
3210,20,1184,2679,2986,6849,1.7368958972112718,0.008876951527113828,686,"Yes, I do know how much this war is going to cost us."
2990,21,764,1222,1784,3770,1.7294429708222812,0.012645134755589238,686,My resignation speech in case I'm overcome with moral courage.
3634,22,815,1421,1962,4198,1.7267746545974274,0.011824841386739891,686,The medals are for kicking ass. The paper is for taking names.
1908,23,853,1942,2384,5179,1.7043830855377486,0.010189729451339802,686,"They're for valor, loyalty, courage, and my wife's to dos."
3898,24,2087,2823,5124,10034,1.6973290811241777,0.007905595701178384,686,That one is for fighting high prices.
509,25,930,1566,2421,4917,1.6967663209273947,0.010951130938981684,686,"Came with the Uniform. It says ""Do Not Remove Under Penalty of Law."""
185,26,690,1562,1976,4228,1.695837275307474,0.011282165283166258,686,"And at the end of my service, I received an honorable surcharge"
1988,27,857,1573,2316,4746,1.692583227981458,0.010999165872226102,686,It was quid pro quo. I have the receipts.
1518,28,770,1668,2198,4636,1.6919758412424504,0.010846861781367038,686,"No, not Kosovo. Costco."
1551,29,673,1096,1769,3538,1.6902204635387224,0.012961929666346225,686,"Dear,when I said wear the President's insults as a badge of honor,I didn't mean literally."
3807,30,742,898,1839,3479,1.684679505605059,0.013591138450398013,686,And I got red tape coming out of my ass
3440,31,665,1518,1985,4168,1.6833013435700577,0.011336196924903473,686,My allowed responses to questions from the President.
2364,32,824,1921,2558,5303,1.6730152743729965,0.010005969596294647,686,"To make things easier, it's a list of topics the White House prohibits me from discussing."
2135,33,547,775,1476,2798,1.667977126518942,0.014801478003578405,686,"The medals are for service to my country. 
The receipt is for selling out my country to Donald Trump."
670,34,456,739,1291,2486,1.664119066773934,0.015407533192055331,686,Pardon me sir but your slip is showing.
3912,35,591,1219,1837,3647,1.6583493282149713,0.01227124744923048,686,Please read and initial the consent form and I'll buy you a drink.
1292,36,509,1128,1645,3282,1.6538695917123705,0.012787395575378183,686,The top one means I qualify as a 4-star general.  The bottom one means I qualify for a free caramel macchiato at Starbucks.
3084,37,599,1240,1973,3812,1.6395592864637984,0.011956295924132417,686,It's proof I'm a survivor - a list of all the Trump officials who resigned before me.
3065,38,468,820,1468,2756,1.637155297532656,0.014394128994087332,686,I need that to keep track of the President’s positions on foreign policy
1126,39,502,1077,1693,3272,1.636002444987775,0.012828970443636257,686,It's a running tab — on what that damned wall is costing us.
1642,40,276,536,907,1719,1.6329261198371146,0.017948438229355886,686,That's just his tweets since I got here.
1324,41,479,789,1522,2790,1.6261648745519712,0.014389096904844712,686,This?  It’s because the Army ran out of Purple Hearts and just gave me a receipt for my left arm.
219,42,410,840,1417,2667,1.6224221972253468,0.01426459812048211,686,My eyes are up here.
2844,43,434,904,1522,2860,1.6195804195804195,0.013733039420343101,686,I served in Black Friday.
2182,44,308,812,1188,2308,1.6187175043327557,0.014763030671679476,686,"Until Congress passes a budget, we are running a tab"
990,45,229,468,817,1514,1.6116248348745046,0.018892848511986447,686,I have trouble remembering the launch codes
3057,46,355,685,1270,2310,1.603896103896104,0.015385404023771095,686,That one's the Presidential Medal of Forced Resignation.
2739,47,355,572,1236,2163,1.5926953305594083,0.016232232579030576,686,Please do not push any more of them.
3721,48,139,424,631,1194,1.5879396984924623,0.019955890802039185,686,I may be a general in the army but at home I'm just a guy who picks up a few things at the store.
967,49,338,852,1411,2601,1.5874663590926568,0.013898667264191273,686,"They're notes for my testimony, resignation letter, book draft, and media interviews."
3294,50,307,648,1200,2155,1.585614849187935,0.015650383057094833,686,"Excuse me, I appear to have a fax coming in."
2045,51,413,790,1557,2760,1.5855072463768116,0.014015523330001197,686,I served in the Grocery Isles.
3364,52,375,792,1480,2647,1.5825462788061957,0.014106357444143763,686,"Yes ma'am, decorated for distinguished service by both C.I.A. and CVS."
2366,53,175,435,760,1370,1.572992700729927,0.019113793989375707,686,"To be precise, ma'am, freedom costs $686,175,309.43"
3822,54,343,413,1170,1926,1.5706126687435098,0.017672231641288665,686,It’s your receipt for buying my whole line of crap.
479,55,254,605,1093,1952,1.5701844262295082,0.016093652870419816,686,That's a list of the medals I think I deserve.
3016,56,146,336,622,1104,1.568840579710145,0.02149772233203837,686,"He asked for a favor, pinned the list on me and left!"
1752,57,250,637,1117,2004,1.5673652694610778,0.015719758046727143,686,"And in addition to the medals, I have 27 Presidential tweets."""
2532,58,135,302,575,1012,1.565217391304348,0.022515960068535845,686,Only MacArthur could get away with I shall return and not have a receipt.
1206,59,107,285,498,890,1.560674157303371,0.02339969342183707,686,... just things I need to get off my chest!
1628,60,214,588,1012,1814,1.5600882028665932,0.01631075897232128,686,I did three tours in Afghanistan and one Black Friday at Target.
1595,61,109,310,524,943,1.559915164369035,0.022516501791532816,686,I got that one during a price war.
552,62,131,288,564,983,1.5595116988809765,0.022855906222456656,686,You can call me Bill.
2321,63,252,462,1032,1746,1.5532646048109966,0.0175231762322293,686,I was wounded at the battle of CVS.
218,64,217,497,969,1683,1.5531788472964942,0.017328141289931435,686,A list of questions my Commander In Chief  has ordered me not to answer.
1547,65,257,388,990,1635,1.5516819571865443,0.018540736584298962,686,Dunno - not my jacket.
415,66,169,426,807,1402,1.5449358059914409,0.018683756429878892,686,Lockheed won't take back the F-35 without a receipt.
2020,67,144,377,706,1227,1.5419722901385493,0.019847648791072536,686,I told you not to push that button.
3185,68,193,403,860,1456,1.5418956043956045,0.018783531729189135,686,For receiving tweets under fire
3800,69,154,483,824,1461,1.541409993155373,0.01773279067492136,686,It's a record of everything I said in case I'm ever called to a congressional hearing.
2779,70,130,281,593,1004,1.5388446215139442,0.022493052850294792,686,"The survey is circled at the bottom. And, I'd really appreciate receiving a five-star general rating."
3966,71,144,396,734,1274,1.5368916797488226,0.019310556978961044,686,That's a medal for reducing paper waste.
781,72,154,348,728,1230,1.5333333333333334,0.020155929839438702,686,Our commendations now include the number of times we’ve stayed at a Trump resort.
839,73,166,361,774,1301,1.5326671790930053,0.01969227048849337,686,This one says you’re a ‘Dollar General’?
3701,74,154,336,722,1212,1.5313531353135315,0.020383247793845868,686,"Some from Vietnam, to remember courage under fire. Others from my wife, to remember coleslaw and butter."
3557,75,121,276,579,976,1.5307377049180328,0.022577638430444864,686,My new rank is Dollar General.
3643,76,158,333,735,1226,1.5293637846655792,0.020341704314427052,686,"It's my Yellow Ribbon, listing all the times I should have resigned on principle and didn't."
1302,77,152,310,707,1169,1.525235243798118,0.0208840263970604,686,He makes us display a list of everything we have done for Putin lately.
2746,78,126,329,652,1107,1.5248419150858175,0.020767923601147622,686,We are now supposed to leave a paper trail.
3650,79,84,272,493,849,1.5182567726737337,0.022973183426161378,686,I've paid my dues.
884,80,141,265,651,1057,1.5175023651844843,0.02211553848910284,686,"Oh, I didn’t realize when your bought and paid for by a political party you get a receipt."
3659,81,110,203,505,818,1.517114914425428,0.025195823879283163,686,And don’t forget your transcript of this conversation.
245,82,119,233,562,914,1.5153172866520788,0.023638368336851213,686,What list? There's no list.
1567,83,120,250,586,956,1.5125523012552302,0.022901758428059044,686,They’re launch codes. I keep forgetting them.
4022,84,53,102,251,406,1.5123152709359606,0.03551845557286836,686,You must be the father of the bride?
3247,85,128,219,581,928,1.511853448275862,0.023814311433466843,686,"Yes, they’re the nuclear codes. I figure I better keep them handy since he’s already given them to Putin and Kim Jong-un."
3442,86,111,270,582,963,1.5109034267912773,0.022346978156879683,686,It's the Commander-in-Chief's way of reminding us that we can be returned and exchanged at any time.
710,87,118,242,576,936,1.5106837606837606,0.023171589865445385,686,It's my Purple Heart monitor.
1195,88,102,262,552,916,1.5087336244541485,0.022727445371136877,686,...Just another Pentagon snafu.  I’m told a mattress company got the uniform contract.
1182,89,100,262,547,909,1.5082508250825082,0.02275017369555801,686,Looks like your ticker has a tape!
3771,90,111,253,571,935,1.5080213903743316,0.022843120415044597,686,I earned that one during the Black Friday offensive.
1391,91,163,141,616,920,1.507608695652174,0.0256427692463547,686,"Obliterated first dates. If you see your name, ADIOS."
1492,92,104,271,569,944,1.507415254237288,0.022331826958106028,686,I fought in the trade war.
2247,93,109,223,538,870,1.506896551724138,0.023999596041335558,686,Yes. I am that General Mills.
3631,94,100,250,539,889,1.5061867266591675,0.023126502944304333,686,I can be bought.
853,95,108,259,573,940,1.5053191489361701,0.02260365876255063,686,That one's from my wife.  I have to stop at the store on the way home.
1984,96,72,224,433,729,1.50480109739369,0.02479331634229482,686,We're getting away from 'brass' and moving to something more sustainable.
2138,97,85,223,476,784,1.5012755102040816,0.024417481849731932,686,I was dishonorably mischarged.
2717,98,89,212,478,779,1.5006418485237485,0.024799910400910515,686,Courage. Valor. Savings.
1033,99,96,210,499,805,1.4993788819875777,0.024649506544025004,686,It's the receipt for selling my soul.  All sales final.
3680,100,80,221,463,764,1.4986910994764397,0.02453826205709172,686,"Everybody always talks about the cost of war, but never the savings!"
1757,101,95,215,505,815,1.4969325153374233,0.024362118278070246,686,It’s for the battle of CVS...there’s three feet more pinned to my back.
2991,102,104,193,511,808,1.4962871287128714,0.02507515239948851,686,I earned that for purchasing one item at CVS.
1439,103,100,190,499,789,1.494296577946768,0.025276463630443398,686,The classified part is unfurling down my pant leg.
576,104,69,238,455,762,1.4934383202099737,0.023799957667423828,686,Yes ma'am. Thirty-seven honorable mentions.
2080,105,81,217,472,770,1.4922077922077923,0.024466449305038364,686,"After Iraq, I served two tours in Walmart"
180,105,92,195,483,770,1.4922077922077923,0.025214304371524363,686,"Hello, my name is General Store."
880,107,81,202,460,743,1.4899057873485868,0.025112498905302746,686,A lot of good men never made it out of that drugstore.
142,108,53,109,277,439,1.489749430523918,0.03349343234862114,686,That one's a receipt from my tour of duty at Mar-a-Lago.
1393,109,72,216,449,737,1.4884667571234735,0.024596020996416657,686,I was honorably discounted.
2595,110,79,188,445,712,1.4859550561797752,0.025757520494859173,686,It's the CVS Distinguished Service Award.
969,111,64,208,421,693,1.4848484848484849,0.02505700484400716,686,It’s from the budget wars.
559,112,69,203,432,704,1.484375,0.025181519862786213,686,"Oh, it’s the wages of war."
482,113,69,199,429,697,1.4835007173601147,0.025362859910913443,686,"Oh that, it's just General information."
4064,114,57,186,380,623,1.4815409309791332,0.02637366953237298,686,I prefer not to wear a full medal jacket.
2911,115,68,187,417,672,1.4806547619047619,0.025954411314505862,686,That one cost an arm.
3561,116,61,188,397,646,1.479876160990712,0.02607233587711936,686,I hate having to wear disclaimers.
802,117,67,185,413,665,1.4796992481203008,0.026064437032452807,686,We’re all about accountability.
3258,118,67,173,401,641,1.4789391575663027,0.02676882523484817,686,Don’t worry. Mexico is paying for it.
2509,119,75,162,416,653,1.4777947932618682,0.027110769259468395,686,Were you subpoenaed or are you just here for the party?
2935,120,57,166,370,593,1.4721753794266441,0.027307948041802022,686,"People thank me for my service, so I let them know what it costs."
736,121,59,169,381,609,1.471264367816092,0.02699093799463471,686,I like to keep my list of Democratic presidential candidates up to date
2214,121,86,115,408,609,1.471264367816092,0.029569400883314664,686,It's a list of every day I kept myself from punching the face of that idiot draft dodging con artist currently sitting in the Oval Office.
1316,123,56,171,375,602,1.4700996677740863,0.026908128708938186,686,Those are the subpoenas.
2639,123,61,161,380,602,1.4700996677740863,0.02741690751537705,686,Our uniforms now print out the transcript of all conversations
2766,125,76,126,391,593,1.4688026981450253,0.029216991821217488,686,It's the highest badge of honor...all the Presidential insults tweeted at me.
313,126,75,183,453,711,1.4683544303797469,0.025452773778903613,686,"Groceries. She said ""I'll give you a medal if you remember everything for once""."
1959,127,55,157,359,571,1.4676007005253942,0.027833930094119753,686,"No, I wasn't at Midway. It was Safeway."
686,128,49,172,358,579,1.4663212435233162,0.02689602823754807,686,I'm in the merchant marines.
549,129,58,152,365,575,1.4660869565217391,0.02801782147870505,686,"The App is built-in to the jacket, it creates a printout of all the presidents' tweets, in case I'm subpoenaed."
2200,130,59,139,354,552,1.4655797101449275,0.028974717046556093,686,"Eyes up here, young lady."
291,131,60,146,366,572,1.465034965034965,0.02833894352300702,686,Oh that? Those are my pardons.
260,132,62,141,367,570,1.4649122807017543,0.02862743874089891,686,"Nobody cares much about the medals, but they love asking about the receipt."
1732,133,50,162,352,564,1.4645390070921986,0.02750900006192063,686,‘’It’s for meritorious paperwork.”
2716,134,59,133,352,544,1.4613970588235294,0.029276782221320664,686,So what happens if I push the second star?
3988,135,76,181,466,723,1.4605809128630705,0.02520501167479713,686,It's my letter of resignation.   My proudest achievement.
719,136,55,138,347,540,1.4592592592592593,0.028959824251573126,686,WARNING: Appointed by the president and may be removed at any time...
760,136,69,110,361,540,1.4592592592592593,0.030575668707030747,686,It's a receipt for selling out.
2933,138,56,147,362,565,1.4584070796460178,0.02813657539485499,686,"Just a FAX ma'am, just a FAX"
3255,139,48,146,335,529,1.4574669187145557,0.028526483480254484,686,That is a record of the things for which I have plausible deniability.
746,140,54,138,346,538,1.4572490706319703,0.028913144590251034,686,The price for freedom keeps going up.
3796,141,53,132,337,522,1.4559386973180077,0.029425847325058693,686,I served in many conflicts of interest.
3471,142,50,134,330,514,1.4552529182879377,0.02937126162553957,686,It’s my unredacted testimony.
2490,143,51,121,319,491,1.4541751527494908,0.030493873285953932,686,"I see you served in Turkey. No, wait—you bought a turkey."
3887,144,56,116,331,503,1.4532803180914513,0.030613946488088902,686,"Under Trump I am now officially, ""Leader guy of huge bombs and of winning bigly."""
3841,145,56,116,332,504,1.4523809523809523,0.030566378198847576,686,I'm in charge of arms. This is the receipt for my left one.
957,146,48,131,323,502,1.452191235059761,0.02959977146145809,686,"No, I'm just General Merchandise."
3674,146,50,127,325,502,1.452191235059761,0.029867221441882617,686,Just keeping abreast of presidential tweets.
2159,148,41,141,313,495,1.4505050505050505,0.028921463375624106,686,"They say ‘dress for the job you want’, so I’ve pinned a list of jobs I’d rather have."
734,149,43,136,314,493,1.4503042596348885,0.029285964758346324,686,If you’re truly thankful for my service please visit the website below and vote. A five star rating would be appreciated.
1244,150,42,127,300,469,1.4498933901918976,0.03019147603093027,686,And then it shreds itself.
2568,150,53,105,311,469,1.4498933901918976,0.03180812268024101,686,Oh that one’s my subpoena
553,152,49,119,316,484,1.4483471074380165,0.030516984970731322,686,Black Ops Friday.
2361,153,51,116,320,487,1.4476386036960986,0.03065485109847668,686,That ribbon must have been from the battle of CVS.
988,154,46,121,309,476,1.4474789915966386,0.03045337608457831,686,"Yup, every time he tweets."
1789,155,41,130,304,475,1.4463157894736842,0.029758152607280153,686,It's the price of freedom.
1059,156,38,132,297,467,1.4453961456102784,0.029653192781776343,686,My unit came under heavy fire at CVS.
1333,156,55,98,314,467,1.4453961456102784,0.03217990128038974,686,My marching orders come from a stable genius with bone spurs.
2729,156,41,126,300,467,1.4453961456102784,0.03011449126387258,686,"Not only can I tell you the cost of war, I have it itemized."
2782,159,43,121,301,465,1.4451612903225806,0.03051070164430353,686,"For Bravery, Battle of the Red Tape."
3118,160,54,99,313,466,1.444206008583691,0.03208344922780456,686,"Oh, the receipt? I work as a cashier. They call me the Dollar General."
4017,161,35,128,283,446,1.4439461883408071,0.030123664326554157,686,"Ukraine Meddling Medal, Maam."
2450,162,55,93,310,458,1.443231441048035,0.03264261767092988,686,"I can see you spent and arm and a...oh, my bad."
478,163,49,104,303,456,1.4429824561403508,0.031853417033185595,686,That's my presidential pardon.
3307,164,33,131,283,447,1.4407158836689038,0.029727325845647416,686,I got that one for contempt of Congress.
1641,165,54,88,303,445,1.4404494382022472,0.03319171582724265,686,"Its my ticker tape of Trumps tweets, so I know if I get fired or not."
1585,166,54,83,297,434,1.4400921658986174,0.03381989307868215,686,My name is first - I'm your wife - but who are others
878,167,38,119,287,444,1.4391891891891893,0.03069816710801566,686,"Yes, I've been cashiered."
1851,167,40,115,289,444,1.4391891891891893,0.031027630061658627,686,I know the cost of war. That's the receipt.
2694,167,49,97,298,444,1.4391891891891893,0.03246886913298393,686,"That makes you the 1,776,846th person to thank me for my sacrifice.”"
657,170,43,106,289,438,1.4383561643835616,0.03182284592662137,686,"Actually, I think my CVS ExtraCare Points ARE something to be worn with pride."
303,171,40,109,283,432,1.4375,0.03163300778307593,686,"Special commendations for every time I've talked us out of another war in the last month."""
3852,171,48,93,291,432,1.4375,0.032963312666570876,686,I work retail now. The chain of command is more stable.
1648,173,49,92,294,435,1.4367816091954022,0.032953353129173794,686,I got my badges from Trump Military Academy
1380,173,50,90,295,435,1.4367816091954022,0.03311370205679693,686,My last tour of duty was at CVS.
3640,173,38,114,283,435,1.4367816091954022,0.03113505880037571,686,"Battle of Black Friday, '17, Walmart. Still have nightmares."
1043,176,37,96,257,390,1.435897435897436,0.03346465161187289,686,It’s our latest attempt at military spending transparency.
349,177,44,146,347,537,1.4357541899441342,0.027648710749258627,686,I got tired of explaining each one.
105,178,33,120,274,427,1.4355971896955504,0.030658616368684655,686,Everyone has his price. Mine is a matter of record.
1515,178,42,102,283,427,1.4355971896955504,0.032232051434435,686,That's why they call me 'The Dollar General'.
2963,178,44,98,285,427,1.4355971896955504,0.03257138318133528,686,"Please no 'General Store' jokes, ma'am."
1051,181,42,101,282,425,1.4352941176470588,0.032340326468159146,686,It's the terms of my required loyalty pledge to the President.
2015,182,38,106,275,419,1.4343675417661097,0.031964267902998215,686,"In times like these, it's always best to save the receipts."
1767,183,44,96,284,424,1.4339622641509433,0.03273166883633446,686,It was a hard fought battle at CVS.
362,184,46,90,284,420,1.4333333333333333,0.03329922109516331,686,These are all the war crimes President Trump has praised me for.
1817,184,48,86,286,420,1.4333333333333333,0.03363878685698974,686,There was an executive order to wear the president's tweets.
2905,186,41,99,278,418,1.4330143540669857,0.032545307730277,686,"That’s correct, the price of freedom is now in Rubles."
3854,187,48,83,283,414,1.432367149758454,0.033995792915158085,686,That's for 'Courage during Presidential Tweet.'
1327,188,30,112,257,399,1.431077694235589,0.03152830966920585,686,The list explains what they're all for so I can drink while people read.
363,189,36,105,270,411,1.4306569343065694,0.032020344942310354,686,"As you can see, the cost of war adds up."
3276,189,45,87,279,411,1.4306569343065694,0.03364700694948333,686,It’s the receipt for the price of my integrity and self esteem that each commendation exacted.
11,191,43,90,276,409,1.430317848410758,0.033409716885444654,686,"What, this? Just the price of freedom, little lady."
3787,191,35,106,268,409,1.430317848410758,0.03194256265288927,686,That's for my service in the General Accounting Office.
304,191,44,88,277,409,1.430317848410758,0.03358860545716422,686,So it takes 2000 reward points to become a General?”
1474,194,37,101,269,407,1.42997542997543,0.03242705878439396,686,Trump's Twitter feed.
1878,195,36,98,263,397,1.4282115869017633,0.03280669682713432,686,"You, of all people, would know not to stare at a person's chest."
895,196,37,95,263,395,1.4278481012658228,0.03311784356795061,686,"Oh, I see you’re bought and paid for."
837,197,35,101,264,400,1.4275,0.03243438527814158,686,"No, I'm supposed to stop by the grocery store on the way home."
2078,198,43,79,264,386,1.427461139896373,0.03484794582017326,686,I realize that wearing a copy of the Constitution might seem strange - but we have to consider our current environment.
196,199,44,78,268,390,1.4256410256410257,0.03476368139150757,686,We lost a lot of good men at CVS.
926,199,36,94,260,390,1.4256410256410257,0.033212184075632416,686,"In this administration, we keep the receipts."
2472,201,39,87,262,388,1.425257731958763,0.0339266773296965,686,Kindly consult this list of topics that I'm at liberty to chat about without having to make you disappear.
2908,202,33,96,253,382,1.4240837696335078,0.03308350982361233,686,...and this one I got when I spent more than half of the federal budget.
2511,203,40,81,260,381,1.4225721784776904,0.034564154147535615,686,"If Trump orders me to betray my oath or my country, this lets me know a few minutes in advance."
3915,203,33,95,253,381,1.4225721784776904,0.03313581616504549,686,"I am the very model of a modern Major-General,
I've information vegetable, animal, and mineral..."
2686,203,40,81,260,381,1.4225721784776904,0.034564154147535615,686,The traditional ribbons all were made in China. This print out is all the Pentagon can afford now since Trump reallocated those funds to the wall.
1529,206,31,98,250,379,1.4221635883905013,0.03283475879304666,686,"No Ma'am, I'm not the Whistleblower. I keep the running tab on White House dismissals."
2010,207,24,102,230,356,1.4213483146067416,0.03265894494121203,686,It's a tear off resume' - just in case.
356,208,34,90,251,375,1.4213333333333333,0.03371573875521436,686,It’s an updated list of pardonable war crimes.
337,209,32,91,246,369,1.4200542005420054,0.033664360087873275,686,It's the full transcript
2583,210,41,116,315,472,1.4194915254237288,0.02976365497185981,686,"Proud of that one. Security Guard, Walmart, Black Friday."
3406,211,29,97,244,370,1.4189189189189189,0.03293183462602697,686,"That's a recent one. It keeps a running log of my statements found contrary to those of the Administration."""
3933,211,39,77,254,370,1.4189189189189189,0.03508551956579793,686,It’s the itemized request list Trump had me bring to the Ukraine!
1370,213,33,88,247,368,1.4184782608695652,0.03393783514489123,686,I got it for the Battle of CVS.
2872,214,36,81,249,366,1.4180327868852458,0.034720121182542536,686,Black Friday. Walmart. 2017.
1078,214,32,89,245,366,1.4180327868852458,0.033846744201180064,686,This one is from the price wars.
2249,214,30,93,243,366,1.4180327868852458,0.033401492961617076,686,"Yes, I am with accounting. How did you guess?"
2857,214,37,79,250,366,1.4180327868852458,0.03493505396314738,686,What paper trail? It was a perfect paper trail! I don’t even know that paper trail.
1501,218,38,94,275,407,1.4176904176904177,0.032542405809080535,686,"It’s the latest technology. Every time Trump tweets about the military, it prints it out."
3035,219,35,81,246,362,1.4171270718232045,0.03477279811833611,686,It's a list of instructions from the President on how to do my job.  He pinned it on himself.
2229,219,36,79,247,362,1.4171270718232045,0.03499216791671631,686,It’s a new decoration for quid pro quo.
1431,221,28,92,235,355,1.4169014084507043,0.033649955421590626,686,My latest awards came with loyalty points.
3412,221,30,88,237,355,1.4169014084507043,0.03411962623360354,686,"Freedom isn't free, M'am. But we did get a nice coupon."
326,223,46,102,318,466,1.4163090128755365,0.030775661078056276,686,I was told to wear it and tell anyone that asks to 'Read the transcript!'
1314,224,34,81,243,358,1.4162011173184357,0.034823359032184246,686,Loyalty oath ... required by Trump.
2636,224,36,77,245,358,1.4162011173184357,0.03526987056199095,686,It's a presidential citation for staying at all Trump properties during my time with NATO
3045,226,42,72,261,375,1.416,0.03533430866712914,686,Roger that m'am. It is indeed  toilet paper and it is standard issue for all generals since Trump became Commander in Chief.
2553,227,29,89,236,354,1.4152542372881356,0.033941290905953686,686,"The red one's for Desert Storm, the blue one's  for Battle of Bagdad, and the white one for Trader Joe's Thanksgiving."
3844,227,33,81,240,354,1.4152542372881356,0.03487163159760376,686,I'm not military ... but I am the most decorated greeter in Walmart history.  Please take your receipt.
1822,229,29,90,238,357,1.4145658263305323,0.03373583714336314,686,I got tired of explaining what they all mean so I just made a list.
4062,230,35,75,241,351,1.413105413105413,0.035531858147648636,686,It’s the list of nicknames the president has for world leaders so I can keep track of who he is currently insulting.
90,230,27,91,233,351,1.413105413105413,0.0336492617034088,686,I’m in general accounting.
3018,230,39,67,245,351,1.413105413105413,0.03643669865046351,686,It's part of POTUS's plan to make our allies pay.
269,233,36,72,241,349,1.4126074498567336,0.03590641840247709,686,I've been cashiered.
729,234,28,87,232,347,1.4121037463976944,0.03415611616391012,686,Impressive list of compliments for the president! Is it enough to keep you employed until the election?
1228,234,33,77,237,347,1.4121037463976944,0.035354357177216265,686,War has its price.
2146,234,29,85,233,347,1.4121037463976944,0.034399103642462174,686,What makes you think I bought my way to the top?
2453,234,35,73,239,347,1.4121037463976944,0.03582243279592897,686,"His Majesty’s tweets, ma’m!"
3097,234,32,79,236,347,1.4121037463976944,0.035117979887969795,686,General…your slip is showing.
2858,239,12,32,92,136,1.411764705882353,0.05568995661213279,686,That one's for victory at Costco on Black Friday.
1119,240,27,87,229,343,1.4110787172011663,0.034179069541611665,686,It all comes with a price.
2156,241,25,90,226,341,1.4105571847507332,0.03380861136311324,686,"I'm going to have to ask you to step back ma'am, new orders coming in."
2403,241,37,66,238,341,1.4105571847507332,0.03674269757197238,686,"I’m up here, lady.”"
3922,241,32,76,233,341,1.4105571847507332,0.035549603590813925,686,That's my Trump International Hotel receipt.
1027,244,24,85,215,324,1.4104938271604939,0.03475419181665741,686,The cost of war ma’am
3060,245,28,82,227,337,1.4094955489614243,0.034845793418285045,686,"Don't ask."" 
""Do tell."
573,245,31,76,230,337,1.4094955489614243,0.03559800378422969,686,"I've been liaison to the NSC, CIA, and now CVS."
3540,247,26,87,227,340,1.4088235294117648,0.03411882877440333,686,Why do you think they call it General Accounting?
2931,247,34,71,235,340,1.4088235294117648,0.03609585939577264,686,"No, ma'am--its is NOT  a new kind of military decoration. Its an app that prints out President Trump's latest tweets."
1488,247,35,69,236,340,1.4088235294117648,0.0363354254012827,686,I've never seen one quite that long...
2618,247,23,93,224,340,1.4088235294117648,0.03334723761001317,686,I served two tours at Walmart.
32,251,34,68,232,334,1.407185628742515,0.036555043315112834,686,I was stationed at CVS during the war.
563,251,28,80,226,334,1.407185628742515,0.035048236308102436,686,The cost of war IS high.”
2001,251,29,78,227,334,1.407185628742515,0.03530383721663677,686,"Hey Lady, my eyes are up here!"
1673,254,31,73,228,332,1.4066265060240963,0.03596021545251582,686,The ribbons are for specific military campaigns and the long strip is a list of house committees that called me to testify.
3490,254,36,63,233,332,1.4066265060240963,0.03720397196830304,686,Medals rescinded by the Commander in Chief.
1075,256,32,70,228,330,1.406060606060606,0.03636670644987289,686,Yes I received this one from Halliburton for injuries sustained in the noble pursuit of war profiteering
265,257,32,69,227,328,1.4054878048780488,0.03652276723611329,686,"Ma'am, my eyes are up here."
2673,258,29,72,220,321,1.4049844236760125,0.03629985358576155,686,I'm about to be cashiered.
3567,259,27,78,221,326,1.4049079754601228,0.03537063878625663,686,"This is the cost of war - and, it's still less than my divorce."
2975,259,27,78,221,326,1.4049079754601228,0.03537063878625663,686,Hey!  Up here!
3413,261,25,79,215,319,1.4043887147335423,0.03535971013400365,686,For charging in battle.
391,262,28,75,221,324,1.404320987654321,0.03578768804191078,686,"Well, freedom isn't free."
438,263,28,74,220,322,1.4037267080745341,0.03594060940182777,686,"As a General Officer,  I am required to receive
a 'live' feed of President Trump's tweets."
935,263,23,84,215,322,1.4037267080745341,0.03456848348155992,686,That was for re-taking a captured CVS store.
1280,263,26,78,218,322,1.4037267080745341,0.03539814207823347,686,"It's a pardon,why do you ask?"
3071,263,34,62,226,322,1.4037267080745341,0.03752098384806286,686,You're welcome for my service... here's your receipt.
609,267,19,89,207,315,1.403174603174603,0.03391915093110413,686,It all adds up Madam.
121,268,27,75,218,320,1.403125,0.0358228502046785,686,"These days, I keep a running transcript of all my conversations."
286,269,22,84,212,318,1.4025157232704402,0.0345708980137722,686,"I was in 'Nam, Iraq...Costco."
3030,270,25,81,220,326,1.401840490797546,0.03480667238783028,686,"It’s the price off freedom, Ma’am …plus tax."
1339,271,31,66,222,319,1.401253918495298,0.03696873479982894,686,Serving this commander in chief comes at a cost.
1853,272,25,77,215,317,1.4006309148264984,0.03548285784804425,686,Costco. Black Friday.
2541,273,28,70,217,315,1.4,0.03647605347346794,686,Those are the tweets from my Commander and Chief.
2715,273,18,90,207,315,1.4,0.03359015411008437,686,"That's the list of campaign contributions that keep me in my job."""
1689,273,25,76,214,315,1.4,0.03563483225498992,686,I print the Commander-in-Chief's tweets in real time.
3038,273,24,78,213,315,1.4,0.035349976908836345,686,We need the tweets in real time.
3979,277,20,85,208,313,1.3993610223642172,0.03432813580914826,686,I got that one for being most calculating.
3906,277,27,71,215,313,1.3993610223642172,0.03635630997686463,686,I'm  being cashiered.
1901,279,26,72,213,311,1.3987138263665595,0.036231499545060955,686,"The Pentagon requires us to list all bribes under $100,000."
747,280,24,73,208,305,1.3967213114754098,0.036124354013390536,686,You're welcome for my service. Now here is your bill.
1072,280,26,69,210,305,1.3967213114754098,0.03671661192656826,686,"Freedom isn’t free. But if you answer the survey at the bottom, you could win $1,000!"
295,282,34,52,217,303,1.396039603960396,0.039180964018118755,686,Running total of the Commander-in-Chief 's lies to American citizens.
28,283,27,63,206,296,1.3952702702702702,0.037798041207573047,686,Wow!  I didn't think anyone had survived that many meetings with President Trump.
2735,284,26,70,213,309,1.3948220064724919,0.03636138861777413,686,"Yeah, it's just a receipt. What do you want, a medal?"
3802,285,21,76,202,299,1.394648829431438,0.03567984778369616,686,It's a list of the corporate sponsors.
3188,285,25,68,206,299,1.394648829431438,0.036916612506444575,686,"I don't like to brag, but I have a laundry list of accomplishments."
2910,287,19,79,199,297,1.393939393939394,0.035197189489120526,686,I keep my own records.
3995,288,22,72,201,295,1.3932203389830509,0.036316384037293314,686,"As you can see, I've had a whole laundry list of assignments."
2695,289,23,68,199,290,1.393103448275862,0.03707253793315284,686,"If you're not shocked and awed after 30 days, you can return me."
3645,290,23,71,204,298,1.3926174496644295,0.03636845693594548,686,I keep a paper trail in case I go before Congress.
901,291,28,59,206,293,1.3924914675767919,0.03835523375726287,686,And then I was awarded a $10 coupon.
2649,291,17,81,195,293,1.3924914675767919,0.03484225071994534,686,We lost a lot of good men in Aisle 3 that day at CVS....
1036,293,28,59,207,294,1.3911564625850341,0.03824785678883467,686,President Trump changes his instructions quite frequently.
1918,294,30,54,208,292,1.3904109589041096,0.039037812937235655,686,It's the latest tweets from the commander -in-chief
3240,295,27,59,204,290,1.389655172413793,0.03830450367770717,686,It's the Trump Award -- a list of his tweets about me -- and all in words of seven letters or less.
297,295,30,53,207,290,1.389655172413793,0.039227866425822516,686,I got that one for taking out an enemy cash register.
2035,295,21,71,198,290,1.389655172413793,0.03638755278034097,686,"In addition to my medals of honor, I also have a very long paper trail."
1920,298,18,75,193,286,1.3881118881118881,0.035706168138441616,686,It's how I remind people that freedom isn't free.
222,298,25,61,200,286,1.3881118881118881,0.038035358676178826,686,It's the list of names of my bosses at the White House.
785,300,21,68,195,284,1.3873239436619718,0.036893095022297616,686,It's a good conduct receipt for perfect military traveler bookings at Trump properties.
3331,301,27,55,200,282,1.3865248226950355,0.0390552462899383,686,It allows me to keep track of the Mar a Lago charges.
284,302,26,56,198,280,1.3857142857142857,0.03892153034121493,686,"Actually, it's a list from the president of everyone we're supposed to pardon."
2002,302,19,70,191,280,1.3857142857142857,0.0365468747578786,686,It's my deposition
446,304,22,63,193,278,1.3848920863309353,0.03776344523543274,686,"CVS, Times Square. December 2017. There was only one person staffed at the register. I don't like to talk about it much."
338,305,13,35,111,159,1.3836477987421383,0.050314465408805034,686,Was your service included?
2588,306,22,61,191,274,1.3832116788321167,0.03813146862890501,686,I had a printer installed so I could keep up to date on who is getting fired by the President.
1084,306,26,53,195,274,1.3832116788321167,0.03950895989336682,686,It's Giulani's Ukraine shopping list.
155,306,22,61,191,274,1.3832116788321167,0.03813146862890501,686,I don't predict change...I make change.  Ma'am
47,309,23,58,191,272,1.3823529411764706,0.038671519341128544,686,That one? It's a bill from Trump International Scotland. I'm proud to serve my President in every way.
1912,309,21,62,189,272,1.3823529411764706,0.03796341870296247,686,It's Twitters from  my Commander in Chief
2809,309,21,62,189,272,1.3823529411764706,0.03796341870296247,686,Led the charge on Black Friday.
116,312,24,51,184,259,1.3822393822393821,0.04041742573727323,686,The new loyalty program: two more wars and it prints a coupon for half off....
1360,313,18,61,175,254,1.3818897637795275,0.038642081935403215,686,Those are my official responses to all the questions you are likely to ask me.
1337,314,26,43,180,249,1.3815261044176708,0.04235027123304093,686,We are now required to display our personal pronoun preferences.
2463,315,23,56,189,268,1.3805970149253732,0.03906130388790661,686,It's for liberating the Whole Foods in Fallujah.
2325,315,23,56,189,268,1.3805970149253732,0.03906130388790661,686,That’s for liberating a CVS in Kabul.
2316,315,24,54,190,268,1.3805970149253732,0.03941745296666261,686,It just lists all of the honours I would have won if I hadn't had these pesky bone spurs
1111,315,23,56,189,268,1.3805970149253732,0.03906130388790661,686,That one's a CVS receipt.
1885,315,25,52,191,268,1.3805970149253732,0.03977041281323001,686,It's the Trump tapeworm.
2952,315,14,74,180,268,1.3805970149253732,0.03569641759087805,686,Turns out it wasn’t an open bar.
501,315,21,60,187,268,1.3805970149253732,0.03833908172494544,686,Freedom isn’t free.
3975,315,24,54,190,268,1.3805970149253732,0.03941745296666261,686,You served in CVS?
973,323,21,59,186,266,1.3796992481203008,0.038530677115983396,686,It's been perfect chatting with you. Read the transcript.
2373,323,27,47,192,266,1.3796992481203008,0.04067984749299679,686,It's the continuously updated list of Geneva Conventions I've violated following the orders of our current Commander in Chief.
3383,323,25,51,190,266,1.3796992481203008,0.039976297407018246,686,I'm a Major Shopper.
3400,323,25,51,190,266,1.3796992481203008,0.039976297407018246,686,"Oh, is that a list of career military officials the Commander-in-Chief has slandered?"
3996,323,22,57,187,266,1.3796992481203008,0.03889711940305758,686,It’s a special commendation for getting my receipts in on time.
3630,323,17,67,182,266,1.3796992481203008,0.03702866192097629,686,"I have a Purple Heart, a Bronze Star and $28 of Extra Bucks."
859,323,25,51,190,266,1.3796992481203008,0.039976297407018246,686,I got this one for takin' down a CVS.
2992,330,26,52,196,274,1.3795620437956204,0.03946880442014628,686,That was from the battle of CVS.
1610,331,28,66,228,322,1.3788819875776397,0.03570576672470598,686,I have a military-industrial complex.
2134,332,17,66,181,264,1.378787878787879,0.03720743928124375,686,It’s part of Trump’s new ‘pay to play’ policy!”
2176,332,19,62,183,264,1.378787878787879,0.0379737259383045,686,"They ran out of medals at the Pentagon, so these are on backorder."
1645,332,24,52,188,264,1.378787878787879,0.039824988023381865,686,That's why they call me 'Major Savings'
1616,332,20,60,184,264,1.378787878787879,0.03835112806062515,686,"Since the President takes credit for everything now, I just document it all."
9,336,21,57,184,262,1.3778625954198473,0.038921662059164364,686,I print out the tweets in case nobody believes me when I give an order.
2389,337,22,50,177,249,1.3775100401606426,0.04074423752289067,686,It's for hosting a dinner for 10 at a Trump hotel.
232,338,22,54,184,260,1.376923076923077,0.03949892917939995,686,They’re awards for remembering computer passwords.
1454,338,19,60,181,260,1.376923076923077,0.03835446932521898,686,Don’t ask don’t tell
2040,338,21,56,183,260,1.376923076923077,0.039121162771819845,686,They're presidential tweets mam.
822,341,23,68,212,303,1.3762376237623761,0.03577422097791533,686,Just in case I decide to return them.
1346,342,22,53,183,258,1.375968992248062,0.03970508718716879,686,"As the new secretary of the Navy, my first duty is holiday shopping for the president."
2634,342,18,61,179,258,1.375968992248062,0.03815548738077487,686,That's my Distinguished Service Receipt.
714,344,20,56,180,256,1.375,0.03913901819282184,686,"Oh, the Army is requiring us to itemize now."
1071,344,21,54,181,256,1.375,0.03952847075210474,686,It grows a little bit every time the President pardons a war criminal.
3868,346,12,71,171,254,1.374015748031496,0.0360399513294251,686,Freedom isn't free. Here's your bill
1875,346,24,47,183,254,1.374015748031496,0.040894366292935275,686,It’s a Presidential Receipt for lies and perjuries in the line of Congressional Inquiries
1647,348,20,54,178,252,1.373015873015873,0.03954951459220499,686,I was in the Fifteenth Inventory.
1858,348,22,50,180,252,1.373015873015873,0.04034108589940092,686,"So launch codes contain a number, a capital letter, and a special character?"
1869,348,22,50,180,252,1.373015873015873,0.04034108589940092,686,Your female gaze objectifies me for my military exploits.
2257,351,17,62,179,258,1.372093023255814,0.0377078030214266,686,"It's my service record, annotated, for cocktail parties."
1619,352,19,53,173,245,1.3714285714285714,0.03990621323554688,686,That’s the list of ongoing investigations I cannot comment upon.”
319,353,18,52,167,237,1.371308016877637,0.04040772642057293,686,Fallujah was a cakewalk compared to the Whole Foods parking lot.
401,354,21,49,176,246,1.3699186991869918,0.040598108053629275,686,"Little black dress, meet little black list"
4055,355,15,62,172,249,1.3694779116465863,0.037751624199341874,686,I'm a Price War veteran.
850,355,19,54,176,249,1.3694779116465863,0.039430135551281935,686,I fought hard on Black Friday.
1536,355,21,50,178,249,1.3694779116465863,0.040243146243112426,686,“It’s a list of all the White House Staff I have to kill to protect the President.”
323,358,18,54,172,244,1.3688524590163935,0.03956248930596261,686,"Never mind my 5-star general insignia, read the Amazon reviews."
3708,358,15,60,169,244,1.3688524590163935,0.03826220680801458,686,Don't you know freedom comes with a price tag?
1852,360,20,51,176,247,1.368421052631579,0.04005231844976165,686,"Nothing to see here ma’am, the President just likes to keep his passwords handy."
1336,360,17,57,173,247,1.368421052631579,0.03880002946481607,686,It keeps a running total of every time I act against my conscience.
3286,360,19,53,175,247,1.368421052631579,0.039639284860992934,686,"Hey, $571,295 for a screwdriver set sounds a bit high to me too"
2894,360,23,45,179,247,1.368421052631579,0.041266622589347435,686,"And the last one was given to me by my wife for ""Operation Black Friday."""
2587,360,20,51,176,247,1.368421052631579,0.04005231844976165,686,"At the bottom, there is a survey and if you'd give me an A Plus Rating I would appreciate that!"
1194,360,16,59,172,247,1.368421052631579,0.03837351922303219,686,I think you'll find this glossary of acronyms and abbreviations helpful.
2732,360,15,61,171,247,1.368421052631579,0.03794221486221181,686,"The jury's still out on whether these are honorable, or pardonable..."
2845,367,16,58,171,245,1.3673469387755102,0.03857159673616826,686,I'm running a tab.
2398,367,19,52,174,245,1.3673469387755102,0.039851425204582944,686,"Sorry, the president is sending me a fax."
1771,367,21,48,176,245,1.3673469387755102,0.040682282403306604,686,"We were pinned down by exorbitant prices without a BOGO in sight, so I called for military discount air cover flanked by a loyalty reward program."
567,367,17,56,172,245,1.3673469387755102,0.03900287271638522,686,I got that one for defense spending.
454,367,13,64,168,245,1.3673469387755102,0.03724781951629791,686,The lawyers make us wear the fine print now.
229,372,19,51,173,243,1.3662551440329218,0.040066623974531354,686,"Our ribbon designer worked for CVS, before joining the Army."
458,372,14,61,168,243,1.3662551440329218,0.037885138004437977,686,That one's for heroic procurement.
956,372,18,53,172,243,1.3662551440329218,0.039639932160590974,686,The Pentagon just made a deal with CVS.
2825,372,19,51,173,243,1.3662551440329218,0.040066623974531354,686,My wife said she'd give me a medal for remembering everything on this week's grocery list.
2861,372,21,47,175,243,1.3662551440329218,0.04090665748697836,686,I served three tours at a CVS.
3958,372,13,63,167,243,1.3662551440329218,0.03743358848140363,686,It’s a commemorative receipt from the Battle of CVS
3657,378,20,48,173,241,1.3651452282157677,0.04071185813440715,686,"They're my sensitivity, anti-defamation, anti-discrimination, anti-misogymy, no-means-no, and other training completion dates, of which you can see I'm very proud.  I'm getting more ice for my water, would you care to join me?"
2320,378,16,56,169,241,1.3651452282157677,0.038976182551793435,686,Is that your wish list for a new president?
911,378,18,52,171,241,1.3651452282157677,0.039853470357465864,686,Another Trump tweet
2449,378,17,54,170,241,1.3651452282157677,0.03941726719246362,686,Well General I guess it’s not quite the ticker tape home coming you expected.
6,378,21,46,174,241,1.3651452282157677,0.041134335285348114,686,That one? Awarded by the president himself for 'meritorious delivery of a Big Mac in the face of huge hunger'.
169,383,18,50,168,236,1.3644067796610169,0.040431547166730766,686,"They were a couple ribbons short, so they had to give me an IOU."
3767,383,17,52,167,236,1.3644067796610169,0.039983096173379,686,I was injured on Black Friday.
133,385,20,47,172,239,1.3640167364016735,0.0409381870977068,686,No ma'am. I am not with the military. I'm with CVS.
962,385,16,55,168,239,1.3640167364016735,0.03918281679481354,686,That one was for the battle of CVS.
1041,385,17,53,169,239,1.3640167364016735,0.03962894951539409,686,It's a paper trail on the president's tweets!
3006,385,21,45,173,239,1.3640167364016735,0.041365392184343895,686,"It's for recording the times the Chief said, 'I wanted nothing.'"
3285,385,15,57,167,239,1.3640167364016735,0.03873154559604084,686,It's the only way to monitor his Twitter posts adequately.
2547,390,19,47,168,234,1.3632478632478633,0.04110553858689641,686,"It was going to be a joke for the New Yorker, however, they don't understand humor."
1663,390,21,43,170,234,1.3632478632478633,0.04198845296924695,686,It's crib notes for the commander-in-chief.
2461,390,17,51,166,234,1.3632478632478633,0.04020323895268883,686,I know firsthand the cost of war.
3673,393,13,60,164,237,1.3628691983122363,0.03800645488100061,686,Left the tag on so I can return them in the morning.
193,394,17,51,167,235,1.3617021276595744,0.040061627182643444,686,That one was awarded to me by the Dollar General.
1290,394,16,53,166,235,1.3617021276595744,0.039605097189439005,686,I just get tired of explaining them all.
684,394,13,59,163,235,1.3617021276595744,0.03820278754196203,686,And these are honorable mentions.
3162,397,15,60,174,249,1.3614457831325302,0.037636025160950076,686,"That is the list of people I have to suck up to, in order of precedence, of course."
554,398,13,58,162,233,1.3605150214592274,0.03840190837987014,686,That one's for shopping behind enemy lines.
1412,398,17,50,166,233,1.3605150214592274,0.0402827660347169,686,I got them from CVS
2170,398,8,68,157,233,1.3605150214592274,0.035912577559626506,686,I get the need for a bribe receipt. But these coupons go on forever.
2721,398,17,50,166,233,1.3605150214592274,0.0402827660347169,686,Our small talk has been perfect.  Read the transcript.
2784,398,15,54,164,233,1.3605150214592274,0.039353575483198996,686,All sales are Semper final.
3405,398,15,54,164,233,1.3605150214592274,0.039353575483198996,686,Every medal comes at a price.
3939,398,21,42,170,233,1.3605150214592274,0.042079637731324906,686,Dollar General did you say?
1617,405,20,43,168,231,1.3593073593073592,0.04187796733237848,686,I bragged about doing the grocery shopping so the wife pinned this on me.
2859,405,22,39,170,231,1.3593073593073592,0.04276740791421115,686,It's an IOU from Pres. Trump.
2700,405,16,51,164,231,1.3593073593073592,0.04003985619697226,686,And this is the president's tweet pardoning me.
2508,405,17,49,165,231,1.3593073593073592,0.04050720429971196,686,These? They're not worth the paper they're written on.
2239,405,18,47,166,231,1.3593073593073592,0.0409692215703812,686,"Given the current situation, it seems wisest to keep a record of everything I do."
347,405,14,55,162,231,1.3593073593073592,0.039088400484868224,686,Of course all the medals are mine. The receipt proves it.
835,405,20,43,168,231,1.3593073593073592,0.04187796733237848,686,That one is for bravery in purchasing feminine hygiene products for my wife at a CSV.
1005,405,18,47,166,231,1.3593073593073592,0.0409692215703812,686,"I got that one for Convenience, Value, and Service."
3707,413,15,52,162,229,1.3580786026200873,0.03978355274735501,686,I got tired of retelling what they stand for.
1245,413,16,50,163,229,1.3580786026200873,0.04026209681095249,686,Does it really look more stupid than 75 pins and ribbons?
2865,413,20,42,167,229,1.3580786026200873,0.04212194109091173,686,It's the receipt for my being the adult in the room.
3993,413,17,48,164,229,1.3580786026200873,0.040735019455346314,686,I get live updates from the Impeachment Inquiry.
1538,417,15,43,146,204,1.357843137254902,0.0430860206092453,686,"To provide fair warning, it's a list of all the things I'll end up saying tonight that will likely ""trigger"" someone."
1753,418,18,44,162,224,1.3571428571428572,0.041836009252494394,686,"Yes ma’am, that one converts tweets into orders."
341,419,12,55,155,222,1.3558558558558558,0.03906894786086546,686,"No Ma'am, that's the cost of Freedom."
420,419,21,37,164,222,1.3558558558558558,0.04351166977695662,686,"To be honest, it's to remind me what all these ribbons and medals were for."
3301,421,14,50,156,220,1.3545454545454545,0.040324919070956276,686,It's  a list of things we can no longer do.
1815,421,17,44,159,220,1.3545454545454545,0.04184055567657417,686,I got that one for escaping the IKEA in Paramus_
2205,421,12,54,154,220,1.3545454545454545,0.03928202002505667,686,It's a list of topics that can offend me.
2114,421,19,40,161,220,1.3545454545454545,0.04282118751453214,686,"That one? Black Friday, ma'am. Hell on earth. Damn proud of what I saved though."
1793,421,13,52,155,220,1.3545454545454545,0.03980688505351886,686,Hush money receipts for every time I've kept my mouth shut about the current administration.
993,421,15,48,157,220,1.3545454545454545,0.04083638204462148,686,I get points whenever we go to war.
2158,421,18,42,160,220,1.3545454545454545,0.04233371115009424,686,"It’s my to-do list. Every time I cross something off, my wife gives me a star."
818,421,14,50,156,220,1.3545454545454545,0.040324919070956276,686,Some carry out orders; others simply carry them.
435,429,14,49,155,218,1.353211009174312,0.04055452943643143,686,I also take orders.
653,429,21,35,162,218,1.353211009174312,0.044052416549264534,686,It's for bravery in accountancy
1066,429,14,49,155,218,1.353211009174312,0.04055452943643143,686,That one’s for Distinguished Customer Service.
1189,429,22,33,163,218,1.353211009174312,0.044529690533121426,686,"Please, look up at my eyes."
3349,429,18,41,159,218,1.353211009174312,0.04258851486484324,686,I got the idea from Banksey.
3599,429,16,45,157,218,1.353211009174312,0.04158395998581278,686,"The top bars  I  earned ,  the  list is the ones I drank at."
3768,429,16,45,157,218,1.353211009174312,0.04158395998581278,686,It's a simple explanation of each medal for those in Congress.
4029,436,13,50,153,216,1.3518518518518519,0.04025630076759873,686,If you will excuse me - the President is Tweeting.
2391,437,18,37,153,208,1.3509615384615385,0.04400617326364572,686,Oh Trump has us all wearing these. These are the list of crimes we did NOT commit.
3770,438,19,37,158,214,1.3504672897196262,0.043616449389461145,686,That’s for outspending the enemy a thousand to one.
2231,438,15,45,154,214,1.3504672897196262,0.0415558272860437,686,"Yes, Ma'am. The Fifth Armored CVS Division is a real unit."
890,438,13,49,152,214,1.3504672897196262,0.04048620559486315,686,And that's a list of the other medals I could've won if I'd wanted to.
1929,438,14,47,153,214,1.3504672897196262,0.0410245025862412,686,Don't make assumptions until you have all the fax.
2413,442,16,51,170,237,1.350210970464135,0.03919661130269941,686,"We keep a list of those who have left the administration

 so we can reduce the awkward conversation at these functions."
3897,443,16,48,165,229,1.3493449781659388,0.04012267677389472,686,That one's for winning the Battle At CVS.
3974,444,15,44,153,212,1.349056603773585,0.04180328141374634,686,"Damn, I forgot to get groceries."
3949,444,15,44,153,212,1.349056603773585,0.04180328141374634,686,"It is a real-time transcript of this conversation. You will have to sign and date it when we are finished talking, and I will have to submit it to Congress."
1821,444,19,36,157,212,1.349056603773585,0.04389028620869382,686,Unfortunately I was cashiered.
21,444,9,56,147,212,1.349056603773585,0.03846101932048327,686,"Everyone is always thanking me for my service, but nobody ever leaves a tip."
927,444,9,56,147,212,1.349056603773585,0.03846101932048327,686,The pentagon transparency policy on expenses is getting out of hand!
1577,449,17,39,154,210,1.3476190476190477,0.04312465559150932,686,"Survived Vietnam, Afganistan, Iraq and Trump"
524,450,14,44,150,208,1.3461538461538463,0.04175768294387524,686,"I'd remove it, but that would be a federal crime."
1023,450,16,40,152,208,1.3461538461538463,0.04285564550507341,686,It’s the cost of war
1357,450,14,44,150,208,1.3461538461538463,0.04175768294387524,686,My list of Presidential Pardons!
171,453,15,41,150,206,1.3446601941747574,0.04256992025679583,686,I'm sick of having to explain all these ribbons...
3079,453,13,45,148,206,1.3446601941747574,0.0414424747918615,686,It's an ongoing transcript that even a Congressman can understand.
3698,455,16,48,169,233,1.3433476394849786,0.03954477458718325,686,Old Navy.
3697,456,11,48,145,204,1.3431372549019607,0.04051620222375859,686,I think you have a fax coming in.
3863,456,12,46,146,204,1.3431372549019607,0.041107880300223734,686,Wash in cold water. Detach medals before loading.
3644,456,15,40,149,204,1.3431372549019607,0.04283390436559091,686,"Yes, you could say my service record is the opposite of Trump's."
3910,456,18,34,152,204,1.3431372549019607,0.044493020841741615,686,.........And you still work for him?
2752,456,9,52,143,204,1.3431372549019607,0.03930613542889274,686,If I get one more honor I will have to switch to 8pt font.
1124,456,17,36,151,204,1.3431372549019607,0.04394694214029723,686,"In retirement, I'm doing security for CVS now."
610,456,18,34,152,204,1.3431372549019607,0.044493020841741615,686,How long were you stationed at CVS?
495,456,12,46,146,204,1.3431372549019607,0.041107880300223734,686,"It was Black Friday, 2011. The deals were plentiful. So were the shoppers. It’s hard for me to even talk about."
1914,456,12,46,146,204,1.3431372549019607,0.041107880300223734,686,This medal I am most proud of ...I came in under budget for the Defense Department 20 straight years.
2551,465,21,54,205,280,1.3428571428571427,0.0366767396940371,686,"Yeah, earned that one  storming the check-out on Cyber Monday"
3763,466,16,37,149,202,1.3415841584158417,0.04366996660953972,686,"Instead of handing out medals, now they award us shopping points at Whole Foods."
3726,466,13,43,146,202,1.3415841584158417,0.04194389123640415,686,I'm a General Accountant
3243,466,14,41,147,202,1.3415841584158417,0.04252703456932196,686,I'm in charge of procurement -- that's a medal from CVS.
2476,466,13,43,146,202,1.3415841584158417,0.04194389123640415,686,Excuse me miss but my eyes are up here!
1625,466,12,45,145,202,1.3415841584158417,0.04135252537442299,686,It's for bravery in the line of procurement.
3890,466,13,43,146,202,1.3415841584158417,0.04194389123640415,686,Wow. That’s a lot of ex-wives.
995,466,14,41,147,202,1.3415841584158417,0.04252703456932196,686,"General Store, at your service, ma'am."
832,466,14,41,147,202,1.3415841584158417,0.04252703456932196,686,...and this one I received for the Battle of Walmart on Black Friday.
671,466,16,37,149,202,1.3415841584158417,0.04366996660953972,686,It’s a transcript of my Congressional testimony.
16,466,10,49,143,202,1.3415841584158417,0.04014366750091834,686,"It's the Military Industrial Complex
Medal of Honor."
1242,466,13,43,146,202,1.3415841584158417,0.04194389123640415,686,It’s my cost over-run ribbon
1510,477,13,39,139,191,1.3403141361256545,0.04356640903802195,686,I see you've paid your dues.
3379,478,15,38,147,200,1.34,0.04337518916588006,686,The coat was just getting too heavy. That's the full itemized list of my distinguished career.
3251,478,19,30,151,200,1.34,0.04563345330239108,686,"I got that when I was a young cashier back in ‘83, during the Cabbage Patch Assault.  Black Friday can change a man..."
3237,478,15,38,147,200,1.34,0.04337518916588006,686,Those are all for debasing myself in meetings with the President.
3155,478,8,52,140,200,1.34,0.03911071772808612,686,... and if you call the number on the receipt you get a 10% discount on all munitions.
2891,478,12,44,144,200,1.34,0.041601120974460025,686,That one is for securing a Popeye’s chicken sandwich for the Commander-in-Chief.
2557,478,12,44,144,200,1.34,0.041601120974460025,686,Its my Medal of Fiscal Responsibility
1455,478,14,40,146,200,1.34,0.04279200601624645,686,"I was a war machine, but they demote me to adding machine"
1693,478,14,40,146,200,1.34,0.04279200601624645,686,My job makes me cold and calculating.
942,478,16,36,148,200,1.34,0.04395063471051683,686,Oh that? That's my list of citations for Valor In Spite of Trump.
756,478,14,40,146,200,1.34,0.04279200601624645,686,That one's my special commendation from CVS.
97,478,13,42,145,200,1.34,0.04220076447901229,686,Removal of tag voids warranty.
3574,478,13,42,145,200,1.34,0.04220076447901229,686,Freedom has it's costs.
2183,478,14,40,146,200,1.34,0.04279200601624645,686,We are now tracking the relationship of Pentagon spending to the National Debt in real time.
2979,491,16,35,147,198,1.3383838383838385,0.0442361210515618,686,"I got that one for spending $12,000 on a toilet seat."
1879,491,12,43,143,198,1.3383838383838385,0.04185376630473379,686,It’s the cost of war Ma’am.
3300,491,12,43,143,198,1.3383838383838385,0.04185376630473379,686,That one's for making a CVS run for the platoon.
183,491,15,37,146,198,1.3383838383838385,0.04365272319957987,686,It's a long story.
4018,491,17,33,148,198,1.3383838383838385,0.04481192440230299,686,"So you did this week's shopping. What do you want, a medal?"
1364,491,11,45,142,198,1.3383838383838385,0.04123667773890108,686,We lost a lot of good men on Black Friday
3788,491,14,39,145,198,1.3383838383838385,0.04306142217565334,686,I earned that buying one bomber that could have paid for Universal Healthcare.
2359,498,12,26,110,148,1.337837837837838,0.051234129470689956,686,"In the good old days we could spend 64 thousand on a hammer, now it’s all about accountability."
806,499,16,33,144,193,1.3367875647668395,0.04502110672793463,686,"Yes, the President ordered we wear the NATO countries that owe us money."
3095,500,13,40,143,196,1.336734693877551,0.04272737074133933,686,I ran the paperwork division.
2867,500,13,40,143,196,1.336734693877551,0.04272737074133933,686,It’s for bravery in fighting over the bar tab.
2703,500,13,40,143,196,1.336734693877551,0.04272737074133933,686,And this one's a list of tweets where the President defended my war crimes.
2591,500,14,38,144,196,1.336734693877551,0.04333539932001384,686,I did three tours at Best Buy on Black Friday.
2555,500,18,30,148,196,1.336734693877551,0.04568666467640023,686,What the enemy didn’t count on that day was that we would save $2 on Tylenol.
1556,500,18,30,148,196,1.336734693877551,0.04568666467640023,686,I stopped at CVS on the way to the party.
2524,500,14,38,144,196,1.336734693877551,0.04333539932001384,686,I only go to Hill receptions with a list. It helps reduce impulse defense spending.
1461,500,17,32,147,196,1.336734693877551,0.045110339230564886,686,It's the President's new policy. He can just yank it and deflate your career.
1365,500,13,40,143,196,1.336734693877551,0.04272737074133933,686,"To continue this conversation, you must acknowledge that you have read these terms and conditions, including the words to use in place of ""war."""
1218,500,9,48,139,196,1.336734693877551,0.04020340427674104,686,"Freedom isn't free, you know.  It comes with a price tag!"
1014,500,10,46,140,196,1.336734693877551,0.04084901882782835,686,I'm in charge of the General Accounting Office
1476,500,11,44,141,196,1.336734693877551,0.041484587052946185,686,I keep the receipt so people know they're mine.
3484,512,8,49,137,194,1.3350515463917525,0.03977047062797771,686,So you shop at CVS too?
3865,512,18,29,147,194,1.3350515463917525,0.04599836773188311,686,It’s the receipt for a hammer
3736,512,13,39,142,194,1.3350515463917525,0.0429973264748425,686,That's for my time in the Merchant Marines.
3423,512,12,41,141,194,1.3350515463917525,0.042371619440157354,686,"Oh, that's my congressional committee testimony transcript."
146,512,10,45,139,194,1.3350515463917525,0.041091632164908944,686,I'm on an expense account.
1820,512,14,37,143,194,1.3350515463917525,0.04361405775649478,686,"Niet, Fraulein, vy vould ve interfere vid your elections?"
2007,512,10,45,139,194,1.3350515463917525,0.041091632164908944,686,This is just a small list of awards I should have received.
1199,519,14,36,142,192,1.3333333333333333,0.043897521996846725,686,It's a running tally of what it's cost me to serve my country.
1348,519,16,32,144,192,1.3333333333333333,0.04512280444624048,686,That one’s for overseeing the only defense contract to stay within budget.
2064,519,14,36,142,192,1.3333333333333333,0.043897521996846725,686,I believe that honesty is showing exactly how you bought your way to the top.
2632,519,12,40,140,192,1.3333333333333333,0.042637042508054245,686,And I earned this one for my role in Operation CVS Run.
3205,523,14,37,145,196,1.3316326530612246,0.043235169643025984,686,And this one's for my time in the Pentagon budget office.
51,524,11,41,138,190,1.331578947368421,0.04225294346308444,686,That ribbon? It's for justifying military budget increases.
3499,524,13,37,140,190,1.331578947368421,0.043551128761128634,686,"Medals, yes, and a ""participation printout."""
3417,526,13,36,139,188,1.3297872340425532,0.04383522175777939,686,It's my list for Santa.
3588,526,10,42,136,188,1.3297872340425532,0.04184326452666867,686,...and this last medal is self-explanatory.
3288,526,9,44,135,188,1.3297872340425532,0.04115786064427782,686,It’s the Distinguished Ledger: for submitting expense reports on time and meritorious adherence to budget.
3916,526,11,40,137,188,1.3297872340425532,0.04251762081400774,686,"You're probably guessing where to insert your card, madam."
2958,526,16,30,142,188,1.3297872340425532,0.04574051318971643,686,"No, not Army. I’m the Captain of CVS."
1864,526,13,36,139,188,1.3297872340425532,0.04383522175777939,686,"General, do you think it’s wise to have the nuclear codes pinned to your chest?"
1861,526,11,40,137,188,1.3297872340425532,0.04251762081400774,686,...And this one is for a full refund in case the President decides he's done with me.
1837,526,13,36,139,188,1.3297872340425532,0.04383522175777939,686,"My goodness, what an impressive list of subpoenas."
1344,526,10,42,136,188,1.3297872340425532,0.04184326452666867,686,"Before you say anything, please sign your name and indicate the purpose of our conversation."
743,526,13,36,139,188,1.3297872340425532,0.04383522175777939,686,"Yes madam, it is the Golden Sales Receipt with diamond clusters. It is awarded annually by the vast military industrial complex for those Pentagon officials who purchase over 1 billion dollars worth of military hardware annually."
3943,536,9,43,133,185,1.3297297297297297,0.041592310401826475,686,I once brought home everything on my wife’s grocery list.
3386,536,11,39,135,185,1.3297297297297297,0.042981729813059755,686,We're now required to wear the transcript.
3154,536,16,29,140,185,1.3297297297297297,0.04627311455505602,686,"Actually, it’s your share of this year’s Defense budget. Will that be cash, check or credit card"
2917,536,13,35,137,185,1.3297297297297297,0.044327620180693854,686,It’s the Ukranian Medal of Honor.
2428,536,15,31,139,185,1.3297297297297297,0.04563383310708015,686,That's all the war crimes I've been pardoned for.
2056,536,10,41,134,185,1.3297297297297297,0.04229272622026601,686,And that one is a CVS ExtraBucks reward I keep forgetting to use.
3632,536,11,39,135,185,1.3297297297297297,0.042981729813059755,686,Ma'am! This piece of chest candy is my list of confirmed conversation killers since 21 hundred hours.
1403,536,13,35,137,185,1.3297297297297297,0.044327620180693854,686,"The list of “should-have-been-medals,” is a touch passive-aggressive, Harry, but you look absolutely dapper!"
1299,536,10,41,134,185,1.3297297297297297,0.04229272622026601,686,How else would I know what they're for?
939,536,16,29,140,185,1.3297297297297297,0.04627311455505602,686,Make sure you read the back too.
675,536,14,33,138,185,1.3297297297297297,0.04498546784756551,686,They represent twelve years active combat and one morning buying dental floss at CVS.
1755,536,12,37,136,185,1.3297297297297297,0.04365986147828877,686,This way I won't forget my $3 CVS coupon.
1149,548,9,43,134,186,1.3279569892473118,0.04140605752782436,686,"Yes, I survived the battle of CVS."
3867,549,10,40,133,183,1.3278688524590163,0.04255962111062569,686,It’s a list of other other jobs I can do in case Trump fires me.
3374,549,13,34,136,183,1.3278688524590163,0.04462587892928657,686,"Before I was in charge of military intelligence, I designed the receipts for CVS."
3098,549,10,40,133,183,1.3278688524590163,0.04255962111062569,686,I saved a lot that day.
2671,549,13,34,136,183,1.3278688524590163,0.04462587892928657,686,The PX Commendation Medal.
2234,549,10,40,133,183,1.3278688524590163,0.04255962111062569,686,You see this receipt? It's the cost of freedom.
1708,549,13,34,136,183,1.3278688524590163,0.04462587892928657,686,"They had to list all my war crimes, too."
1183,549,10,40,133,183,1.3278688524590163,0.04255962111062569,686,"If and when my hearing comes, I want to prove now I bought the refreshments with my own money."
2058,549,14,32,137,183,1.3278688524590163,0.04529368952280718,686,For heroism in office conflicts we get the Paper Heart.
2005,557,14,31,136,181,1.3259668508287292,0.04560754053067049,686,That's my bar tab
2750,557,8,43,130,181,1.3259668508287292,0.04137298186046721,686,"I got that one for bravery while serving in ""The Black Friday Rush"" at CVS."
2187,557,9,41,131,181,1.3259668508287292,0.04210832438166571,686,That's my medal bucket list.
2443,557,10,39,132,181,1.3259668508287292,0.04283104407362277,686,"The long one? Afghanistan"""
2620,557,12,35,134,181,1.3259668508287292,0.044241078703470646,686,"I left on a Dishonorable Over-Charge, as you can see."
2728,557,13,33,135,181,1.3259668508287292,0.04492950477193931,686,"It's a Medal for Bravery, earned while shopping at Costco over the holidays."
2824,557,12,35,134,181,1.3259668508287292,0.044241078703470646,686,I'm running a tab for service rendered.
1082,557,9,41,131,181,1.3259668508287292,0.04210832438166571,686,"As the Accountant General I itemize the price of freedom, Ma’am."
3026,557,11,37,133,181,1.3259668508287292,0.043541769493690194,686,"I'd let you read it, but then I'd have to kill you."
3230,557,11,37,133,181,1.3259668508287292,0.043541769493690194,686,I'm extremely proud of my CVS reward points!
3709,557,13,33,135,181,1.3259668508287292,0.04492950477193931,686,You’re welcome for my service – here’s your bill
3917,557,9,41,131,181,1.3259668508287292,0.04210832438166571,686,Ma’am please take your receipt. You’ve  received bonus points toward your next military encounter.
3952,557,11,37,133,181,1.3259668508287292,0.043541769493690194,686,I was wounded at the mall on Black Friday.
1974,557,13,33,135,181,1.3259668508287292,0.04492950477193931,686,I got this medal for the number of stays in the president's hotels.
2989,557,11,37,133,181,1.3259668508287292,0.043541769493690194,686,That one’s for surviving the great Best Buy Black Friday of 2013.
1925,557,10,39,132,181,1.3259668508287292,0.04283104407362277,686,But it's embarrassing when you pin the 'to do' list on my uniform.
145,557,12,35,134,181,1.3259668508287292,0.044241078703470646,686,...and I got that one for fighting the crowds on Black Friday.
1909,557,9,41,131,181,1.3259668508287292,0.04210832438166571,686,That's for surviving Costco's check-out line.
178,557,16,27,138,181,1.3259668508287292,0.0469342354967759,686,I hear you're the most decorated CVS cashier.
195,557,13,33,135,181,1.3259668508287292,0.04492950477193931,686,Apparently I hit the wrong Target.
437,557,9,41,131,181,1.3259668508287292,0.04210832438166571,686,It’s a receipt. With cuts in military spending. I pay for my own medals.
450,557,11,37,133,181,1.3259668508287292,0.043541769493690194,686,It’s part of the new dress code. It shows how many times we’ve golfed at Mar-a-Lago.
621,557,11,37,133,181,1.3259668508287292,0.043541769493690194,686,No wonder they call you Dollar General
486,557,11,37,133,181,1.3259668508287292,0.043541769493690194,686,"Yes, sniper, ma'am. I hit the Target."
846,557,12,35,134,181,1.3259668508287292,0.044241078703470646,686,"Well, when you’ve been subpoenaed to testify in an impeachment hearing, you better have receipts.”"
894,557,10,39,132,181,1.3259668508287292,0.04283104407362277,686,‘’...and my wife gave me that one.”
897,557,13,33,135,181,1.3259668508287292,0.04492950477193931,686,I am not the whistleblower.
1916,557,14,31,136,181,1.3259668508287292,0.04560754053067049,686,"Yeah, I know I’ve had too many when I start to list."
1094,557,15,29,137,181,1.3259668508287292,0.04627564270176899,686,Before I joined the Army I worked at CVS
628,557,10,39,132,181,1.3259668508287292,0.04283104407362277,686,Walgreens is Hell.
3372,587,12,34,133,179,1.324022346368715,0.044539471051341824,686,Excuse me but I have a fax coming in from President Trump
2394,587,6,46,127,179,1.324022346368715,0.04008915426528803,686,It’s Major Savings ma’am
3980,589,11,37,135,183,1.3224043715846994,0.04313780448561643,686,I earned a coupon for ten dollars off my next war.
1937,590,13,31,133,177,1.3220338983050848,0.04555346022773848,686,As you can see I've been to CVS.
667,590,10,37,130,177,1.3220338983050848,0.043387944553260685,686,And this one's for continuing to advance the impeachment process in the face of withering partisan firepower with complete disregard for my own future
2036,590,10,37,130,177,1.3220338983050848,0.043387944553260685,686,These ribbons cost me plenty.
25,590,10,37,130,177,1.3220338983050848,0.043387944553260685,686,"Medal?  No, that’s my CVS receipt."
1489,594,9,29,108,146,1.321917808219178,0.048535405079492736,686,"So, what did you get at CVS?"
1525,595,9,37,125,171,1.3216374269005848,0.04361933937062729,686,"Yes ma’am, I served with General Ledger himself."
3002,596,9,38,128,175,1.32,0.04291512224810488,686,You want the amortization? You can’t handle the amortization!
3677,596,12,32,131,175,1.32,0.04515254203857359,686,I was wounded in the CVS at Ft. Dix.
3259,596,13,30,132,175,1.32,0.0458741048690538,686,Am I on your naughty list?
3257,596,9,38,128,175,1.32,0.04291512224810488,686,If I tear it off I cant return it
1471,596,11,34,130,175,1.32,0.04441925942148704,686,"The medals are nice, but what's with your wife's shopping list?"
1020,596,13,30,132,175,1.32,0.0458741048690538,686,It's for shopping five days straight at CVS.
726,596,13,30,132,175,1.32,0.0458741048690538,686,Ooh! I love a man who makes his background check readily available!
601,596,12,32,131,175,1.32,0.04515254203857359,686,I have a laundry list of decorations.
392,596,11,34,130,175,1.32,0.04441925942148704,686,"Yes Ma'am, each citation is for a subpoena I refused to answer.."
766,596,10,36,129,175,1.32,0.043673666694720926,686,It's a fax.  I never figured out email.
2879,606,11,25,111,147,1.3197278911564625,0.050147851995045616,686,It appears that you survived Whole Foods
1133,607,13,29,131,173,1.3179190751445087,0.04620074713384661,686,The White House lawyers recommended I keep a running list of all the things I might get subpoenaed for.
1618,607,8,39,126,173,1.3179190751445087,0.04240804593585032,686,I kept forgetting the milk.
2470,607,12,31,130,173,1.3179190751445087,0.045467523581122674,686,"Oh, goodness sir, have all those charges been dismissed!"
101,607,10,35,128,173,1.3179190751445087,0.04396440640277733,686,Its seems that my Medals of Honor are going through an audit.
62,607,8,39,126,173,1.3179190751445087,0.04240804593585032,686,These medals came at a price.
2319,612,12,26,120,158,1.3164556962025316,0.0484281740602216,686,Yet you women always complain when men stare at your chests !
1105,613,11,32,128,171,1.3157894736842106,0.045030803362789334,686,This read out answers all dumb questions about my ribbons.
3784,613,11,32,128,171,1.3157894736842106,0.045030803362789334,686,I was awarded the Purple Heart and a CVS receipt.
2661,613,7,40,124,171,1.3157894736842106,0.04186377256149506,686,Fill out our online survey for a chance to win a no-bid procurement contract.
641,613,9,36,126,171,1.3157894736842106,0.04347613543415966,686,"It's for paperwork under fire, damn it !"
215,613,10,34,127,171,1.3157894736842106,0.0442602959987142,686,This is everything I need for a new arm.
430,613,8,38,125,171,1.3157894736842106,0.042677569081251455,686,It's the exact cost of bravery.
3583,619,18,36,175,229,1.314410480349345,0.04043414454993082,686,"Wow, a Black Friday Distinguished Service Ribbon."
3930,620,12,31,132,175,1.3142857142857143,0.04501934840904774,686,I earned this one for bravery...and THIS one at the battle of CVS.
3798,621,11,31,127,169,1.3136094674556213,0.045344979520150534,686,Would you like to fill out a quick online survey about your experience with the US Military for a chance to a win a $20 coupon?
1985,621,9,35,125,169,1.3136094674556213,0.04376393962400437,686,"Yes, I did actually pass by the dry cleaners.  Why do you ask?"
1784,621,9,35,125,169,1.3136094674556213,0.04376393962400437,686,I just want you to know that these medals came at a great personal cost.
1770,621,13,27,129,169,1.3136094674556213,0.046872720466730355,686,"I said, 'I'm not getting our groceries!' and then she pulled rank."
1462,621,14,25,130,169,1.3136094674556213,0.04761821397413944,686,"I may have the commendations, Madam, but you have the chest to pin them on!"
1404,621,8,37,124,169,1.3136094674556213,0.0429516010560586,686,"It's remembered now as ""Black Friday"""
1343,621,11,31,127,169,1.3136094674556213,0.045344979520150534,686,"I command a nuclear sub, but I can't remember what to get at the grocery store."
1108,621,10,33,126,169,1.3136094674556213,0.044561472030759774,686,..... And that's the receipt from Costco for all the medals.
790,621,11,31,127,169,1.3136094674556213,0.045344979520150534,686,"That one's for the rescue mission at the CVS, Baghdad."
394,621,11,31,127,169,1.3136094674556213,0.045344979520150534,686,"Generally speaking, I'm a take charge guy"
305,621,3,47,119,169,1.3136094674556213,0.03863454597384813,686,"Pre-cocktail chat terms and conditions, ma’am."
81,621,13,27,129,169,1.3136094674556213,0.046872720466730355,686,That's the shortest CVS receipt I've ever seen.
2836,621,12,29,128,169,1.3136094674556213,0.04611517695745683,686,What a fascinating list of all of your PTSD triggers.
2670,621,6,41,122,169,1.3136094674556213,0.04127899316855296,686,"Mine's a rental, too."
3061,621,11,31,127,169,1.3136094674556213,0.045344979520150534,686,I was awarded these ribbons by CVS.
3940,621,8,37,124,169,1.3136094674556213,0.0429516010560586,686,Full disclosure . . . ex-wives.
3612,621,14,25,130,169,1.3136094674556213,0.04761821397413944,686,"""Yes, that's from the Battle of CVS. I don't like talking about it."""
3846,621,13,27,129,169,1.3136094674556213,0.046872720466730355,686,I went into a Costco on a Saturday. I don’t like to talk about it.
2799,621,12,29,128,169,1.3136094674556213,0.04611517695745683,686,My wife pins the grocery list there so I don't lose it.
2641,640,10,34,129,173,1.3121387283236994,0.043822785237046,686,...and the last badge is actually just an IOU from the government.
3467,641,11,30,126,167,1.311377245508982,0.0456649653107643,686,"Yes, I'm an Army pharmacist.  Why do you ask?"
4039,641,15,22,130,167,1.311377245508982,0.04872236164641641,686,That's a note from my doctor excusing me from combat due to my bone spurs.
3422,641,11,30,126,167,1.311377245508982,0.0456649653107643,686,"Well, the Commander in Chief insists that I receive his tweets."
3015,641,7,38,122,167,1.311377245508982,0.04238761127101202,686,It's my Purple heart disclaimer.
2609,641,13,26,128,167,1.311377245508982,0.04721841579954529,686,"You see, while I may have lost my medals, I did keep the receipt."
2435,641,8,36,123,167,1.311377245508982,0.04323024931867899,686,"I assure you, Helen, we didn’t charge you twice for Somalia"
2402,641,11,30,126,167,1.311377245508982,0.0456649653107643,686,And that's not even the half of it.
2344,641,8,36,123,167,1.311377245508982,0.04323024931867899,686,It’s the Pentagon shopping list.
1830,641,10,32,125,167,1.311377245508982,0.04486807539822258,686,This one memorializes that fateful day when our batallion ran a bar tab that staggered even the Pentagon budgeters.
1535,641,11,30,126,167,1.311377245508982,0.0456649653107643,686,That’s my commendation ribbon for heroism in the face of hostile tweets.
1362,641,11,30,126,167,1.311377245508982,0.0456649653107643,686,...and that's the one they give you for  cost overruns.
1967,641,8,36,123,167,1.311377245508982,0.04323024931867899,686,Just “checking you out”
735,641,12,28,127,167,1.311377245508982,0.046448185365265106,686,"Oh wow, I see you were pardoned by more than two presidents."
665,641,10,32,125,167,1.311377245508982,0.04486807539822258,686,It's my 'Black Friday' combat ribbon
646,641,9,34,124,167,1.311377245508982,0.0440567738610973,686,"Well, I got tired of answering what the ribbons mean to civilians."
533,641,10,32,125,167,1.311377245508982,0.04486807539822258,686,This one is for extraordinary heroism in tax filing.
49,641,5,42,120,167,1.311377245508982,0.040649967472028606,686,Dollar General.”
1235,641,11,30,126,167,1.311377245508982,0.0456649653107643,686,"No, that's not an ATM in my pocket. And, no, I'm not happy to see you."
1572,659,8,35,121,164,1.3109756097560976,0.04373867990289973,686,Stop staring and thank me for my service!
1735,659,12,27,125,164,1.3109756097560976,0.04703550697076911,686,Need any moisturizer?  I have coupons for it this week.
1743,659,10,31,123,164,1.3109756097560976,0.04541701793185895,686,"Yah, I scored bigtime on Black Friday.  Tanks 20% off, grenades 30% off, bombs buy one get one free."
1751,659,11,29,124,164,1.3109756097560976,0.04623334529222424,686,So the Trump staff tweets the talking points in real time?
2718,659,9,33,122,164,1.3109756097560976,0.04458574681145939,686,"...there's really no need to read this, it's all listed on my tinder profile."
2487,659,11,29,124,164,1.3109756097560976,0.04623334529222424,686,Combat Readiness Ribbon ma'am.  Walmart platoon...Black Friday Ops...zero dark thirty.
2519,659,8,35,121,164,1.3109756097560976,0.04373867990289973,686,"Oh, a medal list, I thought you said medalist."
1863,659,11,29,124,164,1.3109756097560976,0.04623334529222424,686,Its a list of witnesses in case any of my military acts need to be pardoned.
1989,659,10,31,123,164,1.3109756097560976,0.04541701793185895,686,"Distinguished Service, Walmart, Black Friday."
1006,659,10,31,123,164,1.3109756097560976,0.04541701793185895,686,"Most of them are from my time in ‘nam, but one’s from last Thursday in CVS."
1857,659,4,43,117,164,1.3109756097560976,0.040172195898399425,686,If you fill out the survey at the bottom you'll be eligible for a discount on your next purchase.
780,659,9,33,122,164,1.3109756097560976,0.04458574681145939,686,It's a receipt for ribbons and medals that are back-ordered.
3277,659,8,35,121,164,1.3109756097560976,0.04373867990289973,686,All the ribbons fit to print.
3164,659,9,33,122,164,1.3109756097560976,0.04458574681145939,686,I was cashiered out.
550,659,7,37,120,164,1.3109756097560976,0.042874880997631794,686,We're looking at going paperless
455,659,8,35,121,164,1.3109756097560976,0.04373867990289973,686,Retired.  CVS.  You?
3323,659,10,31,123,164,1.3109756097560976,0.04541701793185895,686,"Excuse me, the President is sending me new orders."
73,659,8,35,121,164,1.3109756097560976,0.04373867990289973,686,All I know is one is for losing my memory.
68,659,15,21,128,164,1.3109756097560976,0.04936384317756245,686,That one is from the Battle of CVS.
2982,659,8,35,121,164,1.3109756097560976,0.04373867990289973,686,It's from the War of 15 Items or Less.
3497,659,9,33,122,164,1.3109756097560976,0.04458574681145939,686,"Campaign ribbon, bar tab tally."
3789,659,9,33,122,164,1.3109756097560976,0.04458574681145939,686,I was awarded that after a Black Friday tour at Best Buy
3891,659,10,31,123,164,1.3109756097560976,0.04541701793185895,686,Oh that’s just my receipt from CVS
664,659,10,31,123,164,1.3109756097560976,0.04541701793185895,686,For I am the very model of a modern major general!
2993,659,10,31,123,164,1.3109756097560976,0.04541701793185895,686,"No, it is not a purple heart, though you may also have noticed that my dry cleaners charged an arm and a leg."
165,684,11,28,122,161,1.31055900621118,0.04682134079437119,686,It's instructions on how to blow a whistle.
1042,684,10,30,121,161,1.31055900621118,0.04598476054335667,686,It's the pronouns preferred by each of my direct reports.
3023,686,6,41,124,171,1.3099415204678362,0.04087665902043635,686,The President gave me a ticker tape parade.
687,686,12,29,130,171,1.3099415204678362,0.0456475404627614,686,Stand still. I think I saw a typo.
3226,688,13,30,138,181,1.3093922651933703,0.044554280270229216,686,I was on checkout duty
1046,689,11,29,125,165,1.309090909090909,0.04599092250979998,686,I was awarded that one for Black Friday bravery.
2016,690,6,38,118,162,1.308641975308642,0.04225449224236663,686,I was awarded this by the Procurement Department. It's the receipt for a $300 toilet seat.
1661,690,12,26,124,162,1.308641975308642,0.04738701859443552,686,I don't remember paying for that war.
1406,690,11,28,123,162,1.308641975308642,0.046570895365752325,686,Are those all tweets from your boss??
732,690,12,26,124,162,1.308641975308642,0.04738701859443552,686,These are tweet medals the President has sent me .
702,690,7,36,119,162,1.308641975308642,0.04315232729253137,686,"Don’t ask, just read."
93,690,7,36,119,162,1.308641975308642,0.04315232729253137,686,Got that one for diligently rooting out and then covering up government waste.
3483,690,12,26,124,162,1.308641975308642,0.04738701859443552,686,Those? The overruns on the new bomber.
2688,690,10,30,122,162,1.308641975308642,0.045740212713391765,686,"At the Pentagon, some people call me the Drugstore Cowboy, some people call me the Gangster of Love."
3193,690,9,32,121,162,1.308641975308642,0.044894162459776434,686,That one is for increasing the pentagon budget by twenty percent.
3373,690,11,28,123,162,1.308641975308642,0.046570895365752325,686,I see you served in Kiev
3749,690,7,36,119,162,1.308641975308642,0.04315232729253137,686,This is what it now means to be a 'commissioned officer'.
2277,690,12,26,124,162,1.308641975308642,0.04738701859443552,686,People just want to look at my chest.  Care to tell me how to handle this?
2291,690,14,22,126,162,1.308641975308642,0.048978485107978066,686,"As part of the new zero waste program, I have to wear the department budget. And before you say anything, I don’t know how “Biden Research” got on there."
2074,703,8,38,129,175,1.3085714285714285,0.041852482689744126,686,That's a special commendation for surviving a visit to CVS.
1930,704,10,29,120,159,1.3081761006289307,0.04631959390413101,686,It's from my wife.  A list of things they don't give medals for.
1826,704,10,29,120,159,1.3081761006289307,0.04631959390413101,686,It's a grocery list.  My wife put it where she knew I would see it.
75,706,6,37,117,160,1.30625,0.04251976510434061,686,Master Chief Cashier at Old Navy.
2554,706,11,27,122,160,1.30625,0.04691494629150278,686,The true cost of war is something most people will never know.
3461,706,4,41,115,160,1.30625,0.040628779456510694,686,And I've got the receipt to prove it.
2726,709,13,25,129,167,1.3053892215568863,0.04707180286017913,686,Please do not remove your card until prompted
608,710,11,28,125,164,1.3048780487804879,0.04607767286107956,686,You paid how much for that uniform?
3469,710,11,28,125,164,1.3048780487804879,0.04607767286107956,686,"Myra,I'll remember the groceries without you pinning the list on me."
159,710,11,28,125,164,1.3048780487804879,0.04607767286107956,686,I check out at these holiday parties.
975,713,16,16,126,158,1.3037974683544304,0.05135341591138264,686,"Yes ma'am, you are correct, it is a toupee. Conversely, are those puppies real?"
3579,713,9,30,119,158,1.3037974683544304,0.045527944607497005,686,Could you check it and confirm I received the military discount.
3556,713,10,28,120,158,1.3037974683544304,0.04640495011598184,686,Trump's tweets about me.
3513,713,9,30,119,158,1.3037974683544304,0.045527944607497005,686,And that one is for standing in line at Costco's the day before Thanksgiving.
3362,713,8,32,118,158,1.3037974683544304,0.04463371018747902,686,Every time someone thanks me for my service I give them a receipt
3112,713,6,36,116,158,1.3037974683544304,0.04278921330116941,686,What was the $12.99 for?
2486,713,6,36,116,158,1.3037974683544304,0.04278921330116941,686,Step back.  Anything that prints out is classified.
2395,713,9,30,119,158,1.3037974683544304,0.045527944607497005,686,And that one’s for buying shit at Costco.
3994,713,9,30,119,158,1.3037974683544304,0.045527944607497005,686,I’m the comptroller-general.
1063,713,8,32,118,158,1.3037974683544304,0.04463371018747902,686,I command the commissary
332,713,8,32,118,158,1.3037974683544304,0.04463371018747902,686,Awards bestowed three years ago...now awaiting Senate approval.
172,713,10,28,120,158,1.3037974683544304,0.04640495011598184,686,Oh that.  My wife doesn't' trust me to remember the grocery list.
3877,713,11,26,121,158,1.3037974683544304,0.047265685759864,686,It's a list of talking points from the President.
1915,713,7,34,117,158,1.3037974683544304,0.043721189714101105,686,Oh that? it's a CVS receipt.
1532,727,9,29,118,156,1.3012820512820513,0.04585360943628251,686,Apparently “Target” is also some kind of shopping market.
3919,727,11,25,120,156,1.3012820512820513,0.047623308056168476,686,It's a list of the battles I lost to my wife.
2922,727,8,31,117,156,1.3012820512820513,0.04494263579716196,686,"So those are ""pending""?"
4061,727,16,15,125,156,1.3012820512820513,0.05178363061727792,686,You’re welcome and that’s the receipt for my service.
4054,727,7,33,116,156,1.3012820512820513,0.04401281093565317,686,Who do you think came up with the $600 toilet seats  and $400 hammers .
2741,732,9,28,117,154,1.2987012987012987,0.04618532925956254,686,"Oh, I see you've worked in the Trump administration - in several positions."
2305,732,8,30,116,154,1.2987012987012987,0.04525706796723126,686,It’s not a medal.  My wife pins me with the grocery list.
2665,732,9,28,117,154,1.2987012987012987,0.04618532925956254,686,Please read the small print before I grope you.
3308,732,8,30,116,154,1.2987012987012987,0.04525706796723126,686,They ran out of medals so they gave me a raincheck.
3715,732,6,34,114,154,1.2987012987012987,0.04334094282942356,686,This is proof of the high cost of war.
3766,732,8,30,116,154,1.2987012987012987,0.04525706796723126,686,"If Congress won't take me at my word, I have the receipts to prove it!"
2245,732,7,32,115,154,1.2987012987012987,0.04430936428303814,686,The president requires us to wear an NDA.
3115,732,7,32,115,154,1.2987012987012987,0.04430936428303814,686,"I served under Trump, so there are extenuating circumstances."
1766,732,8,30,116,154,1.2987012987012987,0.04525706796723126,686,"I’m so tired of explaining each one, I just let people read the list."
1178,732,10,26,118,154,1.2987012987012987,0.047095297818761254,686,"It’s a disclaimer, stating that: as a decent citizen; I would blow a whistle; if provoked"
1076,732,5,36,113,154,1.2987012987012987,0.04235038237749155,686,Just ongoing grand jury testimony.
1015,732,9,28,117,154,1.2987012987012987,0.04618532925956254,686,The price of victory
634,732,8,30,116,154,1.2987012987012987,0.04525706796723126,686,"""Actually it's my medals wish list."
584,732,10,26,118,154,1.2987012987012987,0.047095297818761254,686,The label has to stay on  - it's a federal law.
120,732,12,22,120,154,1.2987012987012987,0.04886442419884887,686,They are for good conduct in treacherous social settings.
4004,747,11,23,117,151,1.2980132450331126,0.048641320915202485,686,Good Conduct in the Czech-out line..
3681,747,11,23,117,151,1.2980132450331126,0.048641320915202485,686,It's all the pins I'm entitled to after a pardon from the President.
3658,747,6,33,112,151,1.2980132450331126,0.04386886135544158,686,"It’s my pardon, I don’t leave home without it."
3616,747,8,29,114,151,1.2980132450331126,0.04583751125578329,686,Pick a war..any war.
3473,747,9,27,115,151,1.2980132450331126,0.046790786046770054,686,I also accept tips.
3313,747,8,29,114,151,1.2980132450331126,0.04583751125578329,686,It was awarded for Black Friday 2018.
2977,747,9,27,115,151,1.2980132450331126,0.046790786046770054,686,It helps when I don't know what I don't know.
1905,747,8,29,114,151,1.2980132450331126,0.04583751125578329,686,"Most of them are from me answering ""Yes"", to people asking, ""What? Do you want a medal for that!"""
1387,747,9,27,115,151,1.2980132450331126,0.046790786046770054,686,Who says the military is never held to account?
1274,747,8,29,114,151,1.2980132450331126,0.04583751125578329,686,"If you are brave enough, eventually you run out of space."
1073,747,8,29,114,151,1.2980132450331126,0.04583751125578329,686,"Defense Appropriations Medal, Madam."
308,747,8,29,114,151,1.2980132450331126,0.04583751125578329,686,"It's the Award of Merit
for Distinguished Budgetary Audacity."
2017,759,8,30,117,155,1.2967741935483872,0.04500541656027989,686,I like to let my military achievements text for themselves.
2197,760,6,32,111,149,1.2953020134228188,0.04416153143175798,686,My list of White House Rules
2517,760,11,22,116,149,1.2953020134228188,0.049027690810746656,686,That one catalogs POTUS's untruths.
2668,760,11,22,116,149,1.2953020134228188,0.049027690810746656,686,"Oh, that's just my Twitter feed."
3633,760,8,28,113,149,1.2953020134228188,0.04616958199434513,686,I got that one for being in Walmart on a Saturday.
3968,760,9,26,114,149,1.2953020134228188,0.047141542434457555,686,I got these during my two tours in 'Aisle 5'.
2422,760,8,28,113,149,1.2953020134228188,0.04616958199434513,686,Lean budget: we are running out of ribbons and medals. We are replacing them with a printout of our merits...
1803,760,11,22,116,149,1.2953020134228188,0.049027690810746656,686,It's a Combat Action Receipt for Black Friday at Walmart.
2272,760,6,32,111,149,1.2953020134228188,0.04416153143175798,686,I moonlight as a cash register.
1300,760,7,30,112,149,1.2953020134228188,0.045176715019635424,686,Mr. Trump said the military must be ready for a ticker tape parade at all times.
851,760,9,26,114,149,1.2953020134228188,0.047141542434457555,686,I got that one for a covert op at CVS.
1694,760,10,24,115,149,1.2953020134228188,0.04809386389828714,686,I command the CVS division
4037,771,9,30,125,164,1.2926829268292683,0.04408411708007125,686,I said freedom ain’t for free…and now here’s your bill.
3028,772,7,29,111,147,1.2925170068027212,0.04549491186152165,686,To be a General you have to be constantly calculating.
3012,772,12,19,116,147,1.2925170068027212,0.05035600069371464,686,Is that your subpoena or resignation letter? They're going around like candy these days.
3004,772,5,33,109,147,1.2925170068027212,0.043398284356141514,686,"This conversation alone has cost the taxpayers $1,000."
2965,772,7,29,111,147,1.2925170068027212,0.04549491186152165,686,"A political statement about the U.S. military being for sale to foreign dictators?  Ma'am I... Aw, heck! I forgot to take the dang ticket off at the cleaner's again."
2840,772,11,21,115,147,1.2925170068027212,0.04942204817437088,686,...and this one is for my achievements in military spending.
2346,772,10,23,114,147,1.2925170068027212,0.04847010300829041,686,That one’s for valor displayed in the skirmish of aisle four at the CVS on West 77th.
2271,772,12,19,116,147,1.2925170068027212,0.05035600069371464,686,See any foreign interests I can interest you in?
2233,772,10,23,114,147,1.2925170068027212,0.04847010300829041,686,"CV?  Oh no, CVS."
2186,772,11,21,115,147,1.2925170068027212,0.04942204817437088,686,It’s the White Tape commendation for reading all of the Presidents tweets.
2048,772,10,23,114,147,1.2925170068027212,0.04847010300829041,686,"Ma'am, you're giving me a military industrial complex."
1842,772,7,29,111,147,1.2925170068027212,0.04549491186152165,686,"I'm in the doghouse at home, and so, Yes Ma'am, that is indeed my wife's grocery list."
2556,772,6,31,110,147,1.2925170068027212,0.04445895911030836,686,Actually I'm in Supply.  This is today's Costco list.
3083,772,5,33,109,147,1.2925170068027212,0.043398284356141514,686,From the Commander in Chief : A bill to NATO.
3111,772,7,29,111,147,1.2925170068027212,0.04549491186152165,686,It's just a rough estimate of what my career costs in taxpayer dollars
3207,772,10,23,114,147,1.2925170068027212,0.04847010300829041,686,"Yes, it is my Christmas wish list. Proud to serve. Proud to believe!"
3343,772,5,33,109,147,1.2925170068027212,0.043398284356141514,686,Lighter than hanging 50 medals!
3393,772,3,37,107,147,1.2925170068027212,0.04119508665879235,686,Including tips?
3492,772,9,25,113,147,1.2925170068027212,0.04749908341766955,686,I believe that there must be accountability in the armed forces...
3522,772,7,29,111,147,1.2925170068027212,0.04549491186152165,686,My medal for small talk comes with over thirty conversation topics if you’d like to choose one?
3600,772,9,25,113,147,1.2925170068027212,0.04749908341766955,686,You’re welcome. This is the itemized bill for my service.
3757,772,8,27,112,147,1.2925170068027212,0.04650779467361549,686,"I earned these medals, and these tweets."
3953,772,11,21,115,147,1.2925170068027212,0.04942204817437088,686,Then I realized that I was forgetting about all the LinkedIn endorsements...
3874,772,7,29,111,147,1.2925170068027212,0.04549491186152165,686,It says I have 30 days to decide if I want to return the medal.
3806,772,10,23,114,147,1.2925170068027212,0.04847010300829041,686,That one's for Operation Extreme Couponing.
3779,772,10,23,114,147,1.2925170068027212,0.04847010300829041,686,"What’s this? An itemized receipt for loss of marriage, loss of children, loss of house, loss of limb et al. Goodness me, how does one assess the value?”
“Well, ma’am, I thought the phrase ‘Thank you for your sacrifice’ could use some specificity."
1773,772,9,25,113,147,1.2925170068027212,0.04749908341766955,686,You're a taxpayer! Do you want your receipt?
3109,772,12,19,116,147,1.2925170068027212,0.05035600069371464,686,And that's for my time at CVS
1720,772,8,27,112,147,1.2925170068027212,0.04650779467361549,686,These are only of few of my best pickup lines...
1508,772,5,33,109,147,1.2925170068027212,0.043398284356141514,686,That one's for being in charge of procurement.
1655,772,11,21,115,147,1.2925170068027212,0.04942204817437088,686,Just call me Prince Charmin.
1674,772,8,27,112,147,1.2925170068027212,0.04650779467361549,686,That’s for my service in the never-ending wars
19,772,10,23,114,147,1.2925170068027212,0.04847010300829041,686,"As you can see, the cost of war is going up."
87,772,10,23,114,147,1.2925170068027212,0.04847010300829041,686,The commander-in-chief is tweeting again.
100,772,11,21,115,147,1.2925170068027212,0.04942204817437088,686,The Administration gave me a receipt for my ethics.
129,772,7,29,111,147,1.2925170068027212,0.04549491186152165,686,It means I was cashiered. Any other stupid questions?
279,772,8,27,112,147,1.2925170068027212,0.04650779467361549,686,It was awarded for extraordinary  deficit procurement
289,772,8,27,112,147,1.2925170068027212,0.04650779467361549,686,"Yes, it's a receipt. Did you think they gave these things away?"
373,772,9,25,113,147,1.2925170068027212,0.04749908341766955,686,For injuries sustained during a brief incursion with my wife into Bloomingdale's lingerie department on Black Friday.
375,772,9,25,113,147,1.2925170068027212,0.04749908341766955,686,For valor in shopping at CVS.
592,772,8,27,112,147,1.2925170068027212,0.04650779467361549,686,I earned this one on Black Friday.
616,772,5,33,109,147,1.2925170068027212,0.043398284356141514,686,Everyone asks. I was in the purchasing department.
527,772,8,27,112,147,1.2925170068027212,0.04650779467361549,686,"I. Am. A. Robot.
I am printing your drink receipt.
Running. Out. Of. Ink."
752,772,10,23,114,147,1.2925170068027212,0.04847010300829041,686,It’s for Bravery Before Congress and its the actual transcript.
800,772,7,29,111,147,1.2925170068027212,0.04549491186152165,686,CVS sponsors the military now?
1031,772,10,23,114,147,1.2925170068027212,0.04847010300829041,686,"If you fill out their evaluation before midnight, they'll send four more ribbons."
1087,772,10,23,114,147,1.2925170068027212,0.04847010300829041,686,I won that one for bravery at a CVS register.
1115,772,7,29,111,147,1.2925170068027212,0.04549491186152165,686,It happens every time I used the self-check-out.
1210,772,9,25,113,147,1.2925170068027212,0.04749908341766955,686,This new administration is forcing the military to list to the left.
1216,772,7,29,111,147,1.2925170068027212,0.04549491186152165,686,"They can subpoena me.  As you can see, I have the receipts."
1268,772,9,25,113,147,1.2925170068027212,0.04749908341766955,686,...and this one is from the Battle of Black Friday.
704,772,10,23,114,147,1.2925170068027212,0.04847010300829041,686,It's for not killing anyone while waiting for my CVS receipt.
1145,823,7,32,119,158,1.2911392405063291,0.043346094827770375,686,"Your tax dollars at work, mam."
1848,824,8,26,111,145,1.289655172413793,0.046852300510778884,686,I didn't charge you for the bit about Jim Mattis; the rest comes to $28.50
1644,824,11,20,114,145,1.289655172413793,0.04982463632573159,686,I am now required to wear a lie meter
1717,824,8,26,111,145,1.289655172413793,0.046852300510778884,686,It's my pardon.
1790,824,10,22,113,145,1.289655172413793,0.04885395525828369,686,and this one was given to me by the industrial military complex
1816,824,6,30,109,145,1.289655172413793,0.04476122408878334,686,"Iraq, Afganistan, CVS."
1530,824,4,34,107,145,1.289655172413793,0.04256754985549702,686,What makes you think I bought any of these?
1956,824,6,30,109,145,1.289655172413793,0.04476122408878334,686,Your best before date was yesterday.
1919,824,7,28,110,145,1.289655172413793,0.04581869293791896,686,"I've kept the receipts, just in case the honors need to be returned."
1366,824,7,28,110,145,1.289655172413793,0.04581869293791896,686,Are you looking at my chest?
2287,824,6,30,109,145,1.289655172413793,0.04476122408878334,686,It's a receipt for the medals I bought.
2481,824,8,26,111,145,1.289655172413793,0.046852300510778884,686,That I received after I single-handedly saved more than 2000 bonus points.
2495,824,3,36,106,145,1.289655172413793,0.04142717538147149,686,"Well, I also like to keep abreast of what's happening on Wall  Street."""
1850,824,11,20,114,145,1.289655172413793,0.04982463632573159,686,The Battle of Black Friday saw some of my finest accomplishments.
1086,824,7,28,110,145,1.289655172413793,0.04581869293791896,686,"Ironically, it was awarded to me for reducing Pentagon waste!"
3399,824,5,32,108,145,1.289655172413793,0.04367816091954022,686,I hate it when the President has me pick up groceries.
866,824,9,24,112,145,1.289655172413793,0.04786359267507359,686,That one is for snagging the best Black Friday deals at Costco.
492,824,10,22,113,145,1.289655172413793,0.04885395525828369,686,"There’s a new one every week, so we’ve gone electronic."
426,824,11,20,114,145,1.289655172413793,0.04982463632573159,686,"Rock, paper, scissors."
237,824,7,28,110,145,1.289655172413793,0.04581869293791896,686,It's a new attempt to make military spending readily transparent to the public.
117,824,11,20,114,145,1.289655172413793,0.04982463632573159,686,It was a particularly dangerous CVS.
61,824,7,28,110,145,1.289655172413793,0.04581869293791896,686,That one is 'Best in Show.'
3610,824,9,24,112,145,1.289655172413793,0.04786359267507359,686,You can remove your credit card now.
2767,824,7,28,110,145,1.289655172413793,0.04581869293791896,686,I kick butt and take names.
3148,824,6,30,109,145,1.289655172413793,0.04476122408878334,686,I now deeply regret winning the Medal for Valorous Accounting.
3325,824,14,14,117,145,1.289655172413793,0.05262937114226706,686,My 24/7 duty is to read in real-time the President's twitter feed.  The medals light up to alert me to DEFCON changes. And my tie cinches tighter whenever the press asks the President a hard question about the military.
3312,824,4,34,107,145,1.289655172413793,0.04256754985549702,686,These are just the cover-ups that have been declassified.
2577,824,7,28,110,145,1.289655172413793,0.04581869293791896,686,"I received that award by email, as well."""
868,824,10,22,113,145,1.289655172413793,0.04885395525828369,686,"Well, you look good on paper but..."
2611,824,11,20,114,145,1.289655172413793,0.04982463632573159,686,It's a petition to the Commander in Chief to revoke his authority to poke his nose in the Pentagon's affairs. Care to sign?
1385,853,8,28,116,152,1.2894736842105263,0.04537860074596002,686,It's the easiest way to keep up with all the changes.
1013,854,4,31,101,136,1.286764705882353,0.044167546218019944,686,They’re I.O.U’s since the last sequestration.
2883,855,10,21,112,143,1.2867132867132867,0.04924564167428332,686,I got that one for valor at the Battle of CVS
1606,855,8,25,110,143,1.2867132867132867,0.047203253186966256,686,They didn't give me all the medals I deserved so I wrote them down.
1243,855,7,27,109,143,1.2867132867132867,0.046148174993094856,686,I got that for my tour of duty at the CVS in Kandahar.
1203,855,8,25,110,143,1.2867132867132867,0.047203253186966256,686,"Ah! Yes, well, HOPING for reimbursements."
1185,855,5,31,107,143,1.2867132867132867,0.043962119406532656,686,These days accountability takes many forms.
763,855,7,27,109,143,1.2867132867132867,0.046148174993094856,686,That's the transcript of my testimony.
374,855,10,21,112,143,1.2867132867132867,0.04924564167428332,686,It's a list of favors I owe Trump. One for each medal.
1836,855,8,25,110,143,1.2867132867132867,0.047203253186966256,686,"Personal conquest,,,,wanna add your name?"
191,855,7,27,109,143,1.2867132867132867,0.046148174993094856,686,"I knew I recognized you from somewhere. Costco, right?"
3069,855,6,29,108,143,1.2867132867132867,0.04506840355452776,686,"It's for meritorious spending in time of peace."""
3584,855,7,27,109,143,1.2867132867132867,0.046148174993094856,686,Got it for saving a fax machine under heavy  fire.
3614,855,7,27,109,143,1.2867132867132867,0.046148174993094856,686,This one I got for shopping with the wife on Black Friday.
3754,855,6,29,108,143,1.2867132867132867,0.04506840355452776,686,"Oh, don't worry about the running tab. We'll get the taxpayers to cover."
2928,855,9,23,111,143,1.2867132867132867,0.04823525855297528,686,Let's just say I was *pretty* high up at CVS!
2633,855,6,29,108,143,1.2867132867132867,0.04506840355452776,686,"Yes, I do shop at CVS."
65,870,7,26,107,140,1.2857142857142858,0.046772188798323865,686,It's a running total of government ecpenditure for our night out
3270,870,10,22,115,147,1.2857142857142858,0.04826695559996328,686,My wife wants me to stop at the grocery store after the party.
1352,870,7,26,107,140,1.2857142857142858,0.046772188798323865,686,My wife stitched this one on to remind me of what to pick up on the way home.
3113,870,11,22,121,154,1.2857142857142858,0.047619047619047616,686,Those are my military awards I have received via Twitter
335,870,6,30,111,147,1.2857142857142858,0.04423739552038088,686,This is from the cost overrun campaign.
2819,875,8,21,101,130,1.2846153846153847,0.050323480004737006,686,It's my list of who's naughty and nice.
1022,876,5,21,83,109,1.2844036697247707,0.05228672213346447,686,"Not General Retreat. General Receipt."""
3931,877,6,30,112,148,1.2837837837837838,0.0439798677602105,686,Thank you for your weapons purchase.   Your receipt is printing now.
2559,878,10,20,111,141,1.2836879432624113,0.04964539007092198,686,"If my resignation is requested, Costco's uniform refund policy applies."
2546,878,9,22,110,141,1.2836879432624113,0.048614273960435536,686,It's my bucket list for other medals.
2533,878,9,22,110,141,1.2836879432624113,0.048614273960435536,686,I was once wounded shopping at a CVS.
2474,878,10,20,111,141,1.2836879432624113,0.04964539007092198,686,I got this one after my second tour of duty at CVS.
1477,878,5,30,106,141,1.2836879432624113,0.04425018804847509,686,That’s the disclaimer.
1868,878,11,18,112,141,1.2836879432624113,0.050655521691990474,686,This is my receipt for claiming that Trump is a true patriot.
2196,878,8,24,109,141,1.2836879432624113,0.04756080855185876,686,"Oh, sorry; did you say you'd prefer your receipt emailed?"""
1874,878,9,22,110,141,1.2836879432624113,0.048614273960435536,686,I received this Customer Service Ribbon in the 6th Ave CVS Division.
1574,878,7,26,108,141,1.2836879432624113,0.046483474348555785,686,Black Friday 2018. Brick and mortar everywhere.
1668,878,8,24,109,141,1.2836879432624113,0.04756080855185876,686,I can't speak to that but you can read my thoughts.
1722,878,9,22,110,141,1.2836879432624113,0.048614273960435536,686,You thought your outfit is expensive? Check how much mine costs taxpayers!
2692,878,9,22,110,141,1.2836879432624113,0.048614273960435536,686,"Sure, I love explaining why we spend so much on defense."
2773,878,6,28,107,141,1.2836879432624113,0.045380571447692516,686,I am just as proud to say that I did the grocery shopping this week.
2261,878,5,30,106,141,1.2836879432624113,0.04425018804847509,686,"Since no one knows what they mean, I printed a list of descriptions."
2886,878,5,30,106,141,1.2836879432624113,0.04425018804847509,686,"Why yes, I am in procurement and supply. How did you know?"
2985,878,8,24,109,141,1.2836879432624113,0.04756080855185876,686,No! I earned these without any help from President Trump.
3033,878,5,30,106,141,1.2836879432624113,0.04425018804847509,686,I got tired of explaining what the medals are for so I made a list for anyone who cares to read it.
3043,878,11,18,112,141,1.2836879432624113,0.050655521691990474,686,"It's amazing really. The longer I support Trump, the longer my list of accomplishments. May I grab your pussy now?"
3342,878,8,24,109,141,1.2836879432624113,0.04756080855185876,686,Oh my!  I thought the drinks were free
3613,878,9,22,110,141,1.2836879432624113,0.048614273960435536,686,"They were all bad people, mam."
1409,878,11,18,112,141,1.2836879432624113,0.050655521691990474,686,How long have you been Lieutenant Commander of CVS?
3687,878,13,14,114,141,1.2836879432624113,0.052617640797313917,686,I got them at CVS.
3705,878,10,20,111,141,1.2836879432624113,0.04964539007092198,686,This one I got from being at Walmart on a Saturday.
3710,878,10,20,111,141,1.2836879432624113,0.04964539007092198,686,This is the list of President insults to Army.
3745,878,8,24,109,141,1.2836879432624113,0.04756080855185876,686,For some reason they called me The Human Calculator at West Point.
3921,878,8,24,109,141,1.2836879432624113,0.04756080855185876,686,"No, that one is from Haliburton."
3954,878,8,24,109,141,1.2836879432624113,0.04756080855185876,686,I run the Pentagon's procurement office.
2876,878,10,20,111,141,1.2836879432624113,0.04964539007092198,686,It's a list explaining all the decorations.
1319,878,11,18,112,141,1.2836879432624113,0.050655521691990474,686,That one I got at Dollar General.
1754,878,4,32,105,141,1.2836879432624113,0.04309016151897889,686,Those are the president's tweets about me
1110,878,7,26,108,141,1.2836879432624113,0.046483474348555785,686,New medals designed by Banksy.  Please don’t pull on it.
1171,878,10,20,111,141,1.2836879432624113,0.04964539007092198,686,I have to stop for groceries on the way home.
20,878,7,26,108,141,1.2836879432624113,0.046483474348555785,686,It’s the receipt. They’re rented. You got a problem with that?”
30,878,9,22,110,141,1.2836879432624113,0.048614273960435536,686,I'm issuing you a security clearance to my pants.
48,878,9,22,110,141,1.2836879432624113,0.048614273960435536,686,Jot down your name and number to thank me for my service.
55,878,8,24,109,141,1.2836879432624113,0.04756080855185876,686,Been to CVS lately?
143,878,10,20,111,141,1.2836879432624113,0.04964539007092198,686,The tab’s on me.
207,878,8,24,109,141,1.2836879432624113,0.04756080855185876,686,"As you can see, I'm not a complete sell out."
316,878,7,26,108,141,1.2836879432624113,0.046483474348555785,686,It’s an itemized bill for people who honestly want to thank me for my service.
317,878,8,24,109,141,1.2836879432624113,0.04756080855185876,686,"Mostly for combat, but that one’s from CVS."
344,878,13,14,114,141,1.2836879432624113,0.052617640797313917,686,...and that one is for distinguished service at CVS.
372,878,8,24,109,141,1.2836879432624113,0.04756080855185876,686,Overbudget one lousy billion dollar officer's john and they never let you forget.
141,878,7,26,108,141,1.2836879432624113,0.046483474348555785,686,"Inducted in ‘73, cashiered in ‘13."
439,878,9,22,110,141,1.2836879432624113,0.048614273960435536,686,I got this one for bombing Costco
892,878,8,24,109,141,1.2836879432624113,0.04756080855185876,686,I didn't know they give medals for accounting.
436,878,7,26,108,141,1.2836879432624113,0.046483474348555785,686,I'm tired of explaining what they're for.
886,878,8,24,109,141,1.2836879432624113,0.04756080855185876,686,Wow!  A list of wars you’ve fought in since I was born.
877,878,7,26,108,141,1.2836879432624113,0.046483474348555785,686,"So, according to that Haliburton receipt those patches cost $250,000?"
683,878,6,28,107,141,1.2836879432624113,0.045380571447692516,686,They came at a price.
847,878,7,26,108,141,1.2836879432624113,0.046483474348555785,686,"Actually, I'm the General's teleprompter."
597,878,9,22,110,141,1.2836879432624113,0.048614273960435536,686,They gave us a printer since our orders come via Twitter these days.
521,878,7,26,108,141,1.2836879432624113,0.046483474348555785,686,I'm the general in charge of the Office of Management and Budget.
503,878,8,24,109,141,1.2836879432624113,0.04756080855185876,686,It may look a little out of place but this is a big deal in Army Accounting.
462,878,9,22,110,141,1.2836879432624113,0.048614273960435536,686,"It's an 'I participated' ribbon. Budget cuts, you know."
79,932,7,22,98,127,1.2834645669291338,0.04986876640419947,686,"Yes, ma'am.  I served in the Banana Republic."
1579,933,6,27,105,138,1.2826086956521738,0.045984569177401784,686,It's a list of orders from my wife.
2308,933,4,31,103,138,1.2826086956521738,0.04362347483680385,686,"... Vietnam, Kuwait, Mosul.... And that one's my wife's grocery list."
2028,933,8,23,107,138,1.2826086956521738,0.04823021509412167,686,"I served in CVS, Walgreens and Costco"
2220,933,7,25,106,138,1.2826086956521738,0.04712077169601795,686,The Battle of CVS.
2298,933,12,15,111,138,1.2826086956521738,0.05243376525878362,686,That one was for telling the Commander-in-Chief to go fuck himself.
1877,933,8,23,107,138,1.2826086956521738,0.04823021509412167,686,"No, that is not a receipt for my ""little costume."""
2543,933,9,21,108,138,1.2826086956521738,0.04931470542163095,686,I made sure they gave me a receipt when i pawned my other medals off.
2468,933,7,25,106,138,1.2826086956521738,0.04712077169601795,686,My wife doesn't let me go anywhere without a to-do list!
2492,933,6,27,105,138,1.2826086956521738,0.045984569177401784,686,is that my bar tab?
2545,933,7,25,106,138,1.2826086956521738,0.04712077169601795,686,It’s from my time in the Walgreen Berets.
2594,933,7,25,106,138,1.2826086956521738,0.04712077169601795,686,I find it best to keep a transcript of all my conversations.  You can keep the paper copy of this one.
1503,933,5,29,104,138,1.2826086956521738,0.04481957250615243,686,One more and I get a pinata.
2777,933,7,25,106,138,1.2826086956521738,0.04712077169601795,686,It's a subpoena.
2314,933,6,27,105,138,1.2826086956521738,0.045984569177401784,686,"That day there was no receipt, no surrender."
1494,933,10,19,109,138,1.2826086956521738,0.050375854271855605,686,"No, it's a grocery list my wife gave me."
3090,933,10,19,109,138,1.2826086956521738,0.050375854271855605,686,And this one is for serving at the front of CVS.
947,933,7,25,106,138,1.2826086956521738,0.04712077169601795,686,My wife asked me to do the shopping this week.
3839,933,6,27,105,138,1.2826086956521738,0.045984569177401784,686,"I told them we shouldn't buy our uniforms from CVS, but here we are."
3480,933,8,23,107,138,1.2826086956521738,0.04823021509412167,686,I broke up a fistfight at CVS.
3272,933,7,25,106,138,1.2826086956521738,0.04712077169601795,686,CIA and CVS
3268,933,4,31,103,138,1.2826086956521738,0.04362347483680385,686,I'm being monitored for cost overruns.
3200,933,6,27,105,138,1.2826086956521738,0.045984569177401784,686,I really do have a laundry list of accomplishments.
2913,933,9,21,108,138,1.2826086956521738,0.04931470542163095,686,"Yes, and that one is from Black Friday 1993, Mall of America."
1435,933,6,27,105,138,1.2826086956521738,0.045984569177401784,686,I was running out of jacket.
3089,933,11,17,110,138,1.2826086956521738,0.051415106889086876,686,Distinguished Secret Shopper.
506,933,7,25,106,138,1.2826086956521738,0.04712077169601795,686,It’s the receipt for my political contributions.
618,933,7,25,106,138,1.2826086956521738,0.04712077169601795,686,"Black Friday, 1983. I never did get that Cabbage Patch Kid."
648,933,5,29,104,138,1.2826086956521738,0.04481957250615243,686,I have a grocery list of achievements.
776,933,5,29,104,138,1.2826086956521738,0.04481957250615243,686,"No, it isn’t a receipt from a costume shop!"
843,933,11,17,110,138,1.2826086956521738,0.051415106889086876,686,I'm a five-star general at CVS.
920,933,9,21,108,138,1.2826086956521738,0.04931470542163095,686,"No Mam, it's not for being in the most  ticker tape parades."
300,933,10,19,109,138,1.2826086956521738,0.050375854271855605,686,Is that a CVS receipt?
3040,933,8,23,107,138,1.2826086956521738,0.04823021509412167,686,That one is for valiantly shopping at CVS.
345,966,7,25,107,139,1.2805755395683454,0.046824706304139325,686,Military accountants don't get medals we get tally sheets
56,967,10,20,113,143,1.2797202797202798,0.04902837527748082,686,My wife insists I'll forget to pickup groceries.
2997,968,4,30,102,136,1.2794117647058822,0.043899241523996296,686,My last commission was at CVS.
2936,968,6,26,104,136,1.2794117647058822,0.04631423463827765,686,Sixty thousand followers on Instagram etc. etc. etc.
2884,968,5,28,103,136,1.2794117647058822,0.0451228973832111,686,The receipt's for courageous shopping at a Walmart on Black Friday.
2710,968,6,26,104,136,1.2794117647058822,0.04631423463827765,686,Everything comes with a price
3142,968,4,30,102,136,1.2794117647058822,0.043899241523996296,686,Damn Pentagon accountants. Turns out there is a price for freedom.
2599,968,8,22,106,136,1.2794117647058822,0.048609394707985344,686,I kept the receipt so I can return them after the party.
2460,968,7,24,105,136,1.2794117647058822,0.04747568632471863,686,That one is for my service at CVS.
2479,968,7,24,105,136,1.2794117647058822,0.04747568632471863,686,"Tweets, for the latest directives."
3163,968,6,26,104,136,1.2794117647058822,0.04631423463827765,686,"Yes ma'am,  I have a list here of every politician who tried to purchase me."
2348,968,6,26,104,136,1.2794117647058822,0.04631423463827765,686,I see you served three tours in the Amazon fulfillment center.
2399,968,7,24,105,136,1.2794117647058822,0.04747568632471863,686,"Black Friday Sale, 1993."
2447,968,8,22,106,136,1.2794117647058822,0.048609394707985344,686,It's his Tweet readout. You never know.
2584,968,7,24,105,136,1.2794117647058822,0.04747568632471863,686,"Don´t mean to brag, but it´s this long"""
3169,968,3,32,101,136,1.2794117647058822,0.04264048480620878,686,I was in the procurement division.
2347,968,8,22,106,136,1.2794117647058822,0.048609394707985344,686,His list of insults grows by the tweet.
3310,968,8,22,106,136,1.2794117647058822,0.048609394707985344,686,"Wow, I've never met a Walgreen Beret before."
3336,968,7,24,105,136,1.2794117647058822,0.04747568632471863,686,I’m an officer in the self service.
3533,968,5,28,103,136,1.2794117647058822,0.0451228973832111,686,That one is for shopping at Zabar's on Thanksgiving Eve.
3564,968,7,24,105,136,1.2794117647058822,0.04747568632471863,686,"Ma’am, I’d appreciate it if you stopped looking at my chest."
3671,968,5,28,103,136,1.2794117647058822,0.0451228973832111,686,"Hey, my ribbons are up here!"
3725,968,6,26,104,136,1.2794117647058822,0.04631423463827765,686,"It just says my ""eyes are up here"" repeatedly."
3809,968,6,26,104,136,1.2794117647058822,0.04631423463827765,686,I'm now deployed somewhere between national security and mall security.
3825,968,7,24,105,136,1.2794117647058822,0.04747568632471863,686,That one's for extraordinary valor at CVS.
3866,968,7,24,105,136,1.2794117647058822,0.04747568632471863,686,Whoever said war is hell never had to do a tour with CVS.
3896,968,5,28,103,136,1.2794117647058822,0.0451228973832111,686,"When I hollered, ""Charge,"" the battlefield recorder picked it up."
3950,968,6,26,104,136,1.2794117647058822,0.04631423463827765,686,That one? Wounded in the Battle of Black Friday.
4034,968,8,22,106,136,1.2794117647058822,0.048609394707985344,686,When did you earn your Costco Gold Star?
4057,968,6,26,104,136,1.2794117647058822,0.04631423463827765,686,That one’s for bravery in the face of long CVS receipts.
3215,968,3,32,101,136,1.2794117647058822,0.04264048480620878,686,It's a list of medals I think I should have received.
2185,968,4,30,102,136,1.2794117647058822,0.043899241523996296,686,Those are the legal disclaimers that go with all of my pins.
3348,968,7,24,105,136,1.2794117647058822,0.04747568632471863,686,"I promise you, they are real, but the Commander in Chief begged I show what they cost."
2132,968,8,22,106,136,1.2794117647058822,0.048609394707985344,686,"First, I was wined and dined. Now I'm running a tab. Firing by Tweet is only a matter of time."
238,968,7,24,105,136,1.2794117647058822,0.04747568632471863,686,"Good News Mam, you've saved $5.24 on new defense spending!"
272,968,4,30,102,136,1.2794117647058822,0.043899241523996296,686,And that's how we won the war on Christmas.
278,968,4,30,102,136,1.2794117647058822,0.043899241523996296,686,That one's for self-checkout.
292,968,5,28,103,136,1.2794117647058822,0.0451228973832111,686,'I'm doing some consulting work for CVS Pharmacy.'
2140,968,11,16,109,136,1.2794117647058822,0.05186203466407415,686,Like everyone else here I'm for sale. Take a number.
299,968,4,30,102,136,1.2794117647058822,0.043899241523996296,686,It was either this or have my citations e-mailed to me.
343,968,6,26,104,136,1.2794117647058822,0.04631423463827765,686,I thought your Tinder profile said you like army badges.
412,968,7,24,105,136,1.2794117647058822,0.04747568632471863,686,I spent the war as an ink jet pilot.
468,968,9,20,107,136,1.2794117647058822,0.049717257725566,686,It's the new medal for cyber warfare.
536,968,6,26,104,136,1.2794117647058822,0.04631423463827765,686,I see you were wounded during Black Friday.
620,968,4,30,102,136,1.2794117647058822,0.043899241523996296,686,"To break the ice, I’ve attached a list of questions about my service ribbons that you may want to ask me."
848,968,6,26,104,136,1.2794117647058822,0.04631423463827765,686,I wondered where I put my grocery list
256,968,8,22,106,136,1.2794117647058822,0.048609394707985344,686,And that one I received from CVS for hydrating ointment.
1699,968,7,24,105,136,1.2794117647058822,0.04747568632471863,686,So Saudi Arabia is paying for the wine as well?
900,968,8,22,106,136,1.2794117647058822,0.048609394707985344,686,I did two tours in CVS.
923,968,9,20,107,136,1.2794117647058822,0.049717257725566,686,"This is the 3rd retirement party in 3 nights.  Yeah, he said that he doesn't need Generals anymore."
899,968,8,22,106,136,1.2794117647058822,0.048609394707985344,686,It's not a medal. I just got some gum at CVS.
970,968,6,26,104,136,1.2794117647058822,0.04631423463827765,686,That one’s from my stint in the CVS.
986,968,7,24,105,136,1.2794117647058822,0.04747568632471863,686,All those battles ma'am. They come with a price tag.
1061,968,6,26,104,136,1.2794117647058822,0.04631423463827765,686,That’s for Operation Walmart on Black Friday.
1101,968,5,28,103,136,1.2794117647058822,0.0451228973832111,686,I earned that at the Battle of CVS.
1120,968,8,22,106,136,1.2794117647058822,0.048609394707985344,686,"If you absolutely must know, it’s a shopping list from my wife."
1236,968,8,22,106,136,1.2794117647058822,0.048609394707985344,686,It appears I've been subpoenaed for that last comment.
1639,968,6,26,104,136,1.2794117647058822,0.04631423463827765,686,"It's my duty to inform you that my eyes are up here, ma'am!"
12,1024,6,35,128,169,1.2781065088757397,0.04022031556644713,686,"Oh, and that one recognizes the paper trail I conquered."
247,1025,7,22,101,130,1.2769230769230768,0.04885740952771086,686,They said they could kill two birds with one stone if I let them attach tonight’s menu.
1764,1025,7,22,101,130,1.2769230769230768,0.04885740952771086,686,"Sorry, you're not on my dance list"
1994,1025,7,22,101,130,1.2769230769230768,0.04885740952771086,686,"The ribbon?  It’s my wife’s grocery list. If I forget the sugar this time, she’ll take my right arm."
2775,1025,5,26,99,130,1.2769230769230768,0.04635218761832849,686,What makes you think I'm upset about the reception tab?
827,1029,7,23,104,134,1.2761194029850746,0.04783705819755782,686,"Oh, THAT price freedom."
1923,1029,8,21,105,134,1.2761194029850746,0.0489959690957387,686,This was awarded to me after the Black Friday campaign of '08.
1275,1029,8,21,105,134,1.2761194029850746,0.0489959690957387,686,Proof of purchase.
1147,1029,5,27,102,134,1.2761194029850746,0.045430633230546524,686,That’s a receipt...somebody just bought me.
1099,1029,8,21,105,134,1.2761194029850746,0.0489959690957387,686,And this is the cost of the buffet.
1010,1029,7,23,104,134,1.2761194029850746,0.04783705819755782,686,It's my To Conquer list.
2127,1029,5,27,102,134,1.2761194029850746,0.045430633230546524,686,"For my distinguished service at the 57th Street CVS, ma'am."
904,1029,6,25,103,134,1.2761194029850746,0.04664936533718852,686,It's my impeachment testimony transcript.
2057,1029,6,25,103,134,1.2761194029850746,0.04664936533718852,686,"The red ones were Iraq, and the blue ones Afghanistan. The long white one is my grocery list."
779,1029,5,27,102,134,1.2761194029850746,0.045430633230546524,686,Could I have your fax number
3926,1029,6,25,103,134,1.2761194029850746,0.04664936533718852,686,Every badge here came with it's price.
192,1029,10,17,107,134,1.2761194029850746,0.05123520946476824,686,Excuse me sir. I’d just like to ‘tank’ you for picking up everyones tab tonight.
38,1029,5,27,102,134,1.2761194029850746,0.045430633230546524,686,"Honey, I think we should switch to the mobile CVS receipts."
2615,1029,8,21,105,134,1.2761194029850746,0.0489959690957387,686,That last one is for winning the Battle of Black Friday
2677,1029,8,21,105,134,1.2761194029850746,0.0489959690957387,686,Thank you for your CVS.
2932,1029,6,25,103,134,1.2761194029850746,0.04664936533718852,686,That's a list of the times the POTUS saved my ass from that silly military code of honor.
3765,1029,7,23,104,134,1.2761194029850746,0.04783705819755782,686,Courage Valor Service
3833,1029,5,27,102,134,1.2761194029850746,0.045430633230546524,686,"Now that Amazon is suing over the Pentagon's cloud deal with Microsoft, we keep a paper record of everything."
2311,1029,9,19,106,134,1.2761194029850746,0.05012809430114643,686,Would you like to sign up for my impeachment blog?
3935,1029,10,17,107,134,1.2761194029850746,0.05123520946476824,686,That's how I roll!
334,1029,3,31,100,134,1.2761194029850746,0.04288940119027477,686,At least they let me keep my expense account.
2560,1029,7,23,104,134,1.2761194029850746,0.04783705819755782,686,I didn’t realise the cost of war was itemised.
1382,1051,6,23,98,127,1.2755905511811023,0.04831515160958265,686,"Yes, Ma'am. We are weaponizing the self-checkout."
469,1052,9,20,109,138,1.2753623188405796,0.04907708035474492,686,Black Friday at CVS left scars.
3138,1053,5,26,100,131,1.2748091603053435,0.04604554297149816,686,What can I say? I like to give orders.
1320,1053,6,24,101,131,1.2748091603053435,0.047303613388792874,686,Handling red tape under fire.
1496,1053,8,20,103,131,1.2748091603053435,0.04972435483572397,686,My left arm? I lost that at the battle of black friday.
1814,1053,9,18,104,131,1.2748091603053435,0.05089156389742101,686,divorced! 6’’2”! Sagittarius! Steak! Peanut allergy! Hate walks in the rain!
2317,1053,8,20,103,131,1.2748091603053435,0.04972435483572397,686,"Madam, you are entitled to your opinions, but I have fax!"
2324,1053,8,20,103,131,1.2748091603053435,0.04972435483572397,686,"Primarily, I track contract cost overruns."
2498,1053,8,20,103,131,1.2748091603053435,0.04972435483572397,686,"Hey Dollface, my eyes are up here!"
3110,1053,3,30,98,131,1.2748091603053435,0.04342018428504746,686,I went from PFC to CVS in less than a year.
3117,1053,7,22,102,131,1.2748091603053435,0.048529080474831635,686,This proves I never bought a bone spur diagnosis
3560,1053,7,22,102,131,1.2748091603053435,0.048529080474831635,686,"I forgot my glasses, should I be impressed?"
3752,1053,8,20,103,131,1.2748091603053435,0.04972435483572397,686,I'm always prepared when thanked for my service.
3836,1053,4,28,99,131,1.2748091603053435,0.04475211967542748,686,These are the government regulations for dry cleaning
3948,1053,8,20,103,131,1.2748091603053435,0.04972435483572397,686,I served in the CVS campaign.
3987,1053,5,26,100,131,1.2748091603053435,0.04604554297149816,686,That one I got for surviving the holiday rush at Macy’s.
4000,1053,7,22,102,131,1.2748091603053435,0.048529080474831635,686,It's my combat ribbon for number crunching.
1130,1053,7,22,102,131,1.2748091603053435,0.048529080474831635,686,I’m planning to return it at the end of the night.
1097,1053,8,20,103,131,1.2748091603053435,0.04972435483572397,686,I did four tours of extreme couponing ...
2192,1053,7,22,102,131,1.2748091603053435,0.048529080474831635,686,"The war cost me an arm and a leg, but at least they gave me a receipt."
1038,1053,5,26,100,131,1.2748091603053435,0.04604554297149816,686,Brass was getting too expensive.
1091,1053,7,22,102,131,1.2748091603053435,0.048529080474831635,686,It's for Valor in the Battle of Black Friday.
162,1053,6,24,101,131,1.2748091603053435,0.047303613388792874,686,"After retiring from the military, I was hired by CVS to deploy prescriptions."
266,1053,7,22,102,131,1.2748091603053435,0.048529080474831635,686,For every $100 I get a free upgrade.
311,1053,6,24,101,131,1.2748091603053435,0.047303613388792874,686,This is from when I fought in CVS.
342,1053,5,26,100,131,1.2748091603053435,0.04604554297149816,686,The government has cut the budget for merit badges
417,1053,5,26,100,131,1.2748091603053435,0.04604554297149816,686,I received that one for surviving Black Friday.
271,1053,9,18,104,131,1.2748091603053435,0.05089156389742101,686,It's a full list of my pardons.
440,1053,5,26,100,131,1.2748091603053435,0.04604554297149816,686,That fifth star cost me a small fortune
557,1053,6,24,101,131,1.2748091603053435,0.047303613388792874,686,I see you shop at CVS.
949,1053,3,30,98,131,1.2748091603053435,0.04342018428504746,686,My wife's shopping list reminder.
4005,1082,5,26,101,132,1.2727272727272727,0.04574278261975778,686,So you're security at CVS?
3464,1082,8,20,104,132,1.2727272727272727,0.04939011464665993,686,And this one is from a CVS.
828,1084,9,16,100,125,1.272,0.052518506722745814,686,This one is for increasing the military budget.
1479,1085,7,21,101,129,1.2713178294573644,0.048912517302806054,686,"I’m ‘a general store,’ get it"
1544,1085,6,23,100,129,1.2713178294573644,0.047658265997511384,686,The Chinese have always made our ribbons in the past. Need I say more?
600,1085,4,27,98,129,1.2713178294573644,0.04504511356267232,686,"The president decided to cut back on the decoration budget, so the Army's making do."
3641,1085,6,23,100,129,1.2713178294573644,0.047658265997511384,686,We lost a lot of good credit cards that day.
444,1085,9,17,103,129,1.2713178294573644,0.051329157512205535,686,You must agree to this NDA before we commence this speed date.
393,1085,4,27,98,129,1.2713178294573644,0.04504511356267232,686,It's this week's list of the candidates I'm supposed to get dirt on.
270,1085,4,27,98,129,1.2713178294573644,0.04504511356267232,686,I gave my left arm for this.
170,1085,6,23,100,129,1.2713178294573644,0.047658265997511384,686,I dunno. Might be the jacket rental receipt.
1419,1085,7,21,101,129,1.2713178294573644,0.048912517302806054,686,Hey! Eyes up m'lady
3967,1085,8,19,102,129,1.2713178294573644,0.0501354004661881,686,And this one is for surviving a visit to CVS
4046,1085,8,19,102,129,1.2713178294573644,0.0501354004661881,686,I just can't find a cleaners that does ribbons properly.
4012,1085,5,25,99,129,1.2713178294573644,0.04637010121707519,686,I'm also a smart shopper
94,1085,5,25,99,129,1.2713178294573644,0.04637010121707519,686,I earned that in the trenches of the budget war.
1142,1098,3,29,98,130,1.2692307692307692,0.04339286980010143,686,I'm told it's good for a free medal.
1460,1099,5,24,98,127,1.2677165354330708,0.04669935501144436,686,And this is the receipt for what all my campaign ribbons have cost the American taxpayer
1670,1099,7,20,100,127,1.2677165354330708,0.049303128829625766,686,I’m General Counsel for CVS.
1736,1099,5,24,98,127,1.2677165354330708,0.04669935501144436,686,Back in '08 my unit broke through the Nordstrom Line
1737,1099,7,20,100,127,1.2677165354330708,0.049303128829625766,686,My service fee is not included.
2562,1099,5,24,98,127,1.2677165354330708,0.04669935501144436,686,It's a recipe for war crimes.
2497,1099,6,22,99,127,1.2677165354330708,0.04801889352575499,686,"As you can see, it's not ""Stolen Valor"", I paid for them all."
1677,1099,6,22,99,127,1.2677165354330708,0.04801889352575499,686,"Well, you asked."
3611,1099,6,22,99,127,1.2677165354330708,0.04801889352575499,686,It's a DoD Budget of Valor award.
3414,1099,4,26,97,127,1.2677165354330708,0.04534143118089715,686,"Y'know, I've never actually read your Terms of Service."
3195,1099,5,24,98,127,1.2677165354330708,0.04669935501144436,686,"Why yes, it is the CVS Service Medal."
3344,1099,4,26,97,127,1.2677165354330708,0.04534143118089715,686,What was it like serving in the Old Navy?
3380,1099,5,24,98,127,1.2677165354330708,0.04669935501144436,686,It lists each time I was mentioned in Tweets.
1448,1099,7,20,100,127,1.2677165354330708,0.049303128829625766,686,This is a list of signatures of women who vouch for me.
3960,1099,7,20,100,127,1.2677165354330708,0.049303128829625766,686,No need to thank me for my service but would you like your receipt?
3894,1099,5,24,98,127,1.2677165354330708,0.04669935501144436,686,I always ask for a receipt.
3821,1099,8,18,101,127,1.2677165354330708,0.05055475140225255,686,Set list from Phish at Madison Square Garden in '94. Totally sick show. I was trippin' balls by the second set.
3760,1099,7,20,100,127,1.2677165354330708,0.049303128829625766,686,...and those are my thoughts on women's rights.
2878,1099,5,24,98,127,1.2677165354330708,0.04669935501144436,686,I've been deployed to the Stop and Shop
1310,1099,7,20,100,127,1.2677165354330708,0.049303128829625766,686,Wow you paid a lot for these medals.
3848,1099,10,14,103,127,1.2677165354330708,0.05296934626035438,686,I'm printing your check now - you definitely ordered one Captain Morgan
1103,1099,6,22,99,127,1.2677165354330708,0.04801889352575499,686,This was awarded after The Battle of Costco
84,1099,3,28,96,127,1.2677165354330708,0.04394156351996537,686,For Distinguished Service in purchasing.
126,1099,8,18,101,127,1.2677165354330708,0.05055475140225255,686,That’s my CVS receipt for a pack of gum.
224,1099,5,24,98,127,1.2677165354330708,0.04669935501144436,686,I'm keeping a tab of what the country owes me
328,1099,6,22,99,127,1.2677165354330708,0.04801889352575499,686,If I hadn’t lost my arm I would have been awarded the ones on the list too.
1204,1099,3,28,96,127,1.2677165354330708,0.04394156351996537,686,I'd be grateful if you don't quote Eisenhower.
560,1099,6,22,99,127,1.2677165354330708,0.04801889352575499,686,And that's from the Battle of Black Friday
697,1099,8,18,101,127,1.2677165354330708,0.05055475140225255,686,"‘’ Desert Tweet,ma’am,bravery during incoming missives.’’"
887,1099,5,24,98,127,1.2677165354330708,0.04669935501144436,686,Agreed.  All good soldiers should keep a list of medals they should have won.
1734,1128,7,21,103,131,1.2671755725190839,0.04825118691053638,686,"If you purchase the Deluxe drink package for $49.99, I get my next promotion."
154,1129,7,19,98,124,1.2661290322580645,0.05005749509386557,686,Couldn't you just email me the receipt?
3130,1130,9,18,109,136,1.2647058823529411,0.04921529567847503,686,"Yes, I know its a bit odd, but my wife swears I'll forget the shopping list unless she pins it on me every day."
2690,1130,4,28,104,136,1.2647058823529411,0.04332993214109077,686,Mexico's definitely paying for it
2411,1132,3,27,95,125,1.264,0.04420480195780808,686,That one was for making it out of Costco alive on Black Friday.
2392,1132,7,19,99,125,1.264,0.049701041723359256,686,…and that's the receipt for my conscience.
2282,1132,6,21,98,125,1.264,0.0483855483623218,686,"Maam, none are for Good Conduct!"
2262,1132,7,19,99,125,1.264,0.049701041723359256,686,And I've also got the texts to prove it.
2255,1132,5,23,97,125,1.264,0.04703327579765272,686,We used to notch our guns.
2243,1132,5,23,97,125,1.264,0.04703327579765272,686,My Commander-in-Chief disclaimer.
2084,1132,8,17,100,125,1.264,0.050982602978384826,686,In Iraq I was in charge of sales at the PX.
2065,1132,7,19,99,125,1.264,0.049701041723359256,686,I really need to stop shopping at CVS.
2059,1132,6,21,98,125,1.264,0.0483855483623218,686,"Hmmm.....wash in cold water, delicate cycle, dry low heat, do not dry clean."
2013,1132,6,21,98,125,1.264,0.0483855483623218,686,"Achievements? No, that's my honey-do list."
2008,1132,4,25,96,125,1.264,0.04564095500965716,686,"When they said 'the high cost of war', they weren't kidding"
2452,1132,6,21,98,125,1.264,0.0483855483623218,686,I see you're a rewards member.
1889,1132,8,17,100,125,1.264,0.050982602978384826,686,"So now instead of a pin to show great service to our country, there is a receipt that can extend to show the awards, which may be torn to remove any that he decides are no longer applicable."
1829,1132,7,19,99,125,1.264,0.049701041723359256,686,Troops under my command take more orders than Amazon.
1799,1132,7,19,99,125,1.264,0.049701041723359256,686,"I had the automatic printout button for a list of all my metals, otherwise I'd be wearing a full metal jacket!"
1748,1132,5,23,97,125,1.264,0.04703327579765272,686,"Medal of Honor, Purple Heart, CVS, Silver Star..."
1682,1132,7,19,99,125,1.264,0.049701041723359256,686,The receipt? I run a general store.
1676,1132,7,19,99,125,1.264,0.049701041723359256,686,"Training and discipline, Ma'am, are required to ignore congressional subpoenas."
2004,1132,7,19,99,125,1.264,0.049701041723359256,686,Perhaps I am proudest of my $52 in Super-Saver Awards.
2998,1132,3,27,95,125,1.264,0.04420480195780808,686,I served for over 30 years... in procurement.
2539,1132,5,23,97,125,1.264,0.04703327579765272,686,"It’s a great honor and privilege to wear this uniform, but I paid a heavy price."
3999,1132,6,21,98,125,1.264,0.0483855483623218,686,"It’s a new award designed by the President, given in recognition of fulfilling his orders.... his fast food orders that is."
3957,1132,5,23,97,125,1.264,0.04703327579765272,686,I've been scanning the room.
3929,1132,5,23,97,125,1.264,0.04703327579765272,686,My last post? Follow the paper trail.
3830,1132,8,17,100,125,1.264,0.050982602978384826,686,Wow...apparently I bought a lot of drone strikes!
3730,1132,4,25,96,125,1.264,0.04564095500965716,686,That one's for service above and beyond fifteen percent.
3727,1132,7,19,99,125,1.264,0.049701041723359256,686,"As a high-ranking officer with a potential political career in front of me, I'm going to need you to sign this before we order our second drink....."
3703,1132,8,17,100,125,1.264,0.050982602978384826,686,It's an itemized receipt for services rendered.
3676,1132,5,23,97,125,1.264,0.04703327579765272,686,"Those are very detailed dry cleaning instructions."""
3675,1132,4,25,96,125,1.264,0.04564095500965716,686,"It's on backorder, and this is the receipt"
3638,1132,5,23,97,125,1.264,0.04703327579765272,686,In an effort to promote transparency the government requires me to display an itemized list of my fees for services while in uniform.
3619,1132,5,23,97,125,1.264,0.04703327579765272,686,I always dress for the job I want
3347,1132,6,21,98,125,1.264,0.0483855483623218,686,"Yes, I'm General CVS."
3262,1132,6,21,98,125,1.264,0.0483855483623218,686,That's the President's directive to not testify before congress.
3253,1132,5,23,97,125,1.264,0.04703327579765272,686,It's been a busy year.
3085,1132,6,21,98,125,1.264,0.0483855483623218,686,"It's an awards printout. Saves you asking ""what's that one for?""."
1613,1132,4,25,96,125,1.264,0.04564095500965716,686,Congress doesn't have the money for those yet.
2902,1132,3,27,95,125,1.264,0.04420480195780808,686,I run the Commissary.
2780,1132,7,19,99,125,1.264,0.049701041723359256,686,One more metal and I get a free ham at check out.
2724,1132,8,17,100,125,1.264,0.050982602978384826,686,The lower ribbon is from the CVS Campaign.
2527,1132,6,21,98,125,1.264,0.0483855483623218,686,"I’m not good at small talk, so here’s the key to my service ribbons."
1568,1132,6,21,98,125,1.264,0.0483855483623218,686,That's my list of Atta-boys!
2501,1132,11,11,103,125,1.264,0.05464725592969113,686,That's the dry cleaner's tag I forgot to take off.
1478,1132,7,19,99,125,1.264,0.049701041723359256,686,"After Vindman,everything goes."
700,1132,5,23,97,125,1.264,0.04703327579765272,686,"I'd explain, but I'd have to kill you."
693,1132,3,27,95,125,1.264,0.04420480195780808,686,That was for shopping on Black Friday.
678,1132,5,23,97,125,1.264,0.04703327579765272,686,I constantly get new medals so the printout keeps me totally up to date
650,1132,5,23,97,125,1.264,0.04703327579765272,686,"Otherwise, I  forget to use the coupons."
642,1132,4,25,96,125,1.264,0.04564095500965716,686,All of my achievements were through accounting strategies.
537,1132,8,17,100,125,1.264,0.050982602978384826,686,"I won’t say who, but a very important man in government office is sending me a top secret message."
740,1132,5,23,97,125,1.264,0.04703327579765272,686,It's a new app. My jacket can't hold any more medals!
522,1132,7,19,99,125,1.264,0.049701041723359256,686,This is my list of inappropriate intentions.  Check those you agree to.
502,1132,6,21,98,125,1.264,0.0483855483623218,686,It's the latest printout of our firm commitments.
448,1132,6,21,98,125,1.264,0.0483855483623218,686,The one award I haven't won is for humility.
364,1132,5,23,97,125,1.264,0.04703327579765272,686,And this one is for my last purchase at CVS.
355,1132,9,15,101,125,1.264,0.05223272982064148,686,And this one is for meritorious service at CVS
203,1132,6,21,98,125,1.264,0.0483855483623218,686,My wife's list of  'Areas That Need Improving'.
1533,1132,6,21,98,125,1.264,0.0483855483623218,686,"It gives me a continual report on my blood pressure, my cholesterol, and the potential effect on my troops by my alcohol consumption."
505,1132,4,25,96,125,1.264,0.04564095500965716,686,It was a commando mission: I brought two extra items through the express line.
742,1132,4,25,96,125,1.264,0.04564095500965716,686,Don't ask. Don't know.
353,1132,6,21,98,125,1.264,0.0483855483623218,686,I’ve been given far too much credit.
761,1132,5,23,97,125,1.264,0.04703327579765272,686,The Pentagon is implementing a new accountability monitoring system
789,1132,6,21,98,125,1.264,0.0483855483623218,686,"Yes, it’s a well-earned receipt."
807,1132,5,23,97,125,1.264,0.04703327579765272,686,"Black Friday, 2008."
896,1132,11,11,103,125,1.264,0.05464725592969113,686,I got this one from CVS
919,1132,8,17,100,125,1.264,0.050982602978384826,686,"Distinguished service medal, purple heart, and $25 in Extra Bucks. Impressive."
933,1132,4,25,96,125,1.264,0.04564095500965716,686,Wow! They really are cutting taxes.
1035,1132,7,19,99,125,1.264,0.049701041723359256,686,"Kiss ass, take names"
1469,1132,5,23,97,125,1.264,0.04703327579765272,686,I never flew again after that Target run.
1262,1132,4,25,96,125,1.264,0.04564095500965716,686,"Mam, these are a list of war crimes of which the president exonerated me."
1294,1132,4,25,96,125,1.264,0.04564095500965716,686,I take it you are endlessly distinguished
1317,1132,7,19,99,125,1.264,0.049701041723359256,686,Blame Trump. He thinks it encourages allies to pay their fair share.
1363,1132,4,25,96,125,1.264,0.04564095500965716,686,We outsourced our medals to CVS.
745,1132,5,23,97,125,1.264,0.04703327579765272,686,I found this more effective than waiting for recognition by leadership.
1378,1132,7,19,99,125,1.264,0.049701041723359256,686,I paid the price for it.
1446,1132,6,21,98,125,1.264,0.0483855483623218,686,"I've been a very good boy this year, and I want Santa to know it."
3684,1208,9,16,104,129,1.2635658914728682,0.051054030512866236,686,"As you can see from the bill, I clearly did not order the Code Red."
1966,1209,6,20,96,122,1.2622950819672132,0.0491125396521135,686,"and finally, a list of all the women I've slept with."
3046,1209,7,18,97,122,1.2622950819672132,0.05047300811289448,686,So then I said ‘how’s this for spending transparency?’... You wanna get outta here?
3044,1209,6,20,96,122,1.2622950819672132,0.0491125396521135,686,It's the Military-Industrial Complex Citation!
3000,1209,6,20,96,122,1.2622950819672132,0.0491125396521135,686,"We lost that battle, but it looked good on paper."
2970,1209,4,24,94,122,1.2622950819672132,0.0462717576639643,686,"If you have any question about the acronyms, feel free to ask."
2888,1209,5,22,95,122,1.2622950819672132,0.04771329536090051,686,I took a hit at the Battle of Black Friday.
2833,1209,5,22,95,122,1.2622950819672132,0.04771329536090051,686,An army runs on its supply lines.
2831,1209,7,18,97,122,1.2622950819672132,0.05047300811289448,686,This one's for going to Walmart on Black Friday.
2794,1209,4,24,94,122,1.2622950819672132,0.0462717576639643,686,"They're the Bronze Star, the Purple Heart, and free guitar lessons."
2774,1209,4,24,94,122,1.2622950819672132,0.0462717576639643,686,"Printed tweets, they replace Bronze Stars and V for valor pins."
2755,1209,6,20,96,122,1.2622950819672132,0.0491125396521135,686,"What do you mean, “Did you buy your medals at CVS?”"
2731,1209,6,20,96,122,1.2622950819672132,0.0491125396521135,686,This one's so I don't forget to pick up groceries on the way home.
2708,1209,5,22,95,122,1.2622950819672132,0.04771329536090051,686,I got this one for hunting bargains.
2675,1209,7,18,97,122,1.2622950819672132,0.05047300811289448,686,This is a list of my platoon's corporate sponsors. Budget cuts.
2672,1209,4,24,94,122,1.2622950819672132,0.0462717576639643,686,"Iraq, Afghanistan, Germany - Ah, is this the wine list?"
3049,1209,6,20,96,122,1.2622950819672132,0.0491125396521135,686,"Yes, well I display the receipt to prove these medals are really mine; bought and paid for."
1943,1209,5,22,95,122,1.2622950819672132,0.04771329536090051,686,"Young lady, war is hell on a dry cleaning bill."
2612,1209,7,18,97,122,1.2622950819672132,0.05047300811289448,686,I wear my rap sheet as a badge of honor since the pardon.
2570,1209,7,18,97,122,1.2622950819672132,0.05047300811289448,686,It hasn't been the same since they put me in charge of the produce section.
2381,1209,6,20,96,122,1.2622950819672132,0.0491125396521135,686,Well that was in honor of my command once foiling a terrorist plot to explode bombs in a number of CVS pharmacies.
2371,1209,4,24,94,122,1.2622950819672132,0.0462717576639643,686,"Afghanistan, Iraq, Syria, CVS"
2290,1209,6,20,96,122,1.2622950819672132,0.0491125396521135,686,That's for the global CVS campaign.
2173,1209,6,20,96,122,1.2622950819672132,0.0491125396521135,686,"""I screamed, ""I would give my left arm for this fighting to end!"" All of a sudden, they took my left arm, and pinned the receipt on me."""
1884,1209,8,16,98,122,1.2622950819672132,0.05179775617580556,686,Those are my “likes”.
2166,1209,5,22,95,122,1.2622950819672132,0.04771329536090051,686,"It's just more proof of what we've been saying for years, lady: Freedom isn't free."
2153,1209,5,22,95,122,1.2622950819672132,0.04771329536090051,686,The CVS campaign was the toughest
2113,1209,8,16,98,122,1.2622950819672132,0.05179775617580556,686,I told them to leave off the Boy Scout badges but they insisted...
2041,1209,6,20,96,122,1.2622950819672132,0.0491125396521135,686,"...and for your records, here is a receipt for the deceit"
2021,1209,5,22,95,122,1.2622950819672132,0.04771329536090051,686,"They gave me a ticker tape parade,too!"
2019,1209,6,20,96,122,1.2622950819672132,0.0491125396521135,686,I just agreed to the terms of service. Who reads the fine print?
1990,1209,7,18,97,122,1.2622950819672132,0.05047300811289448,686,I check out military hardware.
2624,1209,5,22,95,122,1.2622950819672132,0.04771329536090051,686,It's the charge for my service.
3093,1209,6,20,96,122,1.2622950819672132,0.0491125396521135,686,"No, that's my CVS receipt."
3608,1209,6,20,96,122,1.2622950819672132,0.0491125396521135,686,I got that one for my loyalty.
3181,1209,6,20,96,122,1.2622950819672132,0.0491125396521135,686,"Oh my, you must be top brass at CVS"
3751,1209,5,22,95,122,1.2622950819672132,0.04771329536090051,686,"Being a war hero is nice, but look at what I saved at the Price club."
3758,1209,6,20,96,122,1.2622950819672132,0.0491125396521135,686,And that's my list of Twitter followers
3740,1209,5,22,95,122,1.2622950819672132,0.04771329536090051,686,Please don’t tap on my medals.
1800,1209,7,18,97,122,1.2622950819672132,0.05047300811289448,686,So your total stars comes out to 3 not 5 like you told me.
4016,1209,7,18,97,122,1.2622950819672132,0.05047300811289448,686,And that one is from my wife for doing the grocery shopping last week.
3973,1209,7,18,97,122,1.2622950819672132,0.05047300811289448,686,It's for distinguished service at Stop & Shop.
3969,1209,3,26,93,122,1.2622950819672132,0.044783842626875466,686,"As part of our new Special Forces training we go to Walmart on ""black Friday""."
3964,1209,5,22,95,122,1.2622950819672132,0.04771329536090051,686,"That one is from my tour in CVS."""
3946,1209,4,24,94,122,1.2622950819672132,0.0462717576639643,686,"Why yes, I did serve in the CVS campaign."
3895,1209,5,22,95,122,1.2622950819672132,0.04771329536090051,686,I'm working my way up to a CVS badge.
3777,1209,4,24,94,122,1.2622950819672132,0.0462717576639643,686,"There's no use in hiding it from you any longer.  Honey, I've re-enlisted."
3871,1209,6,20,96,122,1.2622950819672132,0.0491125396521135,686,That one prints receipts for your tax dollars.
3732,1209,8,16,98,122,1.2622950819672132,0.05179775617580556,686,That one is for the time I spent at CVS.
3729,1209,5,22,95,122,1.2622950819672132,0.04771329536090051,686,And this one has all my CVS rewards program discounts.
3693,1209,8,16,98,122,1.2622950819672132,0.05179775617580556,686,Don't be too impressed. All I bought was toothpaste.
3649,1209,7,18,97,122,1.2622950819672132,0.05047300811289448,686,That one is for getting 15 items through the 10 items or less checkout lane.
3625,1209,7,18,97,122,1.2622950819672132,0.05047300811289448,686,I keep all my receipts to prove where I was not.
3229,1209,5,22,95,122,1.2622950819672132,0.04771329536090051,686,"That one is for procurement above and beyond, just what the Pentagon does best"
3246,1209,6,20,96,122,1.2622950819672132,0.0491125396521135,686,"Actually, $500 for a pencil is perfectly reasonable"
3289,1209,9,14,99,122,1.2622950819672132,0.05308945791522168,686,"I see you've completed your 'Honey do' list, impressive."
3319,1209,4,24,94,122,1.2622950819672132,0.0462717576639643,686,"Yeah, yeah, we both want pockets."
3350,1209,7,18,97,122,1.2622950819672132,0.05047300811289448,686,An that one's for the Battle At CVS
3358,1209,7,18,97,122,1.2622950819672132,0.05047300811289448,686,"Yes ma'am, Distinguished Service during a Black Friday skirmish."
3120,1209,6,20,96,122,1.2622950819672132,0.0491125396521135,686,"In Trump world, you never know when you have to show the receipts."
3366,1209,4,24,94,122,1.2622950819672132,0.0462717576639643,686,"Yes, Ma’am, I was in the Armed Forces.  All of them."
3404,1209,1,30,91,122,1.2622950819672132,0.04164884832334461,686,And the one on the bottom is for 1000 visits to Walgreens.
3457,1209,10,12,100,122,1.2622950819672132,0.05435046953445743,686,Is that the entire laundry list of his impeachable infractions?
3488,1209,8,16,98,122,1.2622950819672132,0.05179775617580556,686,That's for being cashiered while under fire.
3517,1209,6,20,96,122,1.2622950819672132,0.0491125396521135,686,"It was from the battle of  CVS, and I'd rather not talk about it."
3531,1209,4,24,94,122,1.2622950819672132,0.0462717576639643,686,"Oh, these? The usual: markmanship, deployments, valor, and this is a receipt I earned during Black Friday at Best Buy 2012."
3577,1209,7,18,97,122,1.2622950819672132,0.05047300811289448,686,General CVS is my name.
3376,1209,7,18,97,122,1.2622950819672132,0.05047300811289448,686,It stuck to my shoe at the battle of Mar-a-Lago.
1759,1209,4,24,94,122,1.2622950819672132,0.0462717576639643,686,My last medal came from CVS.
836,1209,5,22,95,122,1.2622950819672132,0.04771329536090051,686,There is a large price to pay for our freedom.
1697,1209,8,16,98,122,1.2622950819672132,0.05179775617580556,686,"Yes, I did serve in the CVS theatre. Why do you ask?"
551,1209,6,20,96,122,1.2622950819672132,0.0491125396521135,686,It's how I keep track of every time I just want to scream.
531,1209,5,22,95,122,1.2622950819672132,0.04771329536090051,686,...and this one was awarded for highest cost overruns.
528,1209,3,26,93,122,1.2622950819672132,0.044783842626875466,686,"No mam, it's the wife's shopping list."
520,1209,8,16,98,122,1.2622950819672132,0.05179775617580556,686,My other deployment was CVS.
510,1209,5,22,95,122,1.2622950819672132,0.04771329536090051,686,It's for exemplary coupon use in the face of more appealing products.
481,1209,6,20,96,122,1.2622950819672132,0.0491125396521135,686,Don't bother. It's just my terms of service.
470,1209,4,24,94,122,1.2622950819672132,0.0462717576639643,686,That one's for saving 30 good men at the Battle of CVS.
432,1209,7,18,97,122,1.2622950819672132,0.05047300811289448,686,I was awarded those for my mission to the drug store.
424,1209,5,22,95,122,1.2622950819672132,0.04771329536090051,686,He makes me wear a list of people who say I don't deserve them.
416,1209,4,24,94,122,1.2622950819672132,0.0462717576639643,686,I see the new law requiring each general to disclose his itemized spending has gone into effect.
330,1209,7,18,97,122,1.2622950819672132,0.05047300811289448,686,"It's the Congressional Paper of Honor for 
'Exemplary Note-Taking Under Fire.'"
571,1209,8,16,98,122,1.2622950819672132,0.05179775617580556,686,Would you like to sign up for the Army Rewards Program?
280,1209,4,24,94,122,1.2622950819672132,0.0462717576639643,686,"I don't take military orders, Ma'm.  I make them."
243,1209,6,20,96,122,1.2622950819672132,0.0491125396521135,686,"This one is for Operation Iraqi Freedom, and this other one is for Operation Black Friday."
230,1209,6,20,96,122,1.2622950819672132,0.0491125396521135,686,It's an accounting thing. Returns must be accompanied by a receipt.
176,1209,7,18,97,122,1.2622950819672132,0.05047300811289448,686,You're looking at the true cost of war.
149,1209,6,20,96,122,1.2622950819672132,0.0491125396521135,686,Just stick to the script and we should be alright.
132,1209,6,20,96,122,1.2622950819672132,0.0491125396521135,686,"...and that ribbon, honoring my service as a Valued Customer, was bestowed by CVS."
109,1209,6,20,96,122,1.2622950819672132,0.0491125396521135,686,Sometimes more is more.
104,1209,6,20,96,122,1.2622950819672132,0.0491125396521135,686,"Always prepared, ma'am, where's the latrine?"
80,1209,5,22,95,122,1.2622950819672132,0.04771329536090051,686,I was stationed at a CVS in Fallujah for 18 months
35,1209,8,16,98,122,1.2622950819672132,0.05179775617580556,686,"Ooh, I like that mustard gas scent you’re wearing!"
29,1209,5,22,95,122,1.2622950819672132,0.04771329536090051,686,"They all fold out like that."""
27,1209,7,18,97,122,1.2622950819672132,0.05047300811289448,686,"As you can see on the print out, you are my mission tonight."
262,1209,4,24,94,122,1.2622950819672132,0.0462717576639643,686,I'm very proud of this one. It's a grocery receipt - I saved $22 today.
594,1209,8,16,98,122,1.2622950819672132,0.05179775617580556,686,This one was for having the most coupons at CVS.
226,1209,5,22,95,122,1.2622950819672132,0.04771329536090051,686,"So,were you injured in a paper war?"
629,1209,7,18,97,122,1.2622950819672132,0.05047300811289448,686,"Even as we speak, the accolades are pouring in."
596,1209,5,22,95,122,1.2622950819672132,0.04771329536090051,686,"It's my list of fascinating war stories, with suggested prices."
1636,1209,6,20,96,122,1.2622950819672132,0.0491125396521135,686,My career counselor always urged me to showcase the full depth of my professional experience.
1630,1209,6,20,96,122,1.2622950819672132,0.0491125396521135,686,"If your checking me out , I will be available at 900hrs"
1570,1209,5,22,95,122,1.2622950819672132,0.04771329536090051,686,I earned that on the front lines of the accounting department.
1451,1209,8,16,98,122,1.2622950819672132,0.05179775617580556,686,Here's the receipt for my left arm.
1426,1209,5,22,95,122,1.2622950819672132,0.04771329536090051,686,My cyberwar awards were hacked so I had to settle for analog.
1392,1209,5,22,95,122,1.2622950819672132,0.04771329536090051,686,It’s a transcript of my deposition.
1373,1209,7,18,97,122,1.2622950819672132,0.05047300811289448,686,The medal is on backorder. So I pinned the receipt
1347,1209,8,16,98,122,1.2622950819672132,0.05179775617580556,686,"By the way, that drink is gonna cost you around 17 billion."
1315,1209,4,24,94,122,1.2622950819672132,0.0462717576639643,686,No Ma’am. I’d rather have a printed receipt than have it emailed to me.
1298,1209,7,18,97,122,1.2622950819672132,0.05047300811289448,686,I was moving up in rank so quickly they decided it was easier to install an insignia printer
1707,1209,5,22,95,122,1.2622950819672132,0.04771329536090051,686,This one’s for the Battle of Black Friday
1583,1209,3,26,93,122,1.2622950819672132,0.044783842626875466,686,That one is for purchasing 10 items that  I actually needed on Black Friday.
1264,1209,3,26,93,122,1.2622950819672132,0.044783842626875466,686,"Appropriations, ma'am. Been on the front lines of five government shutdowns and never lost a dime."
1270,1209,3,26,93,122,1.2622950819672132,0.044783842626875466,686,It’s the CVS medal of valor.
636,1209,6,20,96,122,1.2622950819672132,0.0491125396521135,686,It’s a CVS Medal for taking the flu shot.
672,1209,7,18,97,122,1.2622950819672132,0.05047300811289448,686,And this one is a Receipt of Honor from CVS for the purchase of a pack of gum.
676,1209,3,26,93,122,1.2622950819672132,0.044783842626875466,686,That one is special.   I received it for bringing in a multi-billion defense program on time and under budget.
844,1209,6,20,96,122,1.2622950819672132,0.0491125396521135,686,I got this for serving on the U.S.S.CVS
849,1209,6,20,96,122,1.2622950819672132,0.0491125396521135,686,It's the receipt for my patriotism.
788,1209,5,22,95,122,1.2622950819672132,0.04771329536090051,686,That? That's for CVS.
1172,1209,5,22,95,122,1.2622950819672132,0.04771329536090051,686,How did you know the Pentagon got a CVS? That information is classified.
1184,1209,7,18,97,122,1.2622950819672132,0.05047300811289448,686,"Oh, it's nothing. Just my shopping list. You know, AR 15s, Rocket Launchers, Grenades, C4s etc."
1231,1209,5,22,95,122,1.2622950819672132,0.04771329536090051,686,This receipt ribbon recognizes purchases made by gallantly storming the store on Black Friday
3862,1331,4,25,97,126,1.2619047619047619,0.04532572965444112,686,CVS is sponsoring the military
4063,1332,8,12,87,107,1.2616822429906542,0.05686274080811968,686,Christmas. 1978. Working retail during the holiday season.
4052,1333,8,21,114,143,1.2587412587412588,0.046245085894578014,686,"I was awarded this one for the battle of Wal-Mart, black friday, 2010"
3934,1334,7,17,96,120,1.2583333333333333,0.050896491507821925,686,"oh, that's the list of people Trump suspects as whistleblowers.  the scratched out ones have been executed."
3713,1334,4,23,93,120,1.2583333333333333,0.046586315378863125,686,It’s for ticker tape parades
3178,1334,9,13,98,120,1.2583333333333333,0.053577652921938605,686,I want everyone to know I didn't buy my bone spurs at the supermarket.
1795,1337,6,19,96,121,1.256198347107438,0.049137079326263634,686,It's the Trump Loyalty Award for all my acts of loyalty to Trump.
419,1337,8,15,98,121,1.256198347107438,0.05186457999810118,686,It's a list of the defense issues Trump got wrong.
1977,1337,4,23,94,121,1.256198347107438,0.04624900508174865,686,Trump demoted me to waiter. This is the draft list.
2210,1337,5,21,95,121,1.256198347107438,0.04771489828013436,686,Return receipt — part of the deal with Mr. Trump.
1935,1337,9,13,99,121,1.256198347107438,0.0531758940236212,686,It's the bill from the White House for my appointment to the Joint Chiefs
2386,1337,5,21,95,121,1.256198347107438,0.04771489828013436,686,Our Commander-in-Chief wants to monetize us.
2293,1337,5,21,95,121,1.256198347107438,0.04771489828013436,686,"The Joint Command leaders are now equipped with a real-time printout of Trump's Titter feed."""
3759,1337,8,15,98,121,1.256198347107438,0.05186457999810118,686,No quid pro quo
1256,1345,3,26,96,125,1.256,0.04385312730232073,686,"Until the  China trade war is over, and tariffs lifted, computer generated lists will have to do."
3340,1345,9,14,102,125,1.256,0.051935443798822443,686,I got the last medal at CVS.
2957,1347,4,22,92,118,1.2542372881355932,0.04690391156273635,686,I served two tours at CVS.
2895,1347,6,18,94,118,1.2542372881355932,0.04989695404704999,686,That one is for filling a prescription at CVS
2885,1347,9,12,97,118,1.2542372881355932,0.05407679426617351,686,It’s a participation medal from when I was six
2837,1347,7,16,95,118,1.2542372881355932,0.05132806809940961,686,"Nough' talk, just read the damn transcript!"
2537,1347,6,18,94,118,1.2542372881355932,0.04989695404704999,686,"My eyes are up here, ma'am."
1601,1347,5,20,93,118,1.2542372881355932,0.04842356318497437,686,I see you've served Walgreen's and CVS battle lines.
1627,1347,8,14,96,118,1.2542372881355932,0.05272034831506563,686,I bought the pin at CVS.
2416,1347,4,22,92,118,1.2542372881355932,0.04690391156273635,686,WOW!  Nice to meet the General of CVS!!
2276,1347,4,22,92,118,1.2542372881355932,0.04690391156273635,686,"So, you're telling me the costume party is next week?"
2650,1347,6,18,94,118,1.2542372881355932,0.04989695404704999,686,"My, what don’t you do, General Electric?"
3482,1347,9,12,97,118,1.2542372881355932,0.05407679426617351,686,Just some footnotes.
3034,1347,4,22,92,118,1.2542372881355932,0.04690391156273635,686,I command  the CVS brigade
3054,1347,7,16,95,118,1.2542372881355932,0.05132806809940961,686,"Believe me, I've paid a price to get here."
3174,1347,5,20,93,118,1.2542372881355932,0.04842356318497437,686,One of our defense contractors came up with it: automatically tracks my bar bill all night.
3189,1347,6,18,94,118,1.2542372881355932,0.04989695404704999,686,I’m stationed in Aisle 2.
3384,1347,4,22,92,118,1.2542372881355932,0.04690391156273635,686,At Costco they call it The Customer Service Ribbon.
3794,1347,4,22,92,118,1.2542372881355932,0.04690391156273635,686,Some of these required footnotes.
3810,1347,7,16,95,118,1.2542372881355932,0.05132806809940961,686,So you literally have the receipts?
1580,1347,6,18,94,118,1.2542372881355932,0.04989695404704999,686,"NO, not my to-do list. It’s my have-done list."
3889,1347,5,20,93,118,1.2542372881355932,0.04842356318497437,686,"General Store, at your service."
3858,1347,3,24,91,118,1.2542372881355932,0.04533334719873197,686,They ran out of red tape.
2995,1347,5,20,93,118,1.2542372881355932,0.04842356318497437,686,The tab for the Iraq and Afghan war? $4 - $6 trillion.
1263,1347,4,22,92,118,1.2542372881355932,0.04690391156273635,686,"No, it would NOT have been easier to get an on-line receipt!"
3971,1347,5,20,93,118,1.2542372881355932,0.04842356318497437,686,It's my Pentagon budget wish list .
1129,1347,4,22,92,118,1.2542372881355932,0.04690391156273635,686,My battle ribbon likes you.
130,1347,5,20,93,118,1.2542372881355932,0.04842356318497437,686,They're just disclaimers and definitions.  I'm a lawyer with JAG.
708,1347,9,12,97,118,1.2542372881355932,0.05407679426617351,686,I'm the chief commander of the CVS battalion
767,1347,6,18,94,118,1.2542372881355932,0.04989695404704999,686,"Thankfully, you avoided the CVS War."
772,1347,6,18,94,118,1.2542372881355932,0.04989695404704999,686,I was stationed at Fort CVS.
762,1347,7,16,95,118,1.2542372881355932,0.05132806809940961,686,Talk is cheap. I guess Leave isn't.
1017,1347,3,24,91,118,1.2542372881355932,0.04533334719873197,686,This is the Purple Heart équivalent for army acquisitions.
1136,1347,7,16,95,118,1.2542372881355932,0.05132806809940961,686,"Well, aren't you just the cutest boondoggle. I can't help but love these new transparency things.  Don't you?"
1113,1347,5,20,93,118,1.2542372881355932,0.04842356318497437,686,There is no end to it.
989,1347,8,14,96,118,1.2542372881355932,0.05272034831506563,686,The last one is for my service behind the checkout counter at CVS.
1277,1381,7,17,98,122,1.2540983606557377,0.05014742580742545,686,And that one is for leading my troops out of CVS in record time.
909,1381,5,21,96,122,1.2540983606557377,0.04736874836158813,686,"It's been a long haul, but my high scores speak for themselves."
2749,1383,5,19,91,115,1.2521739130434784,0.04916306133343397,686,This conversation may be transcribed or recorded for quality assurances purposes or for keeping an accurate account of this conversation for my wife.
3031,1383,7,15,93,115,1.2521739130434784,0.05217391304347825,686,"its the ""Best Prepared Latrine Duty"" medal"
2984,1383,5,19,91,115,1.2521739130434784,0.04916306133343397,686,My wife gave it to me for going to the grocery store all by myself.
2945,1383,4,21,90,115,1.2521739130434784,0.04758625114860667,686,I'm keeping the receipt in case I want to return it after the war
2796,1383,5,19,91,115,1.2521739130434784,0.04916306133343397,686,You sure you want to list all the things you didn't get a medal for?
2683,1383,8,13,94,115,1.2521739130434784,0.05361597246684191,686,"Due to budget cutbacks, we're buying our medals at CVS"
2424,1383,6,17,92,115,1.2521739130434784,0.05069084632329303,686,Describing them all out loud just seemed so conceited.
2578,1383,4,21,90,115,1.2521739130434784,0.04758625114860667,686,That's my wish list for the next war.
2513,1383,8,13,94,115,1.2521739130434784,0.05361597246684191,686,It’s my medal for keeping Defense Department spending below GDP.
2434,1383,6,17,92,115,1.2521739130434784,0.05069084632329303,686,The paper medals are from my second year of service.
3078,1383,8,13,94,115,1.2521739130434784,0.05361597246684191,686,It was for galant service at the Battle of CVS.
2421,1383,7,15,93,115,1.2521739130434784,0.05217391304347825,686,It's for shopping at CVS.
2418,1383,5,19,91,115,1.2521739130434784,0.04916306133343397,686,It's a list of PPMs - Presidential Promise Medals. The real ones haven't arrived yet.
2376,1383,4,21,90,115,1.2521739130434784,0.04758625114860667,686,My fruit salad now requires an ingredients list.
2211,1383,9,11,95,115,1.2521739130434784,0.055020249043982616,686,Who am I to tell the Commander in Chief that was his grocery list?
2184,1383,5,19,91,115,1.2521739130434784,0.04916306133343397,686,This ribbon prints out an automatic resignation letter when I have to disobey a direct order.
2592,1383,5,19,91,115,1.2521739130434784,0.04916306133343397,686,"What does ""etc"" stand for?"
3143,1383,5,19,91,115,1.2521739130434784,0.04916306133343397,686,The bloodiest battle of them all -- Black Friday sale at Macy's.
3418,1383,4,21,90,115,1.2521739130434784,0.04758625114860667,686,My accomplishments have become excessive.
3165,1383,7,15,93,115,1.2521739130434784,0.05217391304347825,686,That's a list of places I have to check for my missing arm.
4042,1383,6,17,92,115,1.2521739130434784,0.05069084632329303,686,It's the Army's highest honor for tactical accounting under fire during Defense budget hearings.
4008,1383,3,23,89,115,1.2521739130434784,0.045955369621857575,686,Not a single false charge Ma'am.
4002,1383,6,17,92,115,1.2521739130434784,0.05069084632329303,686,My prevention of sexual harassment training requires you to initial each item on this authorization checklist before I attempt any moves.
3956,1383,3,23,89,115,1.2521739130434784,0.045955369621857575,686,"Yeah, so I found the whole costume at CVS"
3904,1383,3,23,89,115,1.2521739130434784,0.045955369621857575,686,I commanded the Black Friday assault.
3795,1383,3,23,89,115,1.2521739130434784,0.045955369621857575,686,And that's how we overthrew the Coupon Queen.
3783,1383,4,21,90,115,1.2521739130434784,0.04758625114860667,686,It's for following grocery orders.
3746,1383,4,21,90,115,1.2521739130434784,0.04758625114860667,686,"Sir, your war crimes are showing."
3160,1383,8,13,94,115,1.2521739130434784,0.05361597246684191,686,That's a list of all my other medals that won't fit on my uniform.
3711,1383,6,17,92,115,1.2521739130434784,0.05069084632329303,686,And  these are the commendations I received for the things I didn’t do.
3689,1383,4,21,90,115,1.2521739130434784,0.04758625114860667,686,... and this one includes some revisionist history.
3664,1383,4,21,90,115,1.2521739130434784,0.04758625114860667,686,It helps me save time impressing you.
3528,1383,5,19,91,115,1.2521739130434784,0.04916306133343397,686,"As you can see right here, my service came with a thirty-day return policy to active duty."
3504,1383,2,25,88,115,1.2521739130434784,0.04426444053396394,686,I'm the senior attache in charge of billing.
2050,1383,6,17,92,115,1.2521739130434784,0.05069084632329303,686,"No, they don't have the same luster.  And no, I can't explain why they started giving metals in digital format."
3263,1383,6,17,92,115,1.2521739130434784,0.05069084632329303,686,The medals are nothing compared to that first perfect score on a spelling test.
3261,1383,5,19,91,115,1.2521739130434784,0.04916306133343397,686,That's the list of discreditations from House Republicans.
3218,1383,7,15,93,115,1.2521739130434784,0.05217391304347825,686,Please select a topic and associated honorarium.
3694,1383,3,23,89,115,1.2521739130434784,0.045955369621857575,686,And yet we must never discount the valor of those who serve.
2038,1383,6,17,92,115,1.2521739130434784,0.05069084632329303,686,Is one of those medals for perfect attendance?
3017,1383,5,19,91,115,1.2521739130434784,0.04916306133343397,686,I might return my decorations after Christmas.
1811,1383,1,27,87,115,1.2521739130434784,0.04250629829199562,686,I serve my country ........................and my wife:   its a list of groceries for me to pick up.
1933,1383,7,15,93,115,1.2521739130434784,0.05217391304347825,686,"I have too many medals to wear, so look at the list to see how heroic I have been."
15,1383,4,21,90,115,1.2521739130434784,0.04758625114860667,686,Those are my Minecraft high scores.
17,1383,5,19,91,115,1.2521739130434784,0.04916306133343397,686,All the titles make my name tag long.
23,1383,9,11,95,115,1.2521739130434784,0.055020249043982616,686,It’s my Christmas list.
24,1383,4,21,90,115,1.2521739130434784,0.04758625114860667,686,That's for all the taxpayers who always want to know where their money goes.
136,1383,4,21,90,115,1.2521739130434784,0.04758625114860667,686,I'm what's known as a pentagon budget warrior.
216,1383,6,17,92,115,1.2521739130434784,0.05069084632329303,686,That is for “Best in Show”.
239,1383,7,15,93,115,1.2521739130434784,0.05217391304347825,686,The CVS medal. Very impressive.
264,1383,4,21,90,115,1.2521739130434784,0.04758625114860667,686,What an interesting bucket-list for when you get fired.
283,1383,7,15,93,115,1.2521739130434784,0.05217391304347825,686,"Really, no receipt is necessary."
513,1383,5,19,91,115,1.2521739130434784,0.04916306133343397,686,It's due to budget cuts--everything is itemized now.
593,1383,4,21,90,115,1.2521739130434784,0.04758625114860667,686,Does my cost to benefit ratio impress you?
115,1383,6,17,92,115,1.2521739130434784,0.05069084632329303,686,My best party recipe.  Fruit salad.
705,1383,5,19,91,115,1.2521739130434784,0.04916306133343397,686,"And then out loud, I told President Trump....."
674,1383,5,19,91,115,1.2521739130434784,0.04916306133343397,686,"Your damn tax dollars at work, that’s what, ma’am."
1401,1383,3,23,89,115,1.2521739130434784,0.045955369621857575,686,That's a list of all the butts I had to kiss to make general.
1398,1383,5,19,91,115,1.2521739130434784,0.04916306133343397,686,"Yes, in fact I am the General of CVS."
1318,1383,7,15,93,115,1.2521739130434784,0.05217391304347825,686,It's part of the new military green initiative ma'am recyclable paper medals.
1282,1383,7,15,93,115,1.2521739130434784,0.05217391304347825,686,That one’s for charging an enemy machine gun nest to my club card.
1330,1383,8,13,94,115,1.2521739130434784,0.05361597246684191,686,That one's from Operation Drugstore.
841,1383,7,15,93,115,1.2521739130434784,0.05217391304347825,686,It’s a receipt from the supermarket. My wife says it’s one of my greatest accomplishments.
816,1383,6,17,92,115,1.2521739130434784,0.05069084632329303,686,It's for good conduct at Walmart on Black Friday.
794,1383,7,15,93,115,1.2521739130434784,0.05217391304347825,686,Would you mind mansplaining that to me one more time?
1711,1383,4,21,90,115,1.2521739130434784,0.04758625114860667,686,It's for my time serving in CVS.
744,1383,5,19,91,115,1.2521739130434784,0.04916306133343397,686,This is what I got when I cashiered out.
951,1383,7,15,93,115,1.2521739130434784,0.05217391304347825,686,"Yes, the military is really expensive."
490,1451,5,22,100,127,1.2519685039370079,0.046052121475448175,686,It's from the Battle of CVS.
2871,1452,8,21,118,147,1.251700680272109,0.04511712195395935,686,"Is that toilet paper?, oh you must be footman to the President."
3231,1452,6,25,116,147,1.251700680272109,0.0430020787076315,686,Four star coupons
1702,1454,7,24,120,151,1.2516556291390728,0.043285124869849506,686,No! I am NOT Romney and this is NOT a Pentagon ATM!”
1143,1455,3,21,84,108,1.25,0.04766075165356461,686,The new general wants to now where every penny goes.
1550,1456,7,14,92,113,1.247787610619469,0.052634412625532395,686,If you press the blue medal you get a list of the 10 all time great quarterbacks.
1622,1456,5,18,90,113,1.247787610619469,0.04954115225390569,686,I'm keeping count of the number of times I'm asked What's That One For?
2396,1456,2,24,87,113,1.247787610619469,0.04449991379721377,686,They slashed our budget for ribbons.
2408,1456,3,22,88,113,1.247787610619469,0.04624143316177091,686,I see you took advantage of the GI bill!
3515,1456,6,16,91,113,1.247787610619469,0.05111118839882061,686,It's from CVS.
2644,1456,7,14,92,113,1.247787610619469,0.052634412625532395,686,War Crimes List
2787,1456,5,18,90,113,1.247787610619469,0.04954115225390569,686,"I'm the guest speaker, and that little exchange we had will be  fifty dollars."
3076,1456,6,16,91,113,1.247787610619469,0.05111118839882061,686,Are you the Ukrainian Defense Minister?
3530,1456,6,16,91,113,1.247787610619469,0.05111118839882061,686,This way I never lose my shopping list.
3872,1456,6,16,91,113,1.247787610619469,0.05111118839882061,686,Some of my missions left a paper trail.
932,1456,4,20,89,113,1.247787610619469,0.047919703189289425,686,I went to the grocery store all by myself!
3937,1456,6,16,91,113,1.247787610619469,0.05111118839882061,686,Guts doesn't come cheap sweetheart.
2466,1456,6,16,91,113,1.247787610619469,0.05111118839882061,686,Click! Please take your receipt.  We thank you for shopping at Army and Navy Surplus.  Have a good day -Click!
858,1456,5,18,90,113,1.247787610619469,0.04954115225390569,686,Most of the deals aren’t valid unless you spend $2 Trillion on the invasion.
214,1456,8,12,93,113,1.247787610619469,0.05411477806782426,686,It's not just a store receipt ma'am - It's a General store receipt.
456,1456,7,14,92,113,1.247787610619469,0.052634412625532395,686,It lists all the countries I would love to bomb.
179,1456,5,18,90,113,1.247787610619469,0.04954115225390569,686,It's the price you pay for going to war.
770,1456,5,18,90,113,1.247787610619469,0.04954115225390569,686,"I’ve got my orders, ma’am."
380,1474,5,14,78,97,1.2474226804123711,0.054895495520948266,686,I got tired of carrying the damn briefcase.
1079,1475,5,19,94,118,1.2457627118644068,0.048048156401865744,686,They're caveats for my Trump era mission.
2039,1475,5,19,94,118,1.2457627118644068,0.048048156401865744,686,I’m going to the grocery store on my way home.
810,1477,6,20,105,131,1.2442748091603053,0.046094191207963264,686,My wife awarded it to me last year for Meritorious Courage on Black Friday
403,1478,3,22,90,115,1.2434782608695651,0.04553488256049453,686,"As you can see, no discounts or coupons were used on these commendations."
1667,1479,5,17,89,111,1.2432432432432432,0.04992412952305652,686,That's the cost of the illusion of freedom.
1730,1479,6,15,90,111,1.2432432432432432,0.05153851833759958,686,That’s for winning the Battle of CVS.
1768,1479,7,13,91,111,1.2432432432432432,0.05310385142562874,686,You earned a free bar of soap from CVS.
1900,1479,4,19,88,111,1.2432432432432432,0.04825576177861831,686,"Sure, I was the guy that shopped for the rest of the Generals but, darnit, I did it well."
2155,1479,7,13,91,111,1.2432432432432432,0.05310385142562874,686,"Yes, ma'am, I am a 4-Star General.  Yes, it is a grocery list. 
 And yes, I do serve, (sob), at the President's discretion."
2342,1479,3,21,87,111,1.2432432432432432,0.04652760880417772,686,Just keep the printed receipt and return the bombers within 10 days if you’re not completely satisfied.
1634,1479,2,23,86,111,1.2432432432432432,0.04473274211619977,686,It’s my wife’s grocery list dammit.
2454,1479,6,15,90,111,1.2432432432432432,0.05153851833759958,686,"When businessmen become politicians, This is what happens."
2455,1479,3,21,87,111,1.2432432432432432,0.04652760880417772,686,All the positive Trump tweets that I sent
2607,1479,5,17,89,111,1.2432432432432432,0.04992412952305652,686,"Here's your receipt,Congresswoman."
2657,1479,6,15,90,111,1.2432432432432432,0.05153851833759958,686,I did not save $4.64 with my value card to have it go unrecognized!
2808,1479,5,17,89,111,1.2432432432432432,0.04992412952305652,686,I got this after my tour of Wal-Mart
2893,1479,3,21,87,111,1.2432432432432432,0.04652760880417772,686,I'm the family shopper. My wife gave me that one for Distinguished Service.
2204,1479,4,19,88,111,1.2432432432432432,0.04825576177861831,686,That's the one Trump tried to rip off so he could wear it himself.
1629,1479,4,19,88,111,1.2432432432432432,0.04825576177861831,686,When I retired I was head of security at the CVS on 23rd and First.
1252,1479,5,17,89,111,1.2432432432432432,0.04992412952305652,686,It's a transcript of a very high level administration official's telephone call that I didn't report.
1334,1479,6,15,90,111,1.2432432432432432,0.05153851833759958,686,It's my shortest CVS receipt.
1255,1479,8,11,92,111,1.2432432432432432,0.05462434622066808,686,"No mam, we cannot just ignore President Trump"
1151,1479,5,17,89,111,1.2432432432432432,0.04992412952305652,686,I see you've earned the CVS medal.
834,1479,7,13,91,111,1.2432432432432432,0.05310385142562874,686,My EKG - proves I have a heart!
758,1479,3,21,87,111,1.2432432432432432,0.04652760880417772,686,"Front line cashier at CVS, Bagram. Thanks."
89,1479,3,21,87,111,1.2432432432432432,0.04652760880417772,686,That one's for uncommon thriftiness.
2961,1479,5,17,89,111,1.2432432432432432,0.04992412952305652,686,...and that one's from the Battle of Black Friday.
3553,1479,7,13,91,111,1.2432432432432432,0.05310385142562874,686,I don't think I ordered Afghanistan.
3700,1479,5,17,89,111,1.2432432432432432,0.04992412952305652,686,"The medals are okay, but what I’m really proud of is how I maximized my coupons at the grocery store yesterday."
3756,1479,5,17,89,111,1.2432432432432432,0.04992412952305652,686,Those are the ones I gave myself.
4047,1479,5,17,89,111,1.2432432432432432,0.04992412952305652,686,Are my secret codes showing again?
3389,1479,4,19,88,111,1.2432432432432432,0.04825576177861831,686,"No, I'm not going to tell the President to Behave."
3401,1479,9,9,93,111,1.2432432432432432,0.05610364840039887,686,My major battles were on Black Friday.
3201,1479,2,23,86,111,1.2432432432432432,0.04473274211619977,686,And this one is for the terrifying years I spent as a cashier at the grocery store.
1575,1479,4,19,88,111,1.2432432432432432,0.04825576177861831,686,"Yes ma'am, I'm the real deal--and for your information, I'm drinking straight scotch from this disgusting wine glass."
3064,1479,7,13,91,111,1.2432432432432432,0.05310385142562874,686,"Oh, that? That's my grocery shopping receipt."
3682,1511,7,13,92,112,1.2410714285714286,0.05267236782615763,686,"Oh, talking points from the boss."
2172,1512,6,14,88,108,1.2407407407407407,0.052408865947484624,686,"Thanks for noticing, but no, it's simply a grocery receipt, I'm responsible for stocking the mess hall."
4025,1512,4,18,86,108,1.2407407407407407,0.048995394649344264,686,"Below the Purple Heart, you'll find my references and employment history."
3153,1512,5,16,87,108,1.2407407407407407,0.05073084824220075,686,"I said “here’s the shopping list”, not “go and enlist!”"
3081,1512,4,18,86,108,1.2407407407407407,0.048995394649344264,686,It's a CVS.  Certified Valor in Service
2811,1512,4,18,86,108,1.2407407407407407,0.048995394649344264,686,Multiple tours of the PX.
2792,1512,4,18,86,108,1.2407407407407407,0.048995394649344264,686,It's a reminder of the tab I ran up at last year's cocktail party.
2617,1512,8,10,90,108,1.2407407407407407,0.05561321572214498,686,I've never forgotten the Boy Scout Motto to be prepared.
2369,1512,5,16,87,108,1.2407407407407407,0.05073084824220075,686,I had to stop by CVS before this.
2354,1512,3,20,85,108,1.2407407407407407,0.04719616965725907,686,It was for my leading a successful charge at dawn on Black Friday and we took no casualties!
2315,1512,8,10,90,108,1.2407407407407407,0.05561321572214498,686,"You think that’s impressive, you should see General CVS."
2105,1512,5,16,87,108,1.2407407407407407,0.05073084824220075,686,...and in 3rd grade I got 'Tries Hard'.
1992,1512,4,18,86,108,1.2407407407407407,0.048995394649344264,686,...And that was how I earned the CVS Receipt of Honor
1944,1512,6,14,88,108,1.2407407407407407,0.052408865947484624,686,And I earned this one from buying a toothbrush at CVS
1882,1512,5,16,87,108,1.2407407407407407,0.05073084824220075,686,It's our new CVS strategy - extortionate healthcare is a quicker way to ruin a country than invasion or nukes.
1646,1512,6,14,88,108,1.2407407407407407,0.052408865947484624,686,That’s for “Excellence in Targeting.”
1578,1512,5,16,87,108,1.2407407407407407,0.05073084824220075,686,It’s a list if my subpoenas.
1692,1512,7,12,89,108,1.2407407407407407,0.054034798939476256,686,"I'm a certified organic, free-range, full bird Colonel."
1112,1512,7,12,89,108,1.2407407407407407,0.054034798939476256,686,My pink slip signed by the President.
1102,1512,7,12,89,108,1.2407407407407407,0.054034798939476256,686,"Oh my gosh, Alma.  You look better in that dress than I do !"
875,1512,5,16,87,108,1.2407407407407407,0.05073084824220075,686,It's a new policy - we're leaving the sales receipt attached so the taxpayers can see what all those medals cost.
874,1512,6,14,88,108,1.2407407407407407,0.052408865947484624,686,It was awarded for bravery at the Battle of CVS.
625,1512,4,18,86,108,1.2407407407407407,0.048995394649344264,686,It's been nice talking to you General Drug Store
387,1512,3,20,85,108,1.2407407407407407,0.04719616965725907,686,Defending our country isn't cheap!
1527,1535,3,19,82,104,1.2403846153846154,0.04830045123945618,686,It's the tab for all the people who've thanked me for my service.
2099,1536,2,20,78,100,1.24,0.047396884353980984,686,"Lieutenant Colonel, United States Air Force, 23rd Airborne, CVS Division"
1716,1536,6,18,101,125,1.24,0.04738313297284785,686,"Lieutenant Colonel, please,”"
1402,1538,4,19,90,113,1.238938053097345,0.047494653839780694,686,Budget cuts.  I'm saving up for my own ticker tape parade.
212,1539,6,17,99,122,1.2377049180327868,0.048066925254456445,686,That one's for risking identity theft while shopping online.
2693,1540,6,12,83,101,1.2376237623762376,0.05476957103342309,686,"“As the Rear Admiral, I oversee the toilet paper budget.”"
2097,1541,5,21,105,131,1.2366412213740459,0.04446070275087714,686,He says it's  needed to fund the wall.
1718,1542,5,15,86,106,1.2358490566037736,0.05113603721767608,686,Yes ma'am. I'm Santa's attache.
1481,1542,4,17,85,106,1.2358490566037736,0.049347743443954886,686,Is that your CVS receipt in your pocket or are you just happy to see me?
2355,1542,4,17,85,106,1.2358490566037736,0.049347743443954886,686,It’s my answer to “What’s that one for?”
2164,1542,3,19,84,106,1.2358490566037736,0.04749216002345262,686,"Yes, my division is sponsored by CVS."
2410,1542,2,21,83,106,1.2358490566037736,0.04556106610227718,686,"So, he just pardoned all your war crimes? Just like that?"
1465,1542,5,15,86,106,1.2358490566037736,0.05113603721767608,686,"Yes, ma'am. Scribbled redacted notes on toilet paper has proven to be the most effective and affordable deterrent to hacking."
2679,1542,3,19,84,106,1.2358490566037736,0.04749216002345262,686,Yes I was also the ranking officer for base commissaries
2542,1542,5,15,86,106,1.2358490566037736,0.05113603721767608,686,"Yes, Ma'am, I'm on the clock."
2912,1542,6,13,87,106,1.2358490566037736,0.05286387066461095,686,I'd like the light blue one with five white stars. Does the price include tax?
1372,1542,4,17,85,106,1.2358490566037736,0.049347743443954886,686,So what do you think? Was I overcharged for these medals?
3203,1542,4,17,85,106,1.2358490566037736,0.049347743443954886,686,That's a list of the disclaimers that go along with my awards.
3454,1542,4,17,85,106,1.2358490566037736,0.049347743443954886,686,That's for my service in the Battle of CVS.
3704,1542,5,15,86,106,1.2358490566037736,0.05113603721767608,686,That's just a receipt from the commissary.
3824,1542,5,15,86,106,1.2358490566037736,0.05113603721767608,686,"Yes, I really am registered with the Green Party."
3984,1542,4,17,85,106,1.2358490566037736,0.049347743443954886,686,That ribbon bar prints in portrait and landscape.
2722,1542,5,15,86,106,1.2358490566037736,0.05113603721767608,686,It's a receipt reminding me we are still paying for the last war.
1248,1542,4,17,85,106,1.2358490566037736,0.049347743443954886,686,It's for Smart Procurement.
535,1542,5,15,86,106,1.2358490566037736,0.05113603721767608,686,That's for action in the Check Republic.
906,1542,5,15,86,106,1.2358490566037736,0.05113603721767608,686,"They're tweets,from you know who."
863,1542,3,19,84,106,1.2358490566037736,0.04749216002345262,686,It's for Distinguished Accountability.
649,1542,5,15,86,106,1.2358490566037736,0.05113603721767608,686,It all adds up to me being very eligible.
1123,1542,5,15,86,106,1.2358490566037736,0.05113603721767608,686,"As duty demands, I only buy generic brands."
475,1542,7,11,88,106,1.2358490566037736,0.054536990574855476,686,"Since #metoo, the Pentagon decided they needed to give us a list of what NOT to do on a date."
296,1542,3,19,84,106,1.2358490566037736,0.04749216002345262,686,That? It’s just a grocery list.
293,1542,5,15,86,106,1.2358490566037736,0.05113603721767608,686,The Privileges of Rank also involve getting stuck with a Running Tab.
288,1542,4,17,85,106,1.2358490566037736,0.049347743443954886,686,It's a print-out of the additional medals which I should have gotten.
220,1542,3,19,84,106,1.2358490566037736,0.04749216002345262,686,Tab's on me tonight.
150,1542,5,15,86,106,1.2358490566037736,0.05113603721767608,686,It's our latest effort in raising awareness for the GI Bill.
3928,1570,2,20,80,102,1.2352941176470589,0.04658075943697518,686,I shopped. They dropped.
3696,1571,3,20,88,111,1.2342342342342343,0.046065428942378965,686,It seems it’s how they reward à la carte battle plans
3316,1572,3,16,75,94,1.2340425531914894,0.051126705741835796,686,Don't forget to take your receipt.
3618,1573,4,16,83,103,1.233009708737864,0.05013570674702158,686,This is just the short list
1444,1574,2,21,85,108,1.2314814814814814,0.04481893398391732,686,That one's from a 3-year tour I did at CVS.
2230,1575,4,16,84,104,1.2307692307692308,0.049701816675055514,686,Budget cuts...
3119,1575,3,18,83,104,1.2307692307692308,0.04778665172843477,686,It's a badge of honor: My itemized bill from the V.A. for the  amputation
3091,1575,6,12,86,104,1.2307692307692308,0.05332619971058358,686,"Please, don’t repeat this to anyone! It’s a target co-ordinate list from my last mission over un-named lands.  But nowadays, I use it for rolling weed!  Got some?"
3019,1575,4,16,84,104,1.2307692307692308,0.049701816675055514,686,"In retrospect, I shouldn't have disputed the tweeted order."
2987,1575,3,18,83,104,1.2307692307692308,0.04778665172843477,686,"Sorry ma'am, I thought it was an open bar."
2947,1575,5,14,85,104,1.2307692307692308,0.05154587353209697,686,Here’s the drink tab.  No rush.
2943,1575,4,16,84,104,1.2307692307692308,0.049701816675055514,686,It’s my receipt from CVS
2848,1575,4,16,84,104,1.2307692307692308,0.049701816675055514,686,And this medal is for procuring the tiny ink cartridges.
2816,1575,4,16,84,104,1.2307692307692308,0.049701816675055514,686,"It's a receipt for services rendered, lady."
2776,1575,6,12,86,104,1.2307692307692308,0.05332619971058358,686,I shall return.
2664,1575,4,16,84,104,1.2307692307692308,0.049701816675055514,686,They're all my CVS Rewards
2660,1575,4,16,84,104,1.2307692307692308,0.049701816675055514,686,"As you can see, I'm far more than just an 'ok' boomer"
2619,1575,5,14,85,104,1.2307692307692308,0.05154587353209697,686,While it is rather cumbersome mobile faxes are much more secure than mobile phones
2573,1575,4,16,84,104,1.2307692307692308,0.049701816675055514,686,Please take printed transcript of President's Twitter feed for all my opinions on proper military protocol.
2566,1575,4,16,84,104,1.2307692307692308,0.049701816675055514,686,It's a list of questions I won't answer.
2520,1575,4,16,84,104,1.2307692307692308,0.049701816675055514,686,I don't like to talk about the things I saw at the Battle of CVS.
2390,1575,5,14,85,104,1.2307692307692308,0.05154587353209697,686,Ever hear of a little action called The Battle of CVS?
2318,1575,7,10,87,104,1.2307692307692308,0.055048978854826666,686,It's a new high tech military decoration.  It can be immediately updated by Tweet.
3141,1575,8,8,88,104,1.2307692307692308,0.05671945495458558,686,Usually the toilet paper sticks to my shoe
2292,1575,6,12,86,104,1.2307692307692308,0.05332619971058358,686,"Yes,  I was awarded this one from CVS."
2258,1575,6,12,86,104,1.2307692307692308,0.05332619971058358,686,That happens whenever I see a nice set.
2252,1575,4,16,84,104,1.2307692307692308,0.049701816675055514,686,"Wow, a running account of the Afghan War!"
3159,1575,4,16,84,104,1.2307692307692308,0.049701816675055514,686,We fought the damn sales tax and lost.
3591,1575,8,8,88,104,1.2307692307692308,0.05671945495458558,686,"It's a very prestigious, very hush-hush British award called  Victoria's Secret."
3293,1575,5,14,85,104,1.2307692307692308,0.05154587353209697,686,"I got it for so often saying ""Charge""."
4040,1575,7,10,87,104,1.2307692307692308,0.055048978854826666,686,..we may go to war with Iran. Woman: Your Extracare bucks are expiring.
3977,1575,4,16,84,104,1.2307692307692308,0.049701816675055514,686,"My wife works for CVS, so it was easy."
3965,1575,7,10,87,104,1.2307692307692308,0.055048978854826666,686,"With foreign policy nowadays, there are a lot of asterisks."
2227,1575,4,16,84,104,1.2307692307692308,0.049701816675055514,686,"As a member of the secret service, I keep a running record of all my conversations."
3963,1575,3,18,83,104,1.2307692307692308,0.04778665172843477,686,Four tours of duty...eleven tours of duty-free.
3918,1575,4,16,84,104,1.2307692307692308,0.049701816675055514,686,"I am under orders to tell you that my commanding officer is a very funny guy, ma'am."
3902,1575,7,10,87,104,1.2307692307692308,0.055048978854826666,686,It's the Medal of CVS
3899,1575,5,14,85,104,1.2307692307692308,0.05154587353209697,686,The thing I'm most proud of is the money I've saved.
3882,1575,4,16,84,104,1.2307692307692308,0.049701816675055514,686,The last one is for explaining all the other ones.
3828,1575,4,16,84,104,1.2307692307692308,0.049701816675055514,686,Military spending is out of control these days.
3204,1575,4,16,84,104,1.2307692307692308,0.049701816675055514,686,I keep our top secrets close to my chest.
3805,1575,2,20,82,104,1.2307692307692308,0.04579145756610733,686,I see you led the insurgence of troops into the CVS on Park and 18th.
3742,1575,7,10,87,104,1.2307692307692308,0.055048978854826666,686,That’s for mastering the self-checkout at CVS.
3728,1575,3,18,83,104,1.2307692307692308,0.04778665172843477,686,It's for surviving Black Friday.
3718,1575,4,16,84,104,1.2307692307692308,0.049701816675055514,686,It's for bravery at a CVS
3592,1575,2,20,82,104,1.2307692307692308,0.04579145756610733,686,"Just a list of general topics."""
3569,1575,5,14,85,104,1.2307692307692308,0.05154587353209697,686,I thought it would be easier for you civilian non-combatants to read the printout rather than having to decipher all the metal.
3532,1575,5,14,85,104,1.2307692307692308,0.05154587353209697,686,you know how important i am by the number of tweets sent out about me from Captain Bonespurs
3481,1575,4,16,84,104,1.2307692307692308,0.049701816675055514,686,"That one commemorates the Battle of CVS, ma'am."
3382,1575,2,20,82,104,1.2307692307692308,0.04579145756610733,686,These are my Presidential Tweets of Distinction!
3370,1575,2,20,82,104,1.2307692307692308,0.04579145756610733,686,"I'm your ""Service Robot"", another drink? I'm your ""Service Robot"", another..........."
3304,1575,3,18,83,104,1.2307692307692308,0.04778665172843477,686,Itemized receipt for collateral damage.
3803,1575,5,14,85,104,1.2307692307692308,0.05154587353209697,686,We’re working on a digital rank display as we speak.
2199,1575,5,14,85,104,1.2307692307692308,0.05154587353209697,686,"As a matter of fact, this medal is on toilet paper. I’ve had a lengthy career of brown-nosing."
1146,1575,5,14,85,104,1.2307692307692308,0.05154587353209697,686,"Young lady, I’ll have you know that these medals cost an arm and a leg."
2090,1575,5,14,85,104,1.2307692307692308,0.05154587353209697,686,"I take cash, credit cards, and your sons and daughters."
946,1575,5,14,85,104,1.2307692307692308,0.05154587353209697,686,I didn't have enough space for all the medals.
928,1575,5,14,85,104,1.2307692307692308,0.05154587353209697,686,That one’s for being cashiered.
826,1575,4,16,84,104,1.2307692307692308,0.049701816675055514,686,"It’s a matter of efficiency. In lieu of war stories, I provide an itemized list."
801,1575,3,18,83,104,1.2307692307692308,0.04778665172843477,686,Service is included.
784,1575,9,6,89,104,1.2307692307692308,0.05834212087104283,686,"Yeah, I got this CVS Award of Honor for my service in the War on Drugstores"
764,1575,6,12,86,104,1.2307692307692308,0.05332619971058358,686,"Under the campaign ribbons is a list of tweets about what I don't know, should know, can't know, couldn't know, won't know, used to know, and reminder that I'm not as super-duper badass awesome as he is."
738,1575,5,14,85,104,1.2307692307692308,0.05154587353209697,686,"Yes, it's my list of conquests. Your name is about halfway."
716,1575,5,14,85,104,1.2307692307692308,0.05154587353209697,686,"Oh, THAT one is my receipt for the battle of Black Friday."
2191,1575,7,10,87,104,1.2307692307692308,0.055048978854826666,686,I killed all those guys.
1025,1575,3,18,83,104,1.2307692307692308,0.04778665172843477,686,Oops. Now I have to kill you.
566,1575,3,18,83,104,1.2307692307692308,0.04778665172843477,686,It shows the cost of war.
400,1575,6,12,86,104,1.2307692307692308,0.05332619971058358,686,"Return policy is on the back, ma'am."
228,1575,5,14,85,104,1.2307692307692308,0.05154587353209697,686,Some of them are for CVS flu shots.
209,1575,4,16,84,104,1.2307692307692308,0.049701816675055514,686,"Wow, a pound of flesh has no value!"
184,1575,2,20,82,104,1.2307692307692308,0.04579145756610733,686,"I said ""excuse me"", not ""pardon me""."
103,1575,4,16,84,104,1.2307692307692308,0.049701816675055514,686,"That was for heroism in the face of Black Friday."""
102,1575,4,16,84,104,1.2307692307692308,0.049701816675055514,686,This is my favorite one from the Apollo ticker tape parade.
83,1575,6,12,86,104,1.2307692307692308,0.05332619971058358,686,It was for the Battle of CVS.
41,1575,4,16,84,104,1.2307692307692308,0.049701816675055514,686,That’s my fruit salad and the receipt.
37,1575,9,6,89,104,1.2307692307692308,0.05834212087104283,686,Trump campaigns--ready to tear off if he ever leaves.
487,1575,5,14,85,104,1.2307692307692308,0.05154587353209697,686,"My lost battles... what civilians call ""previous relationships"" """
18,1575,3,18,83,104,1.2307692307692308,0.04778665172843477,686,I served three Black Friday tours.
1062,1575,5,14,85,104,1.2307692307692308,0.05154587353209697,686,Read it and weep.
1278,1575,1,22,81,104,1.2307692307692308,0.043705275295351925,686,One dollar per second.
2089,1575,1,22,81,104,1.2307692307692308,0.043705275295351925,686,I've been enlisted
1942,1575,3,18,83,104,1.2307692307692308,0.04778665172843477,686,You know when you buy a new car and they give you those temporary tags?
1917,1575,5,14,85,104,1.2307692307692308,0.05154587353209697,686,We get returned at dawn.
1867,1575,6,12,86,104,1.2307692307692308,0.05332619971058358,686,It's a great conversation starter.
1807,1575,4,16,84,104,1.2307692307692308,0.049701816675055514,686,loyalty card ?
1709,1575,5,14,85,104,1.2307692307692308,0.05154587353209697,686,"Instead of a printer ribbon, it's a ribbon printer."
1696,1575,7,10,87,104,1.2307692307692308,0.055048978854826666,686,"Pardon me, I was just reading your list of places where you plan to start a war."
1686,1575,7,10,87,104,1.2307692307692308,0.055048978854826666,686,I don't think a receipt from the one time you went grocery shopping is the best badge for 'dutiful husband'.
1669,1575,2,20,82,104,1.2307692307692308,0.04579145756610733,686,You think War is taxing? Let me you about CVS.
1635,1575,5,14,85,104,1.2307692307692308,0.05154587353209697,686,I got this one for the Battle of CVS.
1554,1575,6,12,86,104,1.2307692307692308,0.05332619971058358,686,Starting in 2022 we received medals in President's handwriting.
1531,1575,3,18,83,104,1.2307692307692308,0.04778665172843477,686,Congress demands we keep a running tab on expenses.
1416,1575,1,22,81,104,1.2307692307692308,0.043705275295351925,686,"The price of a man in uniform keeps going up, thank you for shopping."
1342,1575,3,18,83,104,1.2307692307692308,0.04778665172843477,686,"Yes ma'am, that one is for bookkeeping above and beyond the call."
1341,1575,6,12,86,104,1.2307692307692308,0.05332619971058358,686,I got it in the Costco Wars of 2018.
1304,1575,2,20,82,104,1.2307692307692308,0.04579145756610733,686,Looks like someone thinks he was a good little boy this year.
1303,1575,4,16,84,104,1.2307692307692308,0.049701816675055514,686,"No Purple Heart, but the purple ink tells you I'm a proven veteran of the budgeting wars."""
1593,1575,2,20,82,104,1.2307692307692308,0.04579145756610733,686,I earned that one during the media wars.
1596,1668,2,19,79,100,1.23,0.0468287229478799,686,Commissary......holiday season....'04.........brutal.
1958,1669,6,17,104,127,1.2283464566929134,0.046350334443844225,686,Great timesaver - latest updates from  General Hospital
2647,1670,3,15,74,92,1.2282608695652173,0.0515021856246872,686,I carry this around as a reminder of the last time I picked up everybody's tab.
2288,1671,3,17,81,101,1.2277227722772277,0.0485047473818451,686,I got my Meritorious Service Medal from CVS.
2063,1671,5,13,83,101,1.2277227722772277,0.05242852394009396,686,Wow! You served in the CVS campaign.
1739,1671,5,13,83,101,1.2277227722772277,0.05242852394009396,686,This is my last offer. But no interviews or word to the press.
1760,1671,3,17,81,101,1.2277227722772277,0.0485047473818451,686,"Darling, I thought we agreed not to talk about all your accomplishments tonight..."
2362,1671,4,15,82,101,1.2277227722772277,0.05050475542517563,686,It's the new top secret spyware. It records everything you say immediately for future record. Can you read shorthand? I need an assistant.
1684,1671,7,9,85,101,1.2277227722772277,0.056078424786163546,686,I lost my left arm trying to jerk off a tank
1558,1671,4,15,82,101,1.2277227722772277,0.05050475542517563,686,"Yes, in fact we are looking at the cost of android soldiers."
1425,1671,3,17,81,101,1.2277227722772277,0.0485047473818451,686,That’s my award for braving the mall on Black Friday.
2027,1671,2,19,80,101,1.2277227722772277,0.04641864621675659,686,Oh my! That's a long list of ex-wives!
2415,1671,3,17,81,101,1.2277227722772277,0.0485047473818451,686,That's the sales receipt for them from Walgreens.
3353,1671,5,13,83,101,1.2277227722772277,0.05242852394009396,686,It's the Grocery Good Conduct ribbon. From the Battle of the Bulge!
2676,1671,3,17,81,101,1.2277227722772277,0.0485047473818451,686,So the medal actually lists all the congressional subpoenas you’ve ignored!  Hmmm.
2797,1671,5,13,83,101,1.2277227722772277,0.05242852394009396,686,I see you've been shopping at CVS
2826,1671,5,13,83,101,1.2277227722772277,0.05242852394009396,686,I also have a part time job at Target. I was recently promoted.
3220,1671,4,15,82,101,1.2277227722772277,0.05050475542517563,686,When I wear them all I can’t walk!
4032,1671,3,17,81,101,1.2277227722772277,0.0485047473818451,686,"2019, yet we still communicate by fax."
3750,1671,2,19,80,101,1.2277227722772277,0.04641864621675659,686,Did you get that from CVS?
3519,1671,5,13,83,101,1.2277227722772277,0.05242852394009396,686,That's for the CVS Tour of Duty.
1422,1671,2,19,80,101,1.2277227722772277,0.04641864621675659,686,And next to my Medal of Honor is my Receipt of Discontent
3477,1671,4,15,82,101,1.2277227722772277,0.05050475542517563,686,My CVS purchases are a badge of honor.
3439,1671,4,15,82,101,1.2277227722772277,0.05050475542517563,686,It's the new Tweet Campaign pin.
2423,1671,4,15,82,101,1.2277227722772277,0.05050475542517563,686,It’s for the rank of CVS.
1361,1671,4,15,82,101,1.2277227722772277,0.05050475542517563,686,"Yes, the Battle of CVS. Forgive me, but it's still difficult to talk about."
934,1671,6,11,84,101,1.2277227722772277,0.054284159056921966,686,It's my Catering Corp Medal with bar tab.
1139,1671,5,13,83,101,1.2277227722772277,0.05242852394009396,686,"yes, just got back from CVS...why do you ask?"
1174,1671,4,15,82,101,1.2277227722772277,0.05050475542517563,686,Do you feel military rank should be based on merit or trips to CVS for POTUS?
425,1671,4,15,82,101,1.2277227722772277,0.05050475542517563,686,"Civilians may call it a ""to do"" list. I prefer ""lock and load."""
525,1671,2,19,80,101,1.2277227722772277,0.04641864621675659,686,It's from my last sortie to Home Depot.
541,1671,5,13,83,101,1.2277227722772277,0.05242852394009396,686,That is for the Battle of Black Friday.
558,1671,3,17,81,101,1.2277227722772277,0.0485047473818451,686,No.  I’m the ACTING undersecretary
677,1671,2,19,80,101,1.2277227722772277,0.04641864621675659,686,It's my favorite wine list by entree.
737,1671,6,11,84,101,1.2277227722772277,0.054284159056921966,686,"Oh general, I didn't catch your name earlier. The boys call me by my initials, General C.V.S."
128,1671,3,17,81,101,1.2277227722772277,0.0485047473818451,686,It’s a citation from the supreme commander.  It only looks like a shopping list.
803,1671,6,11,84,101,1.2277227722772277,0.054284159056921966,686,Our Commander In Chief is a businessman.
831,1671,3,17,81,101,1.2277227722772277,0.0485047473818451,686,"Supermarket wars, Ma'am!"
1028,1671,4,15,82,101,1.2277227722772277,0.05050475542517563,686,"She found him married when he saw his shopping list. One of the items was ""Bring Bread""."
1050,1671,4,15,82,101,1.2277227722772277,0.05050475542517563,686,"Not a medal, my turn for getting the bagels tomorrow."
1095,1671,3,17,81,101,1.2277227722772277,0.0485047473818451,686,It’s my medal for being the best checker at the PX.
753,1671,5,13,83,101,1.2277227722772277,0.05242852394009396,686,It's my Walmart campaign service commendation.
1936,1710,3,16,78,97,1.2268041237113403,0.049709540005118326,686,"If you don't stop staring, I'll add you to the list."
893,1710,5,12,80,97,1.2268041237113403,0.05385714095758584,686,That one is for the Black Friday Campaign
774,1710,2,18,77,97,1.2268041237113403,0.04750012352845047,686,I got this one for Black Friday.
2055,1713,7,7,79,93,1.2258064516129032,0.059468253535842175,686,"Congress did not authorize the dip, that's correct."
1710,1713,1,19,73,93,1.2258064516129032,0.04619468188464644,686,Would you fill out a short survey to rate my service?
1175,1715,3,17,82,102,1.2254901960784315,0.04807872020202308,686,"It's a love letter for Kim, Xi, and Vlad."
3535,1716,4,17,90,111,1.2252252252252251,0.04734504824060214,686,"I hate it when they call it ""naval gazing."""
177,1716,5,15,91,111,1.2252252252252251,0.04904440596750161,686,It's for The Battle of The Budget
2351,1718,3,16,80,99,1.2222222222222223,0.048806737446717936,686,I have receipts.
2625,1718,4,14,81,99,1.2222222222222223,0.050874754873893785,686,It’s a real time EKG.
2082,1718,5,12,82,99,1.2222222222222223,0.05286193097839597,686,It says here I ordered taller!
2081,1718,4,14,81,99,1.2222222222222223,0.050874754873893785,686,You pick up the tab at the officers club often enough  you're awarded  a ribbon.
1896,1718,4,14,81,99,1.2222222222222223,0.050874754873893785,686,"And, as you can see, that one cost me an arm."
1745,1718,2,18,79,99,1.2222222222222223,0.04664712806708402,686,My therapist says I have a military industrial complex.
1765,1718,5,12,82,99,1.2222222222222223,0.05286193097839597,686,"I mean, I’ve never been asked to sign terms and conditions for a social chat."
2462,1718,4,14,81,99,1.2222222222222223,0.050874754873893785,686,"Yes, its a fax-- military appropriations for cell phones were used to pay for the wall."
2417,1718,2,18,79,99,1.2222222222222223,0.04664712806708402,686,The Pentagon requires a receipt attached for everything these days.
3062,1718,5,12,82,99,1.2222222222222223,0.05286193097839597,686,"Can I take advantage of the 'Buy One, Get One Free' deal before it expires?"
1712,1718,4,14,81,99,1.2222222222222223,0.050874754873893785,686,I’m an officer of the line item
3146,1718,5,12,82,99,1.2222222222222223,0.05286193097839597,686,My wife awarded me this medal after The Battle of the I Got the Wrong Brand Yogurt at The Grocery Store
3232,1718,3,16,80,99,1.2222222222222223,0.048806737446717936,686,They cost me an arm and leg.
3309,1718,3,16,80,99,1.2222222222222223,0.048806737446717936,686,My last posting was at the pentagon in charge of  small arms sales
3428,1718,3,16,80,99,1.2222222222222223,0.048806737446717936,686,"Oooo, that's an impressive list of pardons!"
3637,1718,3,16,80,99,1.2222222222222223,0.048806737446717936,686,"Yes, I did just return from CVS, how did you know?"
3772,1718,3,16,80,99,1.2222222222222223,0.048806737446717936,686,That's for my service with the Paper Tigers.
3834,1718,4,14,81,99,1.2222222222222223,0.050874754873893785,686,My wife asked me to stop by the grocery store on the way home.
2666,1718,4,14,81,99,1.2222222222222223,0.050874754873893785,686,True story: this is the actual Schindler's List.
1665,1718,4,14,81,99,1.2222222222222223,0.050874754873893785,686,"Yes- when there's a pardon, it reflects on all of us."
2968,1718,4,14,81,99,1.2222222222222223,0.050874754873893785,686,Well that's surprising. I would have thought that jacket would be dry clean only.
1500,1718,6,10,83,99,1.2222222222222223,0.054777064635215894,686,"Credit, debit or cash?"
1581,1718,1,20,78,99,1.2222222222222223,0.044382558439335355,686,Would you like your name to be added to this list of distinguished women I have conquered?
138,1718,5,12,82,99,1.2222222222222223,0.05286193097839597,686,"It's an I.O.U.~
I'm brave but very quick doing it."
148,1718,2,18,79,99,1.2222222222222223,0.04664712806708402,686,"Wow, I’ve never seen them itemized before."
599,1718,3,16,80,99,1.2222222222222223,0.048806737446717936,686,The Department felt that the actual receipts would be more impressive.
944,1718,5,12,82,99,1.2222222222222223,0.05286193097839597,686,"It's an honor to meet you, Miss, here on the cocktail party front-- where so many of my medals have been earned."
578,1718,5,12,82,99,1.2222222222222223,0.05286193097839597,686,I thought the letter said medal recipient.
1092,1718,3,16,80,99,1.2222222222222223,0.048806737446717936,686,...and I get 15% off my next medal.
1217,1718,2,18,79,99,1.2222222222222223,0.04664712806708402,686,Is that as big as it gets?
1472,1718,7,8,84,99,1.2222222222222223,0.05662746571529173,686,How impressive Sir! Shall I rip it off and keep it in my bra? So you can play finders keepers later!
961,1718,4,14,81,99,1.2222222222222223,0.050874754873893785,686,It's for the CVS campaign.
2275,1750,3,17,84,104,1.2211538461538463,0.04724827321830709,686,They were first to go when the defense department budget cuts hit
879,1750,3,17,84,104,1.2211538461538463,0.04724827321830709,686,CVS had a sale on military costumes.
2076,1752,2,17,76,95,1.2210526315789474,0.047746407774967206,686,That one is for successfully making it out of Walmart on Black Friday.
2464,1753,3,15,78,96,1.21875,0.04956637628367376,686,"No, it is NOT a CVS receipt!"
2580,1753,3,15,78,96,1.21875,0.04956637628367376,686,My shopping is also quite distinguished...
2582,1753,3,15,78,96,1.21875,0.04956637628367376,686,It's my resumé. I like people to know I'm qualified.
2590,1753,3,15,78,96,1.21875,0.04956637628367376,686,"I'm a four-star general, but I'm on sale for half-price this week."
2646,1753,5,11,80,96,1.21875,0.053809127005767406,686,I’ve received longer tapes at CVS.
2635,1753,5,11,80,96,1.21875,0.053809127005767406,686,"24/7, we can’t spend it fast enough."
2379,1753,3,15,78,96,1.21875,0.04956637628367376,686,And that last one I got at CVS
2689,1753,5,11,80,96,1.21875,0.053809127005767406,686,Better step back. CVS is sending my weekly coupons for hemorrhoid cream.”
2738,1753,4,13,79,96,1.21875,0.05173126620824946,686,"Excuse me sir, have you seen my name badge...Dollar General?"
2601,1753,4,13,79,96,1.21875,0.05173126620824946,686,"How impressive, you're keeping tract of the national debt."
2340,1753,5,11,80,96,1.21875,0.053809127005767406,686,"I don't mean to brag, but......"
2087,1753,2,17,77,96,1.21875,0.04730250957698441,686,It's a rental
2281,1753,4,13,79,96,1.21875,0.05173126620824946,686,You lost your arm in a power grab?
2218,1753,4,13,79,96,1.21875,0.05173126620824946,686,In lieu of a ticker tape parade.
2130,1753,4,13,79,96,1.21875,0.05173126620824946,686,Running list of Commander-in-Chief personnel orders.
2109,1753,2,17,77,96,1.21875,0.04730250957698441,686,All that for Christmas?
2756,1753,5,11,80,96,1.21875,0.053809127005767406,686,"Complete the survey at the bottom, and you’ll be entered for a chance to win the deployment of a full battalion to the trouble spot of your choice."
2085,1753,1,19,76,96,1.21875,0.044924705526766306,686,I'll match my chest against yours any day!
2072,1753,1,19,76,96,1.21875,0.044924705526766306,686,I find the list helps me keep track of whom I have to respect and who has to respect me..
2022,1753,1,19,76,96,1.21875,0.044924705526766306,686,They won't let me return to war without my receipt.
1976,1753,4,13,79,96,1.21875,0.05173126620824946,686,"Madam, my medals are down there."
4035,1753,4,13,79,96,1.21875,0.05173126620824946,686,"Oh, this? This isn't a medal. This is a just list of all the times I had a PTSD-related panic attack in the last month."
4059,1753,1,19,76,96,1.21875,0.044924705526766306,686,"Frankly Madam, I itemize everything."
1938,1753,4,13,79,96,1.21875,0.05173126620824946,686,"Until I know whether we were on the right side of history, I'm keeping the gift receipt attached to the ribbon bar."
2335,1753,3,15,78,96,1.21875,0.04956637628367376,686,...anyway we lost a lot of good men in that CVS. A lot of good men.
2765,1753,5,11,80,96,1.21875,0.053809127005767406,686,It’s a listing of all my commendations by Trump on Twitter
3105,1753,5,11,80,96,1.21875,0.053809127005767406,686,Purple prose
2869,1753,3,15,78,96,1.21875,0.04956637628367376,686,And then there was the battle at CVS.
3575,1753,2,17,77,96,1.21875,0.04730250957698441,686,The list would be longer but my battery needs replacing.
3737,1753,2,17,77,96,1.21875,0.04730250957698441,686,"price list for the bake sale items. the new manned- drone
project needs funding fast!"
3669,1753,2,17,77,96,1.21875,0.04730250957698441,686,It’s a list of everything in this fruit salad!
3585,1753,4,13,79,96,1.21875,0.05173126620824946,686,"Wow, so that's what the our taxes pay for?"
3668,1753,5,11,80,96,1.21875,0.053809127005767406,686,"Madam these are all the personal conflicts I have served in, in the last three decades of service."
1907,1753,5,11,80,96,1.21875,0.053809127005767406,686,I got this one for killing 40 pizzas in 30 days.
3639,1753,5,11,80,96,1.21875,0.053809127005767406,686,It's great to have a legend here.
3615,1753,3,15,78,96,1.21875,0.04956637628367376,686,This one was for bravery on Black Friday 2018.
3627,1753,4,13,79,96,1.21875,0.05173126620824946,686,"CVS regiment, ma’am.”"
3552,1753,4,13,79,96,1.21875,0.05173126620824946,686,It's hard to fit all these accomplishments on LinkedIn
3507,1753,4,13,79,96,1.21875,0.05173126620824946,686,"Well, I earned this one at the battle of CVS. It's actually 2 yards long and goes all the way down my pant leg."
3447,1753,5,11,80,96,1.21875,0.053809127005767406,686,You're right! Can't see a refund for that Trident anywhere.
3437,1753,6,9,81,96,1.21875,0.05580968011677582,686,That one is for reading between the lines of the Commander in Chief's speech.
3435,1753,6,9,81,96,1.21875,0.05580968011677582,686,It's safer in case there's a lightning storm.
3390,1753,2,17,77,96,1.21875,0.04730250957698441,686,"After my testimony, Trump made me wear a disclaimer on my medals."
3356,1753,3,15,78,96,1.21875,0.04956637628367376,686,And these are just today's military discounts.
3248,1753,4,13,79,96,1.21875,0.05173126620824946,686,That's why it's called a military-industrial COMPLEX!
3199,1753,2,17,77,96,1.21875,0.04730250957698441,686,"Regrets, I've had a few; The military is a cruel mistress; Tomorrow never comes; You seem like a nice girl.........; What's the next one say?"
3166,1753,3,15,78,96,1.21875,0.04956637628367376,686,And this one is for ten percent off for my next purchase at CVS.
3144,1753,2,17,77,96,1.21875,0.04730250957698441,686,"... and after I spent the $400, I told them what they could do with their free turkey."
3106,1753,4,13,79,96,1.21875,0.05173126620824946,686,It’s for ‘The Honey-Do Campaign’.
3088,1753,3,15,78,96,1.21875,0.04956637628367376,686,...And this one I got the last time I went to CVS.
3738,1753,1,19,76,96,1.21875,0.044924705526766306,686,Its my short form resignation letter.
2927,1753,2,17,77,96,1.21875,0.04730250957698441,686,"And that one, of course, was for testifying at his impeachment. 
Nice pearls, by the way."
2899,1753,2,17,77,96,1.21875,0.04730250957698441,686,"So I said, ‘Why stop at ticker tape parades?’, and had this beauty installed last week."
2771,1753,5,11,80,96,1.21875,0.053809127005767406,686,I started in the commissary.
1839,1753,5,11,80,96,1.21875,0.053809127005767406,686,"Oooh, the CVS pharmacy medal for patience."
692,1753,5,11,80,96,1.21875,0.053809127005767406,686,So how long have you been decorating?
1719,1753,4,13,79,96,1.21875,0.05173126620824946,686,Their weight was worsening my scoliosis.
905,1753,3,15,78,96,1.21875,0.04956637628367376,686,Hmm...is that a disclaimer?
1788,1753,5,11,80,96,1.21875,0.053809127005767406,686,This one?  My first deployment to CVS.
741,1753,4,13,79,96,1.21875,0.05173126620824946,686,Well...you could have had it e-mailed!
724,1753,2,17,77,96,1.21875,0.04730250957698441,686,I was wounded in the Campaign of 2012.
715,1753,3,15,78,96,1.21875,0.04956637628367376,686,"These are my receipts, to show you that I'm a five -star General and  worthy of your attention"""
679,1753,4,13,79,96,1.21875,0.05173126620824946,686,And this one is for the CVS campaign.
655,1753,3,15,78,96,1.21875,0.04956637628367376,686,It’s my bar tab.
638,1753,3,15,78,96,1.21875,0.04956637628367376,686,"Damn, that four-top just ordered another war."
611,1753,4,13,79,96,1.21875,0.05173126620824946,686,"Sure, everyone thanks me for my service, but is an additional 20% before tax too much to expect?"
914,1753,4,13,79,96,1.21875,0.05173126620824946,686,Thank me for my service.
606,1753,5,11,80,96,1.21875,0.053809127005767406,686,Why don't we step outside and I'll show you my vanity plates.
369,1753,4,13,79,96,1.21875,0.05173126620824946,686,All ready for the ticker tape parade.
348,1753,5,11,80,96,1.21875,0.053809127005767406,686,"Yes, my wife’s grocery list is a lot like an endless war."
287,1753,4,13,79,96,1.21875,0.05173126620824946,686,I always forget to use my extrabucks rewards if I don't keep my receipt handy.
275,1753,3,15,78,96,1.21875,0.04956637628367376,686,That one is for frugality.
250,1753,2,17,77,96,1.21875,0.04730250957698441,686,Showing my expenses from raising 4 children warrants a ribbon of it's own.
153,1753,2,17,77,96,1.21875,0.04730250957698441,686,"General, I'd go with Oligarch's Delight in the 5th."
58,1753,3,15,78,96,1.21875,0.04956637628367376,686,That's my index to remind me what the heck all the ribbons are for .
39,1753,3,15,78,96,1.21875,0.04956637628367376,686,"Sure, I can show you something longer."
3813,1753,4,13,79,96,1.21875,0.05173126620824946,686,"No, that's just my Honey Do List."
461,1753,1,19,76,96,1.21875,0.044924705526766306,686,"They amputated my left arm and gave me this ""bill of honor."""
971,1753,2,17,77,96,1.21875,0.04730250957698441,686,We aren't allowed to post on Twitter.
857,1753,3,15,78,96,1.21875,0.04956637628367376,686,It's for bravery on Black Friday.
983,1753,5,11,80,96,1.21875,0.053809127005767406,686,What language are you important in?
1675,1753,3,15,78,96,1.21875,0.04956637628367376,686,"Umm, Judy makes me wear that one. Honey-do list"
1666,1753,6,9,81,96,1.21875,0.05580968011677582,686,Those are for surviving Tweets.
1588,1753,2,17,77,96,1.21875,0.04730250957698441,686,Death and taxes.
1569,1753,2,17,77,96,1.21875,0.04730250957698441,686,This one commemorates my time in CVS.
1540,1753,4,13,79,96,1.21875,0.05173126620824946,686,It reduces award-making costs.
1506,1753,3,15,78,96,1.21875,0.04956637628367376,686,"I got tired of carrying so many heavy metal pins, okay?"
972,1753,5,11,80,96,1.21875,0.053809127005767406,686,The bartender said he was keeping a running tab on me.
1427,1753,1,19,76,96,1.21875,0.044924705526766306,686,The receipt from CVS was too long for my pocket.
1407,1753,5,11,80,96,1.21875,0.053809127005767406,686,I'd prefer the belt notch.
1395,1753,3,15,78,96,1.21875,0.04956637628367376,686,"No, ma’am, this is not my honey-do list."
1428,1753,2,17,77,96,1.21875,0.04730250957698441,686,"So, the General shops at CVS?"
1371,1753,3,15,78,96,1.21875,0.04956637628367376,686,"No, it's not a receipt for purchased medals."
1021,1753,4,13,79,96,1.21875,0.05173126620824946,686,This one's the real transcript.
1377,1753,5,11,80,96,1.21875,0.053809127005767406,686,"Of course we all liked it better when our money came straight from Congress, but we really did do very well at the bake sale!"
1047,1753,5,11,80,96,1.21875,0.053809127005767406,686,I won that one on a draw at the Px.
1064,1753,4,13,79,96,1.21875,0.05173126620824946,686,It's the only way my honey do list gets completed
1116,1753,3,15,78,96,1.21875,0.04956637628367376,686,And those are the ones from CVS.
3855,1753,3,15,78,96,1.21875,0.04956637628367376,686,Its  a list of  my other achievements
1265,1753,3,15,78,96,1.21875,0.04956637628367376,686,It’s called “Extended Bona Fides.”
1276,1753,2,17,77,96,1.21875,0.04730250957698441,686,Of course the CVS medal is one of the most prestigious. Tomorrow I'm going to save 35¢ on soup.
1307,1753,4,13,79,96,1.21875,0.05173126620824946,686,It's for safely guiding my troops through hostile lines at CVS.
1345,1753,3,15,78,96,1.21875,0.04956637628367376,686,It's Eisenhower's fruit salad recipe
1140,1753,3,15,78,96,1.21875,0.04956637628367376,686,"I
I'm in the new Army! No freebies! This is my price list. Accessories like tanks and bombers are extra."
3541,1857,5,12,84,101,1.2178217821782178,0.051902346226063996,686,"So much heroism, so little space."
175,1858,5,10,77,92,1.2173913043478262,0.055353804808394365,686,It says here you fought at the Battle of Safeway.
960,1858,2,16,74,92,1.2173913043478262,0.04844965507666401,686,"Well sure, everything is paid for in some way by someone."
2273,1858,4,12,76,92,1.2173913043478262,0.05315216047844578,686,I keep my expenses close to my chest.
2789,1858,3,14,75,92,1.2173913043478262,0.050855290976328946,686,We get coupons for every military operation.
3177,1858,5,10,77,92,1.2173913043478262,0.055353804808394365,686,This is my laundry list.
3723,1858,3,14,75,92,1.2173913043478262,0.050855290976328946,686,Talk is cheap but dry cleaning is expensive
53,1858,3,14,75,92,1.2173913043478262,0.050855290976328946,686,It's not stolen valor–I kept the receipt.
3791,1858,3,19,93,115,1.2173913043478262,0.044159423919739836,686,"I was a combatant in Operation Black Friday."""
1738,1866,3,15,79,97,1.2164948453608246,0.049104533204272306,686,I've got to give credit wherever I 'do.
3857,1866,4,13,80,97,1.2164948453608246,0.051244822309301524,686,Conspicuous valor.
3234,1868,8,10,103,121,1.2148760330578512,0.05007791665942934,686,"It declares I'm a pure-bred American with no divided loyalties, but that could change depending on the President's tweets."
241,1869,1,21,86,108,1.212962962962963,0.0417075104610105,686,This was for service in Silicon Valley
3654,1870,5,10,79,94,1.2127659574468086,0.054267317588955866,686,"I'm being sent to Saudi Arabia, 'invoice enclosed.'"
3688,1870,2,16,76,94,1.2127659574468086,0.04752472998434697,686,It's a printout of my impeachment testimony. Saves time.
3626,1870,2,16,76,94,1.2127659574468086,0.04752472998434697,686,That's just the portion of the CVS receipt I couldn't quite shove in my pocket.
3581,1870,2,16,76,94,1.2127659574468086,0.04752472998434697,686,It's the President's Twitter feed directed to the Army.
3539,1870,2,16,76,94,1.2127659574468086,0.04752472998434697,686,"Yes Ma'am, this is a short list of the positions for which I'm being considered by the President."
2918,1870,3,14,77,94,1.2127659574468086,0.049873645941421386,686,"My list of approved titles for the president, after I called him Herr"
2727,1870,4,12,78,94,1.2127659574468086,0.05211680303793997,686,This one's for bravery during the BOGO War of 2016.
2637,1870,1,18,75,94,1.2127659574468086,0.04505351662944766,686,We all serve at the pleasure of the president. I just happen to dish up a bit more pleasure than the others.
2606,1870,3,14,77,94,1.2127659574468086,0.049873645941421386,686,General Lee speaking...
2237,1870,5,10,79,94,1.2127659574468086,0.054267317588955866,686,"Excuse me sir, I'm just very impressed by the amount of tax you paid -- even less than mine!"
1895,1870,4,12,78,94,1.2127659574468086,0.05211680303793997,686,"That one?  Oh, that one’s just my bar tab."
1258,1870,2,16,76,94,1.2127659574468086,0.04752472998434697,686,"Black Friday shopping at Costco is no joke, let me tell you!"
2488,1870,3,14,77,94,1.2127659574468086,0.049873645941421386,686,Commander-In-Chief? Refresh my memory
1065,1870,5,10,79,94,1.2127659574468086,0.054267317588955866,686,We thought installing these would help us keep up with the chaotic commands. Didn't work.
974,1870,5,10,79,94,1.2127659574468086,0.054267317588955866,686,The running tab of war crime pardons I need to discreetly countermand when I get home tonight...
966,1870,5,10,79,94,1.2127659574468086,0.054267317588955866,686,"That one, madam, is for latrine duty"
637,1870,2,16,76,94,1.2127659574468086,0.04752472998434697,686,"Actually, I ordered a Czech uniform."
31,1870,2,16,76,94,1.2127659574468086,0.04752472998434697,686,I'm running a quick background check.
1212,1870,5,10,79,94,1.2127659574468086,0.054267317588955866,686,That's my CVS ribbon of merit
1312,1889,6,10,88,104,1.2115384615384615,0.05234079477983342,686,It’s my ribbon from CVS from the 1998 Siege of Duane Reade.
3981,1889,3,16,85,104,1.2115384615384615,0.046684465360827584,686,Don't forget to tip for the war effort.
1466,1891,1,14,61,76,1.2105263157894737,0.05066501430945142,686,"Yes ma’am, my many conquests."
3126,1892,5,9,77,91,1.2087912087912087,0.05528587822630302,686,"It’s a ledger. I’m a general ledger, ok?"
3007,1892,2,15,74,91,1.2087912087912087,0.048207132238423746,686,General Accounts.  And yours?
2994,1892,2,15,74,91,1.2087912087912087,0.048207132238423746,686,Grrr. This darn printer...tickles...me.
2847,1892,3,13,75,91,1.2087912087912087,0.05067669921031872,686,"It's for whenever someone says 'What do you want, a medal?'"
2835,1892,2,15,74,91,1.2087912087912087,0.048207132238423746,686,That is for Distinguished Action in the Black Friday Operation.
2687,1892,4,11,76,91,1.2087912087912087,0.053031387753417904,686,That medal is for keeping up with the President's tweets.
2406,1892,4,11,76,91,1.2087912087912087,0.053031387753417904,686,That's for how much I saved the Pentagon by not going on junkets.
2446,1892,4,11,76,91,1.2087912087912087,0.053031387753417904,686,Is that a receipt for your medals or are you just happy to see me?
2202,1892,2,15,74,91,1.2087912087912087,0.048207132238423746,686,I just received my new orders.
2283,1892,3,13,75,91,1.2087912087912087,0.05067669921031872,686,I'm getting a jump on the ticker tape parade.
2345,1892,4,11,76,91,1.2087912087912087,0.053031387753417904,686,I got that one for attaching original receipts.
2365,1892,1,17,73,91,1.2087912087912087,0.045604027831460565,686,I got that one for going to CVS.
3337,1892,5,9,77,91,1.2087912087912087,0.05528587822630302,686,"And the bottom one is a receipt from, ""Guns Are Us""."
2645,1892,2,15,74,91,1.2087912087912087,0.048207132238423746,686,Just read it off the printout.  I'm tired of answering the questions.
3371,1892,3,13,75,91,1.2087912087912087,0.05067669921031872,686,It saves time and in case I forget what they're for.
3744,1892,4,11,76,91,1.2087912087912087,0.053031387753417904,686,"Wow, you survived in the great battle at CVS."
3443,1892,2,15,74,91,1.2087912087912087,0.048207132238423746,686,It's called a smart badge.  I hear the younger guys have ones with a digital readout.
3448,1892,2,15,74,91,1.2087912087912087,0.048207132238423746,686,I'm not actually in the Army. I've just driven a cab in New York City for 35 years.
3598,1892,3,13,75,91,1.2087912087912087,0.05067669921031872,686,"Is says here that you ""cleaned the bathroom that one time"". Wow, thank you for your service."
3620,1892,2,15,74,91,1.2087912087912087,0.048207132238423746,686,You know what they say about the size of a man's CVS receipt......
3647,1892,3,13,75,91,1.2087912087912087,0.05067669921031872,686,Yes it is a shopping list.
3690,1892,3,13,75,91,1.2087912087912087,0.05067669921031872,686,"No Ma'am, that is not a medal, I stopped at the pharmacy on my way here."
3720,1892,2,15,74,91,1.2087912087912087,0.048207132238423746,686,The best thing when you are captured? You do not have to be sociable and pretend the wine is good.
3793,1892,3,13,75,91,1.2087912087912087,0.05067669921031872,686,I see you served during operation bought-a-pack-of-gum-at-the-pharmacy.
3870,1892,1,17,73,91,1.2087912087912087,0.045604027831460565,686,"Actually, I got it all at Army Surplus. That’s the register tape."
2168,1892,3,13,75,91,1.2087912087912087,0.05067669921031872,686,What is your favorite dressing for all of that fruit salad?
3878,1892,5,9,77,91,1.2087912087912087,0.05528587822630302,686,"It was for the Walmart Campaign of '94."""
3881,1892,2,15,74,91,1.2087912087912087,0.048207132238423746,686,"Yes, I earned the badges, but be sure to read the disclaimers."
3888,1892,2,15,74,91,1.2087912087912087,0.048207132238423746,686,Now it's your turn to list your accomplishments.
3920,1892,3,13,75,91,1.2087912087912087,0.05067669921031872,686,How else do you expect me to remember all these names?!
3433,1892,4,11,76,91,1.2087912087912087,0.053031387753417904,686,I guess CVS really does sell everything.
2093,1892,5,9,77,91,1.2087912087912087,0.05528587822630302,686,My wife calls it the Distinguished Grocery Shopper award.
3410,1892,6,7,78,91,1.2087912087912087,0.05745196755076235,686,It’s the receipt from my purchase of the medals!
1859,1892,2,15,74,91,1.2087912087912087,0.048207132238423746,686,You should see my email signature...
13,1892,3,13,75,91,1.2087912087912087,0.05067669921031872,686,It commemorates my service on Black Friday.
200,1892,5,9,77,91,1.2087912087912087,0.05528587822630302,686,And this one was for the Battle of CVS.
329,1892,2,15,74,91,1.2087912087912087,0.048207132238423746,686,I just like to keep tabs on the taxpayers’ money on my battles.
508,1892,2,15,74,91,1.2087912087912087,0.048207132238423746,686,My first tour of duty was at a CVS.
647,1892,1,17,73,91,1.2087912087912087,0.045604027831460565,686,It's my bill for services rendered.
691,1892,3,13,75,91,1.2087912087912087,0.05067669921031872,686,That's my receipt from CVS for aspirin.
796,1892,2,15,74,91,1.2087912087912087,0.048207132238423746,686,Thanks for shopping. Would you like your receipt?
821,1892,4,11,76,91,1.2087912087912087,0.053031387753417904,686,"Mamm, procurement is hell."
876,1892,3,13,75,91,1.2087912087912087,0.05067669921031872,686,"I give receipts, ma'am"
985,1892,3,13,75,91,1.2087912087912087,0.05067669921031872,686,Its an award for procurement with a star for value.
991,1892,3,13,75,91,1.2087912087912087,0.05067669921031872,686,I see you’ve been to CVS.
1160,1892,3,13,75,91,1.2087912087912087,0.05067669921031872,686,General enlistment.
1227,1892,4,11,76,91,1.2087912087912087,0.053031387753417904,686,Sponsored by CVS.
689,1892,4,11,76,91,1.2087912087912087,0.053031387753417904,686,That’s for single handedly capturing a bargain TV at the Black Friday sale.
1297,1892,2,15,74,91,1.2087912087912087,0.048207132238423746,686,The eventual plan is to get it all on a small screen.
1246,1892,2,15,74,91,1.2087912087912087,0.048207132238423746,686,In the 60’s I was briefly stationed at CVS.
1791,1892,4,11,76,91,1.2087912087912087,0.053031387753417904,686,I got it for surviving self-checkout at CVS.
1706,1892,3,13,75,91,1.2087912087912087,0.05067669921031872,686,I see you've noticed the 'Shopped Correctly For My Spouse' badge
1609,1892,1,17,73,91,1.2087912087912087,0.045604027831460565,686,"If I have some spare time, would you like me to calculate your budget deficit?"
1603,1892,3,13,75,91,1.2087912087912087,0.05067669921031872,686,CVS citation.
2034,1892,2,15,74,91,1.2087912087912087,0.048207132238423746,686,I got my training at CVS.
1517,1892,3,13,75,91,1.2087912087912087,0.05067669921031872,686,I work part time at CVS
1486,1892,2,15,74,91,1.2087912087912087,0.048207132238423746,686,A lot of Prell got spilled in Rite-Aid Valley
1484,1892,5,9,77,91,1.2087912087912087,0.05528587822630302,686,I was an Eagle Scout: Always bring TP.
1414,1892,4,11,76,91,1.2087912087912087,0.053031387753417904,686,ok boomer
1591,1892,4,11,76,91,1.2087912087912087,0.053031387753417904,686,That's right.  I spent over one hundred dollars at CVS.
3879,1952,5,10,81,96,1.2083333333333333,0.053222197804875436,686,"They thank me for my service, yet never offer a tip."
1941,1952,3,14,79,96,1.2083333333333333,0.04892857905103333,686,I assumed they meant I'd be in receipt of a Certificate for Valorous Service.
3073,1954,3,13,76,92,1.2065217391304348,0.050174191266479935,686,It’s the bill for the estimated cost of me saving your ass since 9/11!
2160,1954,2,15,75,92,1.2065217391304348,0.047734242698569566,686,Oh that's just next week's invasion plans so I don't lose them.
1671,1954,3,13,76,92,1.2065217391304348,0.050174191266479935,686,"Yes, I do shop frequently at CVS. Why do you ask?"
1463,1954,4,11,77,92,1.2065217391304348,0.052500866778413105,686,Did you copy that?
1325,1954,3,13,76,92,1.2065217391304348,0.050174191266479935,686,"You’ll find that, in the long run, military service really can pay off."
1253,1954,4,11,77,92,1.2065217391304348,0.052500866778413105,686,When were you in CVS?
236,1954,3,13,76,92,1.2065217391304348,0.050174191266479935,686,"I can see from my readout you're 32, single, employed as a teacher and have a dog named Doby."
517,1954,3,13,76,92,1.2065217391304348,0.050174191266479935,686,I'm the Admiral of CVS.
2944,1962,1,16,72,89,1.202247191011236,0.0457034878880431,686,There are coupons on the back.
2839,1962,2,14,73,89,1.202247191011236,0.04841664403947964,686,"That's nothing, Sir. I've seen CVS receipts longer than that"
2337,1962,5,8,76,89,1.202247191011236,0.05576969844624596,686,And this one... this is a list of all my fellow soldiers I wished I could kill.
2427,1962,4,10,75,89,1.202247191011236,0.05343123290615736,686,"Sorry, but I haven't finished processing yet."
2737,1962,5,8,76,89,1.202247191011236,0.05576969844624596,686,I see you are very proud of your divorce settlement.
3133,1962,3,12,74,89,1.202247191011236,0.050985625768042275,686,That one is a shopping list from my wife
2950,1962,5,8,76,89,1.202247191011236,0.05576969844624596,686,You mean you killed all those people?
3013,1962,2,14,73,89,1.202247191011236,0.04841664403947964,686,Bribes paid
3132,1962,3,12,74,89,1.202247191011236,0.050985625768042275,686,"As you can see by my receipt, I am a very savvy CVS shopper"""
2814,1962,4,10,75,89,1.202247191011236,0.05343123290615736,686,"Yes, I'm also a decorated holiday shopping veteran."
3511,1962,2,14,73,89,1.202247191011236,0.04841664403947964,686,It’s a receipt . . . don’t ask.
3168,1962,2,14,73,89,1.202247191011236,0.04841664403947964,686,"Oh that? No, that's just my dry-cleaning invoice."
3172,1962,2,14,73,89,1.202247191011236,0.04841664403947964,686,It's a list of all the times I charged on the battlefield.
3183,1962,1,16,72,89,1.202247191011236,0.0457034878880431,686,Plus I got free delivery!
3196,1962,2,14,73,89,1.202247191011236,0.04841664403947964,686,"I am Loyal.
I will NOT testify in my uniform. 
I do NOT mind micromanagement. 
........
........"
3265,1962,3,12,74,89,1.202247191011236,0.050985625768042275,686,It's for distinguished service in the CVS campaign.
3330,1962,3,12,74,89,1.202247191011236,0.050985625768042275,686,Don't tell anyone -- it's just a Duane Reade receipt.
3367,1962,5,8,76,89,1.202247191011236,0.05576969844624596,686,Typewriter ribbon. Why?
2215,1962,3,12,74,89,1.202247191011236,0.050985625768042275,686,Yes -it is my Honey Do  List.
3646,1962,2,14,73,89,1.202247191011236,0.04841664403947964,686,"Receipts, in case the president tries to fire me."
3695,1962,3,12,74,89,1.202247191011236,0.050985625768042275,686,It's for 'Meritorious Expenditures Beyond the Call of Duty'.
3761,1962,3,12,74,89,1.202247191011236,0.050985625768042275,686,I awarded myself that one for doing the grocery shopping last week.
3150,1962,3,12,74,89,1.202247191011236,0.050985625768042275,686,That one? It's from CVS. The Council for Veterans Services.
2171,1962,2,14,73,89,1.202247191011236,0.04841664403947964,686,No! It is not the list of people I killed.
1100,1962,4,10,75,89,1.202247191011236,0.05343123290615736,686,It's a list of inane questions to which I do not respond.
2068,1962,3,12,74,89,1.202247191011236,0.050985625768042275,686,Those are my Over-Budget Citations.  I would've never made General without them.
331,1962,2,14,73,89,1.202247191011236,0.04841664403947964,686,"Oh, that one is a glowing review of my new tell-all book."
477,1962,3,12,74,89,1.202247191011236,0.050985625768042275,686,The staff at the White House made this list for me so that the President could introduce me as the military man with the most bigly list of awards ever seen!
539,1962,6,6,77,89,1.202247191011236,0.05801398003669793,686,It's a list of all the men I killed. Impressed?
577,1962,4,10,75,89,1.202247191011236,0.05343123290615736,686,In case I ever want my heroism back.
813,1962,3,12,74,89,1.202247191011236,0.050985625768042275,686,The awards keep coming!
865,1962,3,12,74,89,1.202247191011236,0.050985625768042275,686,"I am a selfserviceman, ma'am. No need to thank me."
1152,1962,2,14,73,89,1.202247191011236,0.04841664403947964,686,What happened to your arm?
2094,1962,2,14,73,89,1.202247191011236,0.04841664403947964,686,I received 4 stars from Michelin.  You can read the review.
1156,1962,3,12,74,89,1.202247191011236,0.050985625768042275,686,And _that_ was for my tour of duty in Cub Foods.
1388,1962,2,14,73,89,1.202247191011236,0.04841664403947964,686,My wife worried I’d forget to pick up the groceries.
1548,1962,4,10,75,89,1.202247191011236,0.05343123290615736,686,It’s for the Tweeter-in-Chief.
1640,1962,5,8,76,89,1.202247191011236,0.05576969844624596,686,Cost overruns in real time.
1687,1962,4,10,75,89,1.202247191011236,0.05343123290615736,686,I got that one for successfully buying 74 items in a Whole Foods express lane.
1691,1962,2,14,73,89,1.202247191011236,0.04841664403947964,686,Well there’s nothing officially about Ukraine on there...
1704,1962,5,8,76,89,1.202247191011236,0.05576969844624596,686,These too could be yours for the small price of a lifetime.
1894,1962,4,10,75,89,1.202247191011236,0.05343123290615736,686,My branch?  I’m with the Office of Management and Budget.
1313,1962,2,14,73,89,1.202247191011236,0.04841664403947964,686,That's for one tour of duty in CVS.
2256,2005,2,15,77,94,1.202127659574468,0.046815269577118276,686,Would you like to sponsor an invasion?
1769,2006,3,14,82,99,1.202020202020202,0.04757530020731468,686,"Hard to believe, but CVS actually sells military decorations."
2800,2007,3,12,75,90,1.2,0.05046599329648382,686,"Trust me...I'm courageous, honorific, strategic, eccentric...purple, silver, bronze...everything except ""married."""
2297,2007,1,16,73,90,1.2,0.045248654113974406,686,The receipt takes a couple of minutes to print.
2336,2007,2,14,74,90,1.2,0.04792836935744237,686,No Ma'am this is not a grocery list
2189,2007,2,14,74,90,1.2,0.04792836935744237,686,I agree that it would be better to have your left arm than a list of pending military ribbons and medals.
2375,2007,6,6,78,90,1.2,0.05740975657336247,686,"Admiral CVS, is it?"
2400,2007,4,10,76,90,1.2,0.0528819853025402,686,Buy a dozen F-15’s and you get to fill them up with gas.
2440,2007,3,12,75,90,1.2,0.05046599329648382,686,I was rather strictly reminded of which oath takes precedence.
2459,2007,3,12,75,90,1.2,0.05046599329648382,686,I's more cost efficient to just make a printout....
2514,2007,2,14,74,90,1.2,0.04792836935744237,686,Are you implying I should pick up the check?
2571,2007,1,16,73,90,1.2,0.045248654113974406,686,"It stands for 'Courage, Valor, Service'."
2603,2007,5,8,77,90,1.2,0.055192320658542765,686,It's my bill of rights
2604,2007,3,12,75,90,1.2,0.05046599329648382,686,Walmart was a just war.
2662,2007,2,14,74,90,1.2,0.04792836935744237,686,It's always about him.
2266,2007,4,10,76,90,1.2,0.0528819853025402,686,The Capitalist-in-Chief ordered me to display the receipt alongside my trident pin.
2817,2007,3,12,75,90,1.2,0.05046599329648382,686,War. It’s complicated. Why don’t we get outta here and I’ll give you the details?
3656,2007,4,10,76,90,1.2,0.0528819853025402,686,It's a running tab of public schools who's federal funding was re-pruposed to pay for my retirement.
2956,2007,3,12,75,90,1.2,0.05046599329648382,686,Service-related tweets.
3955,2007,2,14,74,90,1.2,0.04792836935744237,686,Oh that?  That’s my personal iStenographer.
2031,2007,3,12,75,90,1.2,0.05046599329648382,686,"Well, Ma’am, after I testify, they seldom remember to take their receipt"
3516,2007,2,14,74,90,1.2,0.04792836935744237,686,This is the receipt I got for my service.
3453,2007,2,14,74,90,1.2,0.04792836935744237,686,"Yes, my dry cleaning bills are astounding."
3451,2007,2,14,74,90,1.2,0.04792836935744237,686,"Oh, it's just a very incomplete list of the regime-change wars I've supported."
3398,2007,2,14,74,90,1.2,0.04792836935744237,686,"The Congressional Medal of Honor, the Distinguished Service Cross, the Silver Star Medal and the shopping list I fulfilled completely accurately on the very first try, 14 years ago."
2929,2007,2,14,74,90,1.2,0.04792836935744237,686,This Administration medals with price tags
3387,2007,2,14,74,90,1.2,0.04792836935744237,686,"You're not just brave, you're expensive!"
3292,2007,2,14,74,90,1.2,0.04792836935744237,686,"The strange thing is that when anybody pulls on it, it keeps unreeling"
3242,2007,3,12,75,90,1.2,0.05046599329648382,686,That one's for the Black Friday door opening at Walmart.
3221,2007,1,16,73,90,1.2,0.045248654113974406,686,Your tax dollars at work.
3180,2007,2,14,74,90,1.2,0.04792836935744237,686,And this ribbon I got fighting in Walmart on Black Friday.
3145,2007,4,10,76,90,1.2,0.0528819853025402,686,"Nowadays, we get more bang for your buck."
2973,2007,3,12,75,90,1.2,0.05046599329648382,686,That ones for milking the government above and beyond the call of duty.
3322,2007,3,12,75,90,1.2,0.05046599329648382,686,"It's my ""to do"" list from the Commander in Chief. . . No, it's not from the President."
1999,2007,2,14,74,90,1.2,0.04792836935744237,686,"Oh my, they did cost rather a lot, didn't they?"
1467,2007,1,16,73,90,1.2,0.045248654113974406,686,It’s a list of women I’ve known.
1781,2007,2,14,74,90,1.2,0.04792836935744237,686,"Oh, and that’s the human and financial cost of each of these wars"
67,2007,2,14,74,90,1.2,0.04792836935744237,686,Trump just asked me to take care of his laundry.
113,2007,2,14,74,90,1.2,0.04792836935744237,686,My wife insists that I wear a list of my past girlfriends whenever  I go to a party without her.
225,2007,2,14,74,90,1.2,0.04792836935744237,686,Its a list of the campaigns we cannot talk about.
306,2007,1,16,73,90,1.2,0.045248654113974406,686,That’s my receipt from Black Friday...scariest battle I’ve been in.
314,2007,4,10,76,90,1.2,0.0528819853025402,686,I served in all the 'Stans
423,2007,4,10,76,90,1.2,0.0528819853025402,686,"Cause I forgot the eggs last time, and she wont go one more day without em."
644,2007,4,10,76,90,1.2,0.0528819853025402,686,Sorry! I didn’t mean to laugh. I just didn’t think it’d be a CVS coupon.
749,2007,3,12,75,90,1.2,0.05046599329648382,686,I got that from Saudi Arabia.
757,2007,4,10,76,90,1.2,0.0528819853025402,686,This is my general store list.
782,2007,3,12,75,90,1.2,0.05046599329648382,686,"Ma'am, I earned this. The day: BlackFriday. The place: Target Superstore. The time: 5 A.M. I was first in and first out. War is hell."
903,2007,2,14,74,90,1.2,0.04792836935744237,686,That one's for meritorious service in the commissary.
976,2007,6,6,78,90,1.2,0.05740975657336247,686,The death toll from Agent Orange has slowed down a bit. 20 years ago I had to replace the roll 3 times a day.
998,2007,1,16,73,90,1.2,0.045248654113974406,686,"Don’t worry, m’am, I’m unarmed. 

(Submitted by Denise & Hannah Kerlan —
Germantown, TN)"
357,2007,4,10,76,90,1.2,0.0528819853025402,686,That one is for bringing the receipts to the impeachment hearing.
1093,2007,3,12,75,90,1.2,0.05046599329648382,686,Lost my arm in a combat zone. Do you need your receipt?
1018,2007,2,14,74,90,1.2,0.04792836935744237,686,That’s for my acts of contrition.
1779,2007,3,12,75,90,1.2,0.05046599329648382,686,"Procurement is tough duty, ma'am."
1758,2007,2,14,74,90,1.2,0.04792836935744237,686,"It's called the MacArthur ribbon. ""I shall return."""
1505,2007,3,12,75,90,1.2,0.05046599329648382,686,Did the supermarket win the war?
1913,2007,2,14,74,90,1.2,0.04792836935744237,686,The DSC’s on the right. This one’s CVS.
1654,2007,4,10,76,90,1.2,0.0528819853025402,686,The ribbon is for kissing up under fire
1237,2007,4,10,76,90,1.2,0.0528819853025402,686,Black Friday duty at the PX
1225,2007,3,12,75,90,1.2,0.05046599329648382,686,Trump coupons
1193,2007,2,14,74,90,1.2,0.04792836935744237,686,"After the budget cuts, they computerized the awarding process."
1190,2007,5,8,77,90,1.2,0.055192320658542765,686,And this one's for shopping at CVS.
1188,2007,2,14,74,90,1.2,0.04792836935744237,686,It's a Cash Register Receipt  Ribbon for surviving Black Friday.
1433,2007,2,14,74,90,1.2,0.04792836935744237,686,This is my wish list for Santa.
2051,2069,3,11,72,86,1.197674418604651,0.051833067425708014,686,Suggested tip is on the bottom line.
3339,2069,3,11,72,86,1.197674418604651,0.051833067425708014,686,It was the siege of CVS.
2095,2069,4,9,73,86,1.197674418604651,0.05440831452981707,686,That's just the price I had to pay for all these medals.
2740,2069,3,11,72,86,1.197674418604651,0.051833067425708014,686,It's for waiting in the checkout line at CVS
2745,2069,3,11,72,86,1.197674418604651,0.051833067425708014,686,Logistical Ribbon of Honor.
2949,2069,1,15,70,86,1.197674418604651,0.046254418776187994,686,It's for heading a big ticket procurement.
3167,2069,1,15,70,86,1.197674418604651,0.046254418776187994,686,More medals would ruin the drape of the uniform
3377,2069,4,9,73,86,1.197674418604651,0.05440831452981707,686,Your looking at my chest gives me a chance to look at YOUR chest.
3832,2069,2,13,71,86,1.197674418604651,0.04912299937443237,686,"Yes, I come from good stock."
3436,2069,1,15,70,86,1.197674418604651,0.046254418776187994,686,Great nations need great bookkeepers.
3624,2069,3,11,72,86,1.197674418604651,0.051833067425708014,686,"Promo codes, straight up through the ranks..."
3706,2069,3,11,72,86,1.197674418604651,0.051833067425708014,686,"It's just a running tab, in case this doesn't work out."
3764,2069,5,7,74,86,1.197674418604651,0.05686705989580447,686,That one's for bravery during Black Friday.
3991,2069,3,11,72,86,1.197674418604651,0.051833067425708014,686,"Yes, in spite of appearances, I'm more popular than you might think, so it will be a long wait before we can Cha Cha Cha."
4001,2069,4,9,73,86,1.197674418604651,0.05440831452981707,686,And this is just the cost of the last day in Syria.
1910,2069,2,13,71,86,1.197674418604651,0.04912299937443237,686,What's this ticket for?
3415,2069,2,13,71,86,1.197674418604651,0.04912299937443237,686,I stopped at CVS on the way.
1802,2069,4,9,73,86,1.197674418604651,0.05440831452981707,686,"General Giuliani, I presume?"
582,2069,2,13,71,86,1.197674418604651,0.04912299937443237,686,What you don't understand dear girl is that I just saved 287 dollars at Grocery Outlet.
1742,2069,2,13,71,86,1.197674418604651,0.04912299937443237,686,This way I can still deny it for 48 hours.
339,2069,2,13,71,86,1.197674418604651,0.04912299937443237,686,That one is for pulling my privates out of a Black Friday hell hole.
427,2069,1,15,70,86,1.197674418604651,0.046254418776187994,686,It was for creating red tape at the Pentagon.
1792,2069,3,11,72,86,1.197674418604651,0.051833067425708014,686,"That one's for my tour of duty at the supermarket."""
581,2069,2,13,71,86,1.197674418604651,0.04912299937443237,686,"Oh, you mean my list of achievements."
635,2069,5,7,74,86,1.197674418604651,0.05686705989580447,686,My attorney advised me to.
663,2069,2,13,71,86,1.197674418604651,0.04912299937443237,686,I hesitate to tell you where the ATM is!
507,2069,0,17,69,86,1.197674418604651,0.04319575725815513,686,Would you like your receipt?
1008,2069,2,13,71,86,1.197674418604651,0.04912299937443237,686,Do you get to name the new countries?
1053,2069,3,11,72,86,1.197674418604651,0.051833067425708014,686,I lost a lot of good men to that BOGO
1125,2069,3,11,72,86,1.197674418604651,0.051833067425708014,686,"If I keep all the tags, I can return it."
1559,2069,3,11,72,86,1.197674418604651,0.051833067425708014,686,"It’s a new, sponsored award for courage, values, and service."
1683,2069,2,13,71,86,1.197674418604651,0.04912299937443237,686,I fought in two wars but distinguished myself in procurements.
805,2069,3,11,72,86,1.197674418604651,0.051833067425708014,686,...and I got this one for saving 51% off everyday retail prices.
773,2102,2,13,73,88,1.1931818181818181,0.04810395218312092,686,They’re naming opportunities ma’am.  At your giving level you could name one tank or four grenade launchers.
2407,2103,3,10,71,84,1.1904761904761905,0.052137859745800555,686,"C-ommander, V-ice S-ergeant. How did you guess?"
1729,2103,3,10,71,84,1.1904761904761905,0.052137859745800555,686,I served five long years as the Chief Accounting Officer.
1557,2103,1,14,69,84,1.1904761904761905,0.04631018196447773,686,And I was awarded this one for shopping at Costco on the day before Thanksgiving.
1434,2103,1,14,69,84,1.1904761904761905,0.04631018196447773,686,You saved 10 billion on invasion and 20 billion on weapons and don't forget your receipt for 10 cents off a gallon of gas. Thank you for shopping the United State of America.
1016,2103,2,12,70,84,1.1904761904761905,0.049310188462709244,686,That one's for surviving Black Friday.
3127,2103,2,12,70,84,1.1904761904761905,0.049310188462709244,686,"Yes, I am an ATM"
3460,2103,3,10,71,84,1.1904761904761905,0.052137859745800555,686,Is that the list of times you had to force yourself not to write a tell-all book?
3041,2103,2,12,70,84,1.1904761904761905,0.049310188462709244,686,Those are all the anti-military executive orders I've survived.
2165,2103,2,12,70,84,1.1904761904761905,0.049310188462709244,686,It’s for courage at the check-out line.
3840,2103,2,12,70,84,1.1904761904761905,0.049310188462709244,686,The President promised to pardon me for my unpaid tab.
2263,2103,2,12,70,84,1.1904761904761905,0.049310188462709244,686,You are a costly waiter!
2762,2114,3,10,72,85,1.188235294117647,0.051569532748121864,686,That one's for surviving the horror of black Friday.
1955,2115,2,14,80,96,1.1875,0.04519087200177378,686,I am very proud of the white ribbon that I won at the state fair for pie baking.
4021,2116,2,10,63,75,1.1866666666666668,0.05265332251978381,686,2 Ply Decoration earned at the Battle of the Outhouse
4020,2117,4,7,70,81,1.1851851851851851,0.055863344922216146,686,That one I got for shopping at CVS.
2712,2117,4,7,70,81,1.1851851851851851,0.055863344922216146,686,"Yes, I realize it's not like the others. What do you want, a medal?"
2714,2117,2,11,68,81,1.1851851851851851,0.0500342818003937,686,You're reading that correctly. I'm in the public sector of the NCVS.
2742,2117,1,13,67,81,1.1851851851851851,0.046848557928420444,686,It's for bravery at the PX.
2760,2117,1,13,67,81,1.1851851851851851,0.046848557928420444,686,That’s for the wine and  this conversation.
2801,2117,2,11,68,81,1.1851851851851851,0.0500342818003937,686,"Oh honey, a hero's return never requires a receipt."
2805,2117,2,11,68,81,1.1851851851851851,0.0500342818003937,686,I’m afraid that was after I was cashiered.
2812,2117,2,11,68,81,1.1851851851851851,0.0500342818003937,686,"iI that your dance card? Or, a list of who to stop from testifying?"
2850,2117,3,9,69,81,1.1851851851851851,0.05302896690102354,686,"Er, no, Military conquests"
2852,2117,3,9,69,81,1.1851851851851851,0.05302896690102354,686,"I notice you shop at ""Armor All"", too."
2873,2117,3,9,69,81,1.1851851851851851,0.05302896690102354,686,It’s a cheat sheet for my deposition.
2900,2117,2,11,68,81,1.1851851851851851,0.0500342818003937,686,They are the new Banksy medals; they keep a running tab of the cost of operations.
2903,2117,3,9,69,81,1.1851851851851851,0.05302896690102354,686,That's a special commendation for privatizing the armed forces.
2926,2117,4,7,70,81,1.1851851851851851,0.055863344922216146,686,It's my list of approved titles with which you may address me.
2951,2117,3,9,69,81,1.1851851851851851,0.05302896690102354,686,We all pay for our awards in one way or another.
3014,2117,2,11,68,81,1.1851851851851851,0.0500342818003937,686,"'""Note from your mommy?"
3056,2117,3,9,69,81,1.1851851851851851,0.05302896690102354,686,I got the last one for shopping on Black Friday.
2691,2117,4,7,70,81,1.1851851851851851,0.055863344922216146,686,I refuse to retire until I complete the set.
2674,2117,2,11,68,81,1.1851851851851851,0.0500342818003937,686,And that there is the wife's shopping list.
2640,2117,4,7,70,81,1.1851851851851851,0.055863344922216146,686,"So much courage, so much cash."
3086,2117,3,9,69,81,1.1851851851851851,0.05302896690102354,686,I’m a veteran of pharmacy wars.
2219,2117,2,11,68,81,1.1851851851851851,0.0500342818003937,686,"I'm still working on memorizing my ""oath of trump."""
2223,2117,3,9,69,81,1.1851851851851851,0.05302896690102354,686,"For a CVS receipt, it's not very long."
2224,2117,1,13,67,81,1.1851851851851851,0.046848557928420444,686,A list of groceries to bring home to the Commander-in-Chief
2242,2117,4,7,70,81,1.1851851851851851,0.055863344922216146,686,'My citation in Ukrainian with a medal pending'
2274,2117,3,9,69,81,1.1851851851851851,0.05302896690102354,686,"It's the new ""digital souvenir""  recognition program. No metals, but you can print the receipt."
2279,2117,1,13,67,81,1.1851851851851851,0.046848557928420444,686,I oversee finger food. That's an order.
2338,2117,2,11,68,81,1.1851851851851851,0.0500342818003937,686,It's the Whole Foods Citation of Valor
2360,2117,1,13,67,81,1.1851851851851851,0.046848557928420444,686,It is General Motors
2426,2117,4,7,70,81,1.1851851851851851,0.055863344922216146,686,It’s the receipt from my last campaign.
2430,2117,2,11,68,81,1.1851851851851851,0.0500342818003937,686,Are you sure you'll have a job when they bring back all our troops from overseas?
2483,2117,3,9,69,81,1.1851851851851851,0.05302896690102354,686,That's my CVS Special Forces Medal
2518,2117,2,11,68,81,1.1851851851851851,0.0500342818003937,686,It includes my honorable mentions.
2526,2117,2,11,68,81,1.1851851851851851,0.0500342818003937,686,That was for my first tour dining with civilians.
2531,2117,2,11,68,81,1.1851851851851851,0.0500342818003937,686,''I'ts my to do list badge. Not many people get it.''
2535,2117,4,7,70,81,1.1851851851851851,0.055863344922216146,686,"Oh, that? I got that for saving big bucks on Cyber Monday."
2600,2117,1,13,67,81,1.1851851851851851,0.046848557928420444,686,It saves having to recite my commendations when people ask.
2613,2117,3,9,69,81,1.1851851851851851,0.05302896690102354,686,Oh! Three more confirmed kills for a free lip balm!
2654,2117,3,9,69,81,1.1851851851851851,0.05302896690102354,686,It's okay - they've started making them without BPA
3140,2117,2,11,68,81,1.1851851851851851,0.0500342818003937,686,I work for CVS now.
3213,2117,3,9,69,81,1.1851851851851851,0.05302896690102354,686,"That one was from a battle of CVS in 1982."""
4013,2117,3,9,69,81,1.1851851851851851,0.05302896690102354,686,It’s for the ‘13 Black Friday op at CVS.
3699,2117,1,13,67,81,1.1851851851851851,0.046848557928420444,686,"""It's a list of the medals I've given to myself."""
3762,2117,3,9,69,81,1.1851851851851851,0.05302896690102354,686,"Just the President's grocery list, ma'am."
3774,2117,2,11,68,81,1.1851851851851851,0.0500342818003937,686,Covert op at CVS.
3792,2117,2,11,68,81,1.1851851851851851,0.0500342818003937,686,after  30 days I can be returned for a new one.
3799,2117,4,7,70,81,1.1851851851851851,0.055863344922216146,686,It was in the same aisle as the bone spurs medication.
3814,2117,2,11,68,81,1.1851851851851851,0.0500342818003937,686,Oh that one is just a receipt from Black Friday. It was quite a battle.
3842,2117,3,9,69,81,1.1851851851851851,0.05302896690102354,686,Oh that’s just a gift receipt. I might exchange the tank for a cheeky bottle of single malt.
3843,2117,4,7,70,81,1.1851851851851851,0.055863344922216146,686,CVS or did you come with the receipts?
3884,2117,4,7,70,81,1.1851851851851851,0.055863344922216146,686,I earned that one by surviving Black Friday guarding a Big Box Store!
3909,2117,2,11,68,81,1.1851851851851851,0.0500342818003937,686,...for my Amazon orders during Black Friday campaign of  2013.
3947,2117,4,7,70,81,1.1851851851851851,0.055863344922216146,686,We lost a lot of good men in the war on poverty.
3962,2117,1,13,67,81,1.1851851851851851,0.046848557928420444,686,Are you tax deductible?
3972,2117,2,11,68,81,1.1851851851851851,0.0500342818003937,686,It's a list of disclaimers about the people I served under.
4009,2117,3,9,69,81,1.1851851851851851,0.05302896690102354,686,That’s for serving in the trade war with China.
2208,2117,2,11,68,81,1.1851851851851851,0.0500342818003937,686,I got cashiered but they let me keep the uniform.
4030,2117,3,9,69,81,1.1851851851851851,0.05302896690102354,686,They called my battalion the Fighting CVS's.
4027,2117,2,11,68,81,1.1851851851851851,0.0500342818003937,686,My is that the check wait no it's Americas war bill
3683,2117,2,11,68,81,1.1851851851851851,0.0500342818003937,686,I enlisted.
3147,2117,4,7,70,81,1.1851851851851851,0.055863344922216146,686,"Yes, I shop at CVS, and I'm proud of it"
3670,2117,2,11,68,81,1.1851851851851851,0.0500342818003937,686,The 3D printer was broken.
3593,2117,4,7,70,81,1.1851851851851851,0.055863344922216146,686,"It says ""Survived Hillary's disaster in Benghazi"""
3219,2117,4,7,70,81,1.1851851851851851,0.055863344922216146,686,I have long service as a desk jockey
3238,2117,2,11,68,81,1.1851851851851851,0.0500342818003937,686,My wife says extreme couponing is a better use of my time.
3275,2117,3,9,69,81,1.1851851851851851,0.05302896690102354,686,You ain't seen nothing yet--wait 'till I blow the whistle !
3291,2117,2,11,68,81,1.1851851851851851,0.0500342818003937,686,"I served in Afghanistan, Iraq, and CVS."
3314,2117,2,11,68,81,1.1851851851851851,0.0500342818003937,686,And this one is for ignoring trump's lies.
3355,2117,1,13,67,81,1.1851851851851851,0.046848557928420444,686,Grocery list.
3359,2117,2,11,68,81,1.1851851851851851,0.0500342818003937,686,What did you have to do to earn that receipt?
3392,2117,2,11,68,81,1.1851851851851851,0.0500342818003937,686,"Hmmm, impressive list of wives."
3408,2117,1,13,67,81,1.1851851851851851,0.046848557928420444,686,And I got this for braving the checkout line at Whole Foods.
3421,2117,4,7,70,81,1.1851851851851851,0.055863344922216146,686,Purple heart prose.
3449,2117,3,9,69,81,1.1851851851851851,0.05302896690102354,686,"That’s my Shopping List of Honor, take a look."
3502,2117,3,9,69,81,1.1851851851851851,0.05302896690102354,686,I find it is easier than updating myself on FaceBook.
3529,2117,1,13,67,81,1.1851851851851851,0.046848557928420444,686,It's my Rite-Aid receipt. My wife said to return the Viagra.
3562,2117,3,9,69,81,1.1851851851851851,0.05302896690102354,686,I see you served in the CVS division.
3570,2117,3,9,69,81,1.1851851851851851,0.05302896690102354,686,And that one was for the ‘Battle of the 10 Items or Less Line.’
3578,2117,3,9,69,81,1.1851851851851851,0.05302896690102354,686,It's for my service checking people out at Costco
3580,2117,0,15,66,81,1.1851851851851851,0.043429775553920656,686,These days you just have to document everything.
3629,2117,2,11,68,81,1.1851851851851851,0.0500342818003937,686,It's printing a receipt of all the war crimes your donations helped paid for.
2126,2117,1,13,67,81,1.1851851851851851,0.046848557928420444,686,"Hold on, I think I need a new roll."
3543,2117,3,9,69,81,1.1851851851851851,0.05302896690102354,686,No but I got some great deals on Black Friday and wanted to show those off too.
2110,2117,2,11,68,81,1.1851851851851851,0.0500342818003937,686,I think there is a whistle blower in your pocket.
561,2117,2,11,68,81,1.1851851851851851,0.0500342818003937,686,I survived Black Friday
580,2117,3,9,69,81,1.1851851851851851,0.05302896690102354,686,I am an enlisted man.
583,2117,2,11,68,81,1.1851851851851851,0.0500342818003937,686,"Oh, I got this one at CVS."
632,2117,3,9,69,81,1.1851851851851851,0.05302896690102354,686,My wife wants me to stop for groceries on the way home.
640,2117,2,11,68,81,1.1851851851851851,0.0500342818003937,686,You put um’ in your cart and before you know it
652,2117,1,13,67,81,1.1851851851851851,0.046848557928420444,686,"No, that's not my Naval record. It is my best golf score card. I birdied 16 out of 18 holes."
659,2117,3,9,69,81,1.1851851851851851,0.05302896690102354,686,Its' the cost of my arm.....and a leg.
661,2117,3,9,69,81,1.1851851851851851,0.05302896690102354,686,"The future war decorations are on consignment until we can get Google and that Facebook kid back in power."""
699,2117,1,13,67,81,1.1851851851851851,0.046848557928420444,686,My commendations are still being tabulated.
751,2117,2,11,68,81,1.1851851851851851,0.0500342818003937,686,That last one's for the best ever check out at Walmart.
825,2117,2,11,68,81,1.1851851851851851,0.0500342818003937,686,It's part of the new austerity program.
873,2117,1,13,67,81,1.1851851851851851,0.046848557928420444,686,"It’s the paperwork—name, date, service number and color code."
910,2117,2,11,68,81,1.1851851851851851,0.0500342818003937,686,That one was for my heroism at a CVS.
1026,2117,3,9,69,81,1.1851851851851851,0.05302896690102354,686,I brought the receipts.
1074,2117,1,13,67,81,1.1851851851851851,0.046848557928420444,686,"I'm saving all the dirt for my upcoming book, ""Courage."""
534,2117,3,9,69,81,1.1851851851851851,0.05302896690102354,686,Valor ain't cheap.
1077,2117,4,7,70,81,1.1851851851851851,0.055863344922216146,686,My wife is a 5 star general.... she gave me the list of weapons to procure
514,2117,2,11,68,81,1.1851851851851851,0.0500342818003937,686,They told me I'd pay a price
480,2117,2,11,68,81,1.1851851851851851,0.0500342818003937,686,You wouldn't believe the paperwork that goes with the perks.
2123,2117,2,11,68,81,1.1851851851851851,0.0500342818003937,686,Just since I started buying my medals at CVS.
52,2117,2,11,68,81,1.1851851851851851,0.0500342818003937,686,The printout is in case we lose our Twitter feed.
69,2117,1,13,67,81,1.1851851851851851,0.046848557928420444,686,I see you were served. How long were you at the front of the lines?
107,2117,1,13,67,81,1.1851851851851851,0.046848557928420444,686,I was also captain of my little league team.
119,2117,2,11,68,81,1.1851851851851851,0.0500342818003937,686,Saves you the trouble of using a bar code reader
140,2117,2,11,68,81,1.1851851851851851,0.0500342818003937,686,"They make us wear our war crimes now,too."
152,2117,3,9,69,81,1.1851851851851851,0.05302896690102354,686,I'm highly decorated with red flags.
198,2117,3,9,69,81,1.1851851851851851,0.05302896690102354,686,"And right below, that's the current administration's Order of the Rap Sheet"
210,2117,3,9,69,81,1.1851851851851851,0.05302896690102354,686,I got this one for winning the budget battle with Congress.
244,2117,2,11,68,81,1.1851851851851851,0.0500342818003937,686,They're approved talking points for civilians...prepare to engage.
254,2117,3,9,69,81,1.1851851851851851,0.05302896690102354,686,It's my Honor Roll of Congressional Hearings
263,2117,2,11,68,81,1.1851851851851851,0.0500342818003937,686,Going to CVS was my personal Vietnam.
352,2117,1,13,67,81,1.1851851851851851,0.046848557928420444,686,I may exchange it for a purple kidney if I need one.
367,2117,2,11,68,81,1.1851851851851851,0.0500342818003937,686,It's the Receipt of Honor for buying beers for the base.
428,2117,2,11,68,81,1.1851851851851851,0.0500342818003937,686,I got it for putting the toilet paper roll on correctly.
488,2117,2,11,68,81,1.1851851851851851,0.0500342818003937,686,That one came with some special caveats agreed to by my attorneys.
1104,2117,0,15,66,81,1.1851851851851851,0.043429775553920656,686,I thought I would show off your Bloomingdale's receipt!
46,2117,4,7,70,81,1.1851851851851851,0.055863344922216146,686,"That one's a Get out of Trouble Free card, courtesy of the Commander-in-Chief."
1158,2117,2,11,68,81,1.1851851851851851,0.0500342818003937,686,It's for note taking on a telephone call when the doofus sitting next to me was making the call.
1679,2117,3,9,69,81,1.1851851851851851,0.05302896690102354,686,"The DMZ? No, this is from my service in the CVS."
1786,2117,3,9,69,81,1.1851851851851851,0.05302896690102354,686,This is what happens if we refuse to accept cookies.
1804,2117,4,7,70,81,1.1851851851851851,0.055863344922216146,686,My Ernie Pyles are hurting.
1828,2117,3,9,69,81,1.1851851851851851,0.05302896690102354,686,"Oh, that one's for managing the base Exchange."
1883,2117,2,11,68,81,1.1851851851851851,0.0500342818003937,686,My wife’s shopping list.
1893,2117,3,9,69,81,1.1851851851851851,0.05302896690102354,686,I received this for bravery at the Battle of CVS
1922,2117,3,9,69,81,1.1851851851851851,0.05302896690102354,686,"Because I was good for goodness' sake.  Also, he sees you when you're sleeping."
1950,2117,3,9,69,81,1.1851851851851851,0.05302896690102354,686,"I'm not a Billionaire!"""
1953,2117,2,11,68,81,1.1851851851851851,0.0500342818003937,686,We called it Black Friday... I saved my platoon... an awful lot of money.
1970,2117,3,9,69,81,1.1851851851851851,0.05302896690102354,686,Short chest.
2006,2117,4,7,70,81,1.1851851851851851,0.055863344922216146,686,It's the bill for my lunch with the President...
2009,2117,2,11,68,81,1.1851851851851851,0.0500342818003937,686,"It's for the time I shopped, with valor, at CVS."
2033,2117,2,11,68,81,1.1851851851851851,0.0500342818003937,686,The metals are for various foreign military campaigns I was in. The paper is for the list of Trump officials I battled over releasing military aid to Ukraine.
2067,2117,1,13,67,81,1.1851851851851851,0.046848557928420444,686,It's a new Trump accountability directive for monitoring all military personnel....
2070,2117,3,9,69,81,1.1851851851851851,0.05302896690102354,686,I’ve always prefer fighting à la carte
1662,2117,1,13,67,81,1.1851851851851851,0.046848557928420444,686,Think the Rooskies have a pocket fax? I think not.
1589,2117,3,9,69,81,1.1851851851851851,0.05302896690102354,686,2018 Battle of CVS
1681,2117,1,13,67,81,1.1851851851851851,0.046848557928420444,686,On the back there are coupons for more medals!
1408,2117,3,9,69,81,1.1851851851851851,0.05302896690102354,686,Yes it's my CVS receipt. Your point?
1286,2117,2,11,68,81,1.1851851851851851,0.0500342818003937,686,They ran out of ribbons
1335,2117,3,9,69,81,1.1851851851851851,0.05302896690102354,686,We defended a CVS...
1374,2117,1,13,67,81,1.1851851851851851,0.046848557928420444,686,It’s a readout of my heroic deeds.
1376,2117,1,13,67,81,1.1851851851851851,0.046848557928420444,686,I’m in purchasing so the other two copies are at the pentagon.
2079,2117,3,9,69,81,1.1851851851851851,0.05302896690102354,686,"Unfortunately, it's my wife's Black Friday shopping list reminder."
1432,2117,3,9,69,81,1.1851851851851851,0.05302896690102354,686,And I bought everything on that grocery list for only $38.72.
1176,2117,4,7,70,81,1.1851851851851851,0.055863344922216146,686,...and those are for my other duties at Ralph's grocery chain
1117,2117,2,11,68,81,1.1851851851851851,0.0500342818003937,686,You could call it my chest enhancement.
1441,2117,2,11,68,81,1.1851851851851851,0.0500342818003937,686,It’s the sales receipt from the PX.
1497,2117,2,11,68,81,1.1851851851851851,0.0500342818003937,686,The name is Motors... General Motors.
1513,2117,2,11,68,81,1.1851851851851851,0.0500342818003937,686,We stopped at CVS on the way too.
1523,2117,1,13,67,81,1.1851851851851851,0.046848557928420444,686,For my active time at Trader Joes.
1545,2117,1,13,67,81,1.1851851851851851,0.046848557928420444,686,"Actually, it's my grocery list."
1562,2117,1,13,67,81,1.1851851851851851,0.046848557928420444,686,It's a Black Friday shopping receipt - roughest assignment I ever got.
1443,2117,2,11,68,81,1.1851851851851851,0.0500342818003937,686,"It’s quite an honor roll you’ve got there, General."
1911,2273,3,10,74,87,1.1839080459770115,0.050468893694394994,686,"No, it's an actual list of my laundry."
1281,2274,0,15,67,82,1.1829268292682926,0.04295628044484378,686,I don't like to talk about my medals.
2047,2274,1,13,68,82,1.1829268292682926,0.04632878319045733,686,And at this point we're ready for a ticker-tape parade.
2522,2274,1,13,68,82,1.1829268292682926,0.04632878319045733,686,"...my son wears his allergies on a dog tag."""
2938,2274,3,9,70,82,1.1829268292682926,0.05242694342046911,686,That's what I charge for appearing on talk shows and commenting on the US military strategy in the Middle East
3431,2274,2,11,69,82,1.1829268292682926,0.04947191399330266,686,Oh I just found this at a thrift store.
3067,2274,2,11,69,82,1.1829268292682926,0.04947191399330266,686,The long one?  It’s for surviving Black Friday shopping at the mall.
3455,2274,3,9,70,82,1.1829268292682926,0.05242694342046911,686,"Oh, that's the receipt from the PX."
3099,2274,3,9,70,82,1.1829268292682926,0.05242694342046911,686,I stopped at CVS.
2953,2274,4,7,71,82,1.1829268292682926,0.05522407553472854,686,Is that instead of a ticker-tape parade?
1224,2274,3,9,70,82,1.1829268292682926,0.05242694342046911,686,Grrr...now speaking to Number 62. Ten-hut!
3908,2274,2,11,69,82,1.1829268292682926,0.04947191399330266,686,I had to run to CVS before the party.
1049,2274,2,11,69,82,1.1829268292682926,0.04947191399330266,686,What's the pink one with the little heart?
1219,2274,3,9,70,82,1.1829268292682926,0.05242694342046911,686,My wife insists I wear my to do list with honor.
3416,2287,1,13,69,83,1.180722891566265,0.04582023644587216,686,My Commander-in-Chief wears his on his shoe.
3158,2287,1,13,69,83,1.180722891566265,0.04582023644587216,686,"""""Modern military security. I'm in constant communication with the Commander-in-Chief, but Tweeted orders can't be overheard."""
2914,2287,2,11,70,83,1.180722891566265,0.04892190131450311,686,He wants everyone to know how the stock market is doing.
2699,2287,1,13,69,83,1.180722891566265,0.04582023644587216,686,Did the president give you that ticket?
2656,2287,0,15,68,83,1.180722891566265,0.04249277241702737,686,"I'm decorated, but at the last minute."
2357,2287,3,9,71,83,1.180722891566265,0.05183831390483617,686,"NO, THAT'S MY RECEIPT FROM COSTCO."
2092,2287,0,15,68,83,1.180722891566265,0.04249277241702737,686,"Battle of Walmart Friday 2018, We came we saw we got a flat screen"
1845,2287,2,11,70,83,1.180722891566265,0.04892190131450311,686,I got a taste of real combat during my CVS deployment.
1620,2287,3,9,71,83,1.180722891566265,0.05183831390483617,686,It's your receipt for the tax you paid for national defense.
1522,2287,4,7,72,83,1.180722891566265,0.054599168022660204,686,Patents pending...
1453,2287,2,11,70,83,1.180722891566265,0.04892190131450311,686,My accountant said I should keep all of my receipts.
1088,2287,3,9,71,83,1.180722891566265,0.05183831390483617,686,I served at a CVS for three minutes.
917,2287,3,9,71,83,1.180722891566265,0.05183831390483617,686,I don't leave home without it.
2203,2287,2,11,70,83,1.180722891566265,0.04892190131450311,686,That one's for valor at CVS.
252,2287,2,11,70,83,1.180722891566265,0.04892190131450311,686,Where are the coupons?
112,2287,2,11,70,83,1.180722891566265,0.04892190131450311,686,You act like you've never seen a grocery store receipt before?
627,2287,3,9,71,83,1.180722891566265,0.05183831390483617,686,"When you said you were being honored by CVS, I thought you were referring to the Company of Veteran Soldiers."
3190,2304,2,11,71,84,1.1785714285714286,0.048383846887362136,686,I'm color-blind. This is how I keep track of which war they came from.
1369,2304,2,11,71,84,1.1785714285714286,0.048383846887362136,686,You really need to work on cutting the budget.
1763,2304,1,13,70,84,1.1785714285714286,0.04532256509703348,686,"Calories in, red tape out."
2827,2307,1,12,66,79,1.1772151898734178,0.04683939034393648,686,The new policy requires we show the receipt.
2821,2307,1,12,66,79,1.1772151898734178,0.04683939034393648,686,Please take your receipt.
2804,2307,3,8,68,79,1.1772151898734178,0.05332043114452347,686,Impressive order!
2757,2307,2,10,67,79,1.1772151898734178,0.05018464339431694,686,I stopped at CVS on the way here.
3818,2307,2,10,67,79,1.1772151898734178,0.05018464339431694,686,It's my signed affidavit that these aren't deepfakes.
2589,2307,1,12,66,79,1.1772151898734178,0.04683939034393648,686,"Yes, a ticker tape of my accomplishments."
2572,2307,1,12,66,79,1.1772151898734178,0.04683939034393648,686,Damn! More orders.
2569,2307,2,10,67,79,1.1772151898734178,0.05018464339431694,686,"What do you want, a medal?"
2529,2307,2,10,67,79,1.1772151898734178,0.05018464339431694,686,"Because I loathe explaining what each one is for, and there's no medal for doing so."
1997,2307,2,10,67,79,1.1772151898734178,0.05018464339431694,686,"Just match the bar to the description. Trust me, it's easier this way..."
2259,2307,3,8,68,79,1.1772151898734178,0.05332043114452347,686,It certifies my Chest Salad is organic.
2471,2307,2,10,67,79,1.1772151898734178,0.05018464339431694,686,"And, how was your .. uh .. third tour in Kandahar?"""
2393,2307,4,6,69,79,1.1772151898734178,0.05628177611146416,686,"Yeah, we are working out the bugs from the system we bought from CVS."
2382,2307,1,12,66,79,1.1772151898734178,0.04683939034393648,686,"Trump calls it our Duty Brief, but it's just a list of his pardons."
2303,2307,1,12,66,79,1.1772151898734178,0.04683939034393648,686,"Nam, Afghanistan, and Black Friday."
2122,2307,2,10,67,79,1.1772151898734178,0.05018464339431694,686,It keeps up with my drinks before I fly.
2125,2307,2,10,67,79,1.1772151898734178,0.05018464339431694,686,This uniform came with a 30 day return policy
2141,2307,2,10,67,79,1.1772151898734178,0.05018464339431694,686,My tweet orders require me to get your phone number.
2179,2307,2,10,67,79,1.1772151898734178,0.05018464339431694,686,Epstein didn't kill himself.
2212,2307,3,8,68,79,1.1772151898734178,0.05332043114452347,686,"""That's quite a to do list."
2222,2307,1,12,66,79,1.1772151898734178,0.04683939034393648,686,That one's for running the best PX on the east coast.
2412,2307,1,12,66,79,1.1772151898734178,0.04683939034393648,686,Is that an itemized receipt for what would you pay for me to stay by your side?
2828,2307,1,12,66,79,1.1772151898734178,0.04683939034393648,686,The Army owns me. That's their receipt.
3327,2307,2,10,67,79,1.1772151898734178,0.05018464339431694,686,"Trump International, D.C."
2875,2307,1,12,66,79,1.1772151898734178,0.04683939034393648,686,That one was for meritorious service in the self-checkout line.
3391,2307,2,10,67,79,1.1772151898734178,0.05018464339431694,686,"Transcribe-o-Matic, Jacket Mounted, Congressional. They're issuing these to everybody bird colonel or above."
3508,2307,3,8,68,79,1.1772151898734178,0.05332043114452347,686,I got that one for keeping order in the checkout line.
3509,2307,3,8,68,79,1.1772151898734178,0.05332043114452347,686,Your Robocop!
3607,2307,2,10,67,79,1.1772151898734178,0.05018464339431694,686,It’s my CVS receipt medal.
1891,2307,0,14,65,79,1.1772151898734178,0.04323607918126412,686,"Due to military cut-backs and the need to generate fees, this is your invoice for our ten minutes of ""small talk""."
3989,2307,1,12,66,79,1.1772151898734178,0.04683939034393648,686,It's my done there done that list.
3628,2307,1,12,66,79,1.1772151898734178,0.04683939034393648,686,Those are my bonus points from CVS. I’m proud of them.
3368,2307,3,8,68,79,1.1772151898734178,0.05332043114452347,686,Each is for a HUGE deal I made.
3876,2307,1,12,66,79,1.1772151898734178,0.04683939034393648,686,"Forget about his accomplishments, Look at the size of that bill!"
3702,2307,4,6,69,79,1.1772151898734178,0.05628177611146416,686,"New policy, for when the president what’s to exchange us within 30 days"
3739,2307,3,8,68,79,1.1772151898734178,0.05332043114452347,686,"Your slip is showing...how much money you saved the Pentagon, said the president."
3352,2307,1,12,66,79,1.1772151898734178,0.04683939034393648,686,"In the current operational environment, it's a force multiplier to have the receipts where they can be readily accessed at a moment's notice."
3338,2307,3,8,68,79,1.1772151898734178,0.05332043114452347,686,I served in Banksy.
3250,2307,3,8,68,79,1.1772151898734178,0.05332043114452347,686,I was wounded at CVS.
3225,2307,3,8,68,79,1.1772151898734178,0.05332043114452347,686,"No, that's not my wife's grocery list.

Elizabeth Shaw
San Francisco, CA"
3223,2307,2,10,67,79,1.1772151898734178,0.05018464339431694,686,... and this is the one I got for the Battle of Black Friday.
3171,2307,1,12,66,79,1.1772151898734178,0.04683939034393648,686,It's the Agent Orange disclaimer.
3039,2307,1,12,66,79,1.1772151898734178,0.04683939034393648,686,It's for best inanimate features.
3008,2307,3,8,68,79,1.1772151898734178,0.05332043114452347,686,It’s my own personal achievements list.
2974,2307,2,10,67,79,1.1772151898734178,0.05018464339431694,686,I never know what to do with those CVS receipts
2959,2307,3,8,68,79,1.1772151898734178,0.05332043114452347,686,It's a detailing of the costs of middle-aged whimsy.
2834,2307,2,10,67,79,1.1772151898734178,0.05018464339431694,686,It all started with a trophy for showing up for T-Ball.
1866,2307,4,6,69,79,1.1772151898734178,0.05628177611146416,686,Honey? Why do you have 25 cans of whipped cream on our shopping list?
977,2307,2,10,67,79,1.1772151898734178,0.05018464339431694,686,You  must head the ticker tape parade
1838,2307,4,6,69,79,1.1772151898734178,0.05628177611146416,686,Is this the list of all the people you had fucked to get to the general?
907,2307,3,8,68,79,1.1772151898734178,0.05332043114452347,686,"Yes, I served in the takeover of Whole Foods."
881,2307,3,8,68,79,1.1772151898734178,0.05332043114452347,686,"Is that the President's ""What to say list."" ?"
804,2307,1,12,66,79,1.1772151898734178,0.04683939034393648,686,"And this last one, I was awarded with at a banquet, during my recent trip to the White House .  .  ."
725,2307,3,8,68,79,1.1772151898734178,0.05332043114452347,686,I was stationed in Istanbul. It’s the Order of Turkey and Fixin’s.
656,2307,1,12,66,79,1.1772151898734178,0.04683939034393648,686,I need to show this receipt every time I leave the Pentagon
569,2307,2,10,67,79,1.1772151898734178,0.05018464339431694,686,Got this one in '72 for deploying my first tactical sonnet.
526,2307,3,8,68,79,1.1772151898734178,0.05332043114452347,686,I see you were at the General store.
915,2307,3,8,68,79,1.1772151898734178,0.05332043114452347,686,That's for 16 months in CVS.
494,2307,2,10,67,79,1.1772151898734178,0.05018464339431694,686,"Oh I see you are still shopping at CVS, General ."
377,2307,3,8,68,79,1.1772151898734178,0.05332043114452347,686,That one's from the war on taxes.
358,2307,2,10,67,79,1.1772151898734178,0.05018464339431694,686,"Why yes I shop at CVS."""
350,2307,2,10,67,79,1.1772151898734178,0.05018464339431694,686,I'm not on LinkedIn.
312,2307,3,8,68,79,1.1772151898734178,0.05332043114452347,686,"No, Mam, it is not a Costco receipt!"
310,2307,2,10,67,79,1.1772151898734178,0.05018464339431694,686,And what’s your email address?
248,2307,3,8,68,79,1.1772151898734178,0.05332043114452347,686,"Yes ma’am, it was in recognition of exceptional defense spending on Black Friday."
1840,2307,3,8,68,79,1.1772151898734178,0.05332043114452347,686,"It's like mattresses, you're really not supposed to remove the tag."
449,2307,2,10,67,79,1.1772151898734178,0.05018464339431694,686,That's for 'valor exceeding the call of a duty at a Publix self-checkout.'
958,2307,1,12,66,79,1.1772151898734178,0.04683939034393648,686,It’s a CVS receipt for the boss’ bone spur pads.”
96,2307,2,10,67,79,1.1772151898734178,0.05018464339431694,686,There are a lot of disclaimers on the ones from Syria.
1106,2307,2,10,67,79,1.1772151898734178,0.05018464339431694,686,CVS Security
1602,2307,1,12,66,79,1.1772151898734178,0.04683939034393648,686,I got that one for guarding the last CVS in Kandahar.
1563,2307,3,8,68,79,1.1772151898734178,0.05332043114452347,686,I also moonlight as a cash register.
1485,2307,1,12,66,79,1.1772151898734178,0.04683939034393648,686,"It was Black Friday of '08, my squad cleared a CVS parking lot."
1413,2307,2,10,67,79,1.1772151898734178,0.05018464339431694,686,"No, that's not a ribbon. It's my wife's shopping list."
1068,2307,1,12,66,79,1.1772151898734178,0.04683939034393648,686,Dry cleaning instructions.
1780,2307,1,12,66,79,1.1772151898734178,0.04683939034393648,686,"No, I'm the Executive chief petty officer."
1607,2307,1,12,66,79,1.1772151898734178,0.04683939034393648,686,Oh that? That’s the Gene Simmons medal.
1285,2307,4,6,69,79,1.1772151898734178,0.05628177611146416,686,"When it finishes printing, we'll get our coup on."
1267,2307,2,10,67,79,1.1772151898734178,0.05018464339431694,686,"The cost of service, obviously."
1257,2307,0,14,65,79,1.1772151898734178,0.04323607918126412,686,I’m a veteran of two foreign wars and a dozen Black Friday’s.
1179,2307,2,10,67,79,1.1772151898734178,0.05018464339431694,686,"Oooh, are you a true flag officer?"
1157,2307,0,14,65,79,1.1772151898734178,0.04323607918126412,686,It's CVS's highest honor.
1121,2307,1,12,66,79,1.1772151898734178,0.04683939034393648,686,"Yes I am a robot, yes I am a robot, yes I am a robot, yes I am a robot."""
1109,2307,2,10,67,79,1.1772151898734178,0.05018464339431694,686,A lot of good savings were applied that day.
1269,2307,2,10,67,79,1.1772151898734178,0.05018464339431694,686,I know the ribbons are for your heroism.  Is the list for your demerits?
1747,2307,2,10,67,79,1.1772151898734178,0.05018464339431694,686,I stand by my indictments.
1785,2393,2,12,77,91,1.1758241758241759,0.04580951853732888,686,"Believe it or not, this entire receipt is from one thing I bought at CVS."
3470,2394,3,8,69,80,1.175,0.05269628766978955,686,It's a living!
2083,2394,0,14,66,80,1.175,0.0427496391279461,686,Does that just happen with every military purchase?
2889,2396,1,13,72,86,1.1744186046511629,0.04435850856191582,686,It's for my Walmart campaign.
2246,2397,2,10,69,81,1.1728395061728396,0.04903426446477902,686,It’s a Stenographic of our conversation. Court mandated.
421,2397,2,10,69,81,1.1728395061728396,0.04903426446477902,686,"Let's try this, it's brand new... Hey Google, list the ingredients for a Shanghai Cocktail."
1649,2397,2,10,69,81,1.1728395061728396,0.04903426446477902,686,"Yes, indeed, you and all women are equal to men, and it would be my honor to add you to my list."
2029,2400,1,11,64,76,1.1710526315789473,0.047344048310574156,686,"Oh, this? It's a  list of all my cocktail party conquests."
2880,2400,1,11,64,76,1.1710526315789473,0.047344048310574156,686,"You don't have to read the fine print, the medals show just how great I am."
2870,2400,1,11,64,76,1.1710526315789473,0.047344048310574156,686,I'd rather be stuck in a muddy trench evading enemy fire right now.
2863,2400,2,9,65,76,1.1710526315789473,0.050914988985724385,686,"It's called the Third Amendment citation, for quartering troops at Trump-owned properties."
2849,2400,1,11,64,76,1.1710526315789473,0.047344048310574156,686,I don’t mind wearing medals I didn’t earn...I just like to show how much they cost.
2829,2400,1,11,64,76,1.1710526315789473,0.047344048310574156,686,I received this one from my tour in CVS.
2803,2400,2,9,65,76,1.1710526315789473,0.050914988985724385,686,Now that’s a clever way to remember everyone on your holiday gift  list”
2770,2400,4,5,67,76,1.1710526315789473,0.05739416772966874,686,It's a receipt for fruit salad.
2733,2400,3,7,66,76,1.1710526315789473,0.05425138981075869,686,My leg itches.
2730,2400,3,7,66,76,1.1710526315789473,0.05425138981075869,686,Just year it off and read it later.
2685,2400,2,9,65,76,1.1710526315789473,0.050914988985724385,686,The paper slip is there to commemorate the charge of the Light Brigade.
2663,2400,3,7,66,76,1.1710526315789473,0.05425138981075869,686,Congratulations. Your winning recipe for rhubarb pie is impressive
2629,2400,2,9,65,76,1.1710526315789473,0.050914988985724385,686,"...and this one’s for cynically goatroaping young Americans starved of opportunity into oppressing and killing their global peers just to prop up the very oligarchs that cause that starvation. and this one? ah yes, this one’s for believing i'm a hero"
2515,2400,3,7,66,76,1.1710526315789473,0.05425138981075869,686,I was much too busy getting blown apart in combat and stitched together in hospitals to learn very much about woman.
2500,2400,2,9,65,76,1.1710526315789473,0.050914988985724385,686,"It's the description of every medal on my chest. And no, I can't get it off."
2477,2400,3,7,66,76,1.1710526315789473,0.05425138981075869,686,One Hour Martinizing always puts their receipts there.
2420,2400,2,9,65,76,1.1710526315789473,0.050914988985724385,686,You say you got it at CVS?
2388,2400,1,11,64,76,1.1710526315789473,0.047344048310574156,686,That one is a Presidential pardon.
2061,2400,1,11,64,76,1.1710526315789473,0.047344048310574156,686,"If you think that’s long, wait ‘til you see my tongue."
2091,2400,2,9,65,76,1.1710526315789473,0.050914988985724385,686,"I served with the CVS Pharmatroopers, ma'am."
2101,2400,2,9,65,76,1.1710526315789473,0.050914988985724385,686,This ribbon honors my service in the Big Box Price Wars.
1987,2400,2,9,65,76,1.1710526315789473,0.050914988985724385,686,Really dirt cheap! Even your favorite hotel would've billed almost treble this..... Cheers!
2108,2400,2,9,65,76,1.1710526315789473,0.050914988985724385,686,It's my wife's grocery list. She staples it on my jacket ever Thursday so I don't forget.......
2971,2400,3,7,66,76,1.1710526315789473,0.05425138981075869,686,it appears that you have poor posture meanwhile my posture is impeccable
2030,2400,3,7,66,76,1.1710526315789473,0.05425138981075869,686,Those battles sure were taxing!
1931,2400,5,3,68,76,1.1710526315789473,0.060373567745858815,686,....as a mercenary I'll accept all major credit cards ...No pun intended
2121,2400,3,7,66,76,1.1710526315789473,0.05425138981075869,686,And that one gets me 25% off my next visit to CVS
2174,2400,2,9,65,76,1.1710526315789473,0.050914988985724385,686,It's a receipt for our arms sales to dictators.
2201,2400,2,9,65,76,1.1710526315789473,0.050914988985724385,686,"Very expensive, I’ll have you know."
2322,2400,3,7,66,76,1.1710526315789473,0.05425138981075869,686,Medal of Costco Valor without complaint
1926,2400,3,7,66,76,1.1710526315789473,0.05425138981075869,686,Costco
2329,2400,2,9,65,76,1.1710526315789473,0.050914988985724385,686,"Well, during my tenure at the Pentagon the markups were not that insane."
1921,2400,1,11,64,76,1.1710526315789473,0.047344048310574156,686,Look lower. Lower...
2972,2400,1,11,64,76,1.1710526315789473,0.047344048310574156,686,It's for my time in the troll world.
3587,2400,2,9,65,76,1.1710526315789473,0.050914988985724385,686,That's for the logistics exchange tour I did at Amazon..
3003,2400,2,9,65,76,1.1710526315789473,0.050914988985724385,686,"Please don't forget your receipt, because otherwise we will not take back defective missiles."
3602,2400,1,11,64,76,1.1710526315789473,0.047344048310574156,686,"err,... They ran out of buttons... Also my arm came off..."
3603,2400,0,13,63,76,1.1710526315789473,0.04348082011015344,686,"Can you believe just one tour"""
3609,2400,2,9,65,76,1.1710526315789473,0.050914988985724385,686,And that’s why I think CVS is in bed with the Industrial Paper Complex!
3663,2400,2,9,65,76,1.1710526315789473,0.050914988985724385,686,"No, all these badges are not fake news!"""
3860,2400,0,13,63,76,1.1710526315789473,0.04348082011015344,686,"Ah, so I see you got your jacket at CVS!"
3914,2400,2,9,65,76,1.1710526315789473,0.050914988985724385,686,I received the CVS Honorable Discharge.
3545,2400,0,13,63,76,1.1710526315789473,0.04348082011015344,686,Refer to the index to satisfy any curiosity you may have about my hardware.
3961,2400,1,11,64,76,1.1710526315789473,0.047344048310574156,686,It comes in handy in the self checkout line at the Officer's Mess...
4007,2400,2,9,65,76,1.1710526315789473,0.050914988985724385,686,That's my receipt showing that I braved the crowds at Costco on Black Friday.
4053,2400,1,11,64,76,1.1710526315789473,0.047344048310574156,686,The mission's full name was 'Consumer Very Stupid.'
3816,2400,2,9,65,76,1.1710526315789473,0.050914988985724385,686,It's for Shopper of the Year at CVS!
3724,2400,2,9,65,76,1.1710526315789473,0.050914988985724385,686,I wasn't part of the events listed here-- but was first to react on social media
3735,2400,1,11,64,76,1.1710526315789473,0.047344048310574156,686,This is how much it cost to get decorated.
3797,2400,2,9,65,76,1.1710526315789473,0.050914988985724385,686,I'm decorated and then some.
1904,2400,1,11,64,76,1.1710526315789473,0.047344048310574156,686,I’m hanging onto the receipt because I’m not sure I’m an aircraft carrier kind of guy.
3527,2400,4,5,67,76,1.1710526315789473,0.05739416772966874,686,This medal is for binge shopping in Syria while the store was being bombed by Isis .
3510,2400,1,11,64,76,1.1710526315789473,0.047344048310574156,686,A good place to keep my CVS coupons
3486,2400,1,11,64,76,1.1710526315789473,0.047344048310574156,686,That’s for my excursions into CVS Headquarters!
3005,2400,4,5,67,76,1.1710526315789473,0.05739416772966874,686,Its my twitter ticker tape- I am obliged to  micromanage his impulses while recording his thoughts
3011,2400,0,13,63,76,1.1710526315789473,0.04348082011015344,686,"My, all those women!"
3022,2400,2,9,65,76,1.1710526315789473,0.050914988985724385,686,"Oh, that is the grocery list she put in my pocket, I was actually hoping you will be inquiring after the medals."
3100,2400,1,11,64,76,1.1710526315789473,0.047344048310574156,686,"Yes,  i've been itemized."
3104,2400,2,9,65,76,1.1710526315789473,0.050914988985724385,686,It's the highest award for bravery in expense accounting.
3198,2400,1,11,64,76,1.1710526315789473,0.047344048310574156,686,I brought a list of my attractive qualities for efficiency.
3206,2400,2,9,65,76,1.1710526315789473,0.050914988985724385,686,I've been cashiered from the service.
3224,2400,4,5,67,76,1.1710526315789473,0.05739416772966874,686,"I'd tell you what they are all for, but then they'd have to kill you.

note: I got the last issue late, and I would love to get last week's caption in: ""You have quite the inflated alter ego, honey."""
3228,2400,1,11,64,76,1.1710526315789473,0.047344048310574156,686,Wow! That's almost as long as the one I get at the supermarket!
3244,2400,1,11,64,76,1.1710526315789473,0.047344048310574156,686,"Yes ma'am, I spent six months stationed at the local CVS."
3256,2400,1,11,64,76,1.1710526315789473,0.047344048310574156,686,"Take a number: if you get them all right, I’ll buy you another drink."
3335,2400,0,13,63,76,1.1710526315789473,0.04348082011015344,686,Oh wait! Do they still charge you after all those badges
3411,2400,3,7,66,76,1.1710526315789473,0.05425138981075869,686,I was in the front lines at the battle that is Black Friday and managed to save a bundle.
3420,2400,1,11,64,76,1.1710526315789473,0.047344048310574156,686,What's that receipt for?
3463,2400,1,11,64,76,1.1710526315789473,0.047344048310574156,686,My first tour of duty was as a CVS checker.
2978,2400,3,7,66,76,1.1710526315789473,0.05425138981075869,686,Actual ribbons cost a buck each. This is cheap and easy to update.
1890,2400,1,11,64,76,1.1710526315789473,0.047344048310574156,686,It's a new rule. I must show my itemized expenses!
3558,2400,3,7,66,76,1.1710526315789473,0.05425138981075869,686,My greatest battle was the Missus to-do list.
1871,2400,1,11,64,76,1.1710526315789473,0.047344048310574156,686,"Well if you must know, this was from Colonel Sanders!"
860,2400,4,5,67,76,1.1710526315789473,0.05739416772966874,686,So you bought this wine at CVS?
833,2400,3,7,66,76,1.1710526315789473,0.05425138981075869,686,I have a CVS extra care card. It’s no big deal.
817,2400,4,5,67,76,1.1710526315789473,0.05739416772966874,686,Its only awarded to survivors of Black Friday.
799,2400,2,9,65,76,1.1710526315789473,0.050914988985724385,686,"oh that, it's my wife,the supreme allied commander's grocery list"
793,2400,1,11,64,76,1.1710526315789473,0.047344048310574156,686,"It's just the high cost of being in the military, ma'am."
775,2400,3,7,66,76,1.1710526315789473,0.05425138981075869,686,"Yes, madam, I was decorated in the Costco wars"
771,2400,2,9,65,76,1.1710526315789473,0.050914988985724385,686,My son is a military man too. Maybe you know him. His name is James Ryan
755,2400,1,11,64,76,1.1710526315789473,0.047344048310574156,686,So you fanned the flames of the Me Too movement!
739,2400,2,9,65,76,1.1710526315789473,0.050914988985724385,686,They ran out of ribbons -- at least I got my current balance.
721,2400,1,11,64,76,1.1710526315789473,0.047344048310574156,686,i got this one for shopping till i dropped
720,2400,4,5,67,76,1.1710526315789473,0.05739416772966874,686,I got this from the CVS wars
666,2400,4,5,67,76,1.1710526315789473,0.05739416772966874,686,I got that one at CVS.
631,2400,3,7,66,76,1.1710526315789473,0.05425138981075869,686,Yes. I saved the “receipts” for my badges.
916,2400,1,11,64,76,1.1710526315789473,0.047344048310574156,686,It was a budget decision. Campaign ribbons or drones.
575,2400,2,9,65,76,1.1710526315789473,0.050914988985724385,686,"Stolen valor, eh? I’ve got the receipt."
512,2400,1,11,64,76,1.1710526315789473,0.047344048310574156,686,There's a coupon for the carwash on the back.
472,2400,3,7,66,76,1.1710526315789473,0.05425138981075869,686,Those are coupons I received for foiling a robbery at my local drugstore.
452,2400,3,7,66,76,1.1710526315789473,0.05425138981075869,686,The rest are in my digital data bank
422,2400,3,7,66,76,1.1710526315789473,0.05425138981075869,686,"Be careful, it'll self-destruct in five seconds."
409,2400,2,9,65,76,1.1710526315789473,0.050914988985724385,686,I’ve always stayed grounded by listing my undone chores with my military decorations.
379,2400,2,9,65,76,1.1710526315789473,0.050914988985724385,686,A lot of activity can really jam up the ol' ticker.
320,2400,1,11,64,76,1.1710526315789473,0.047344048310574156,686,Those are only the actual presidential pardons I've received.
307,2400,5,3,68,76,1.1710526315789473,0.060373567745858815,686,"Why yes, the weather is tolerable. Um... [glances down] Are you reading any good books lately?"
285,2400,3,7,66,76,1.1710526315789473,0.05425138981075869,686,"No, I’m the Thousand Dollar General."
217,2400,2,9,65,76,1.1710526315789473,0.050914988985724385,686,Lean in  a bit and you can read the fine print
213,2400,3,7,66,76,1.1710526315789473,0.05425138981075869,686,I'm the new general manager of CVS.
174,2400,2,9,65,76,1.1710526315789473,0.050914988985724385,686,Service ribbon.  Willing-CVS-Receipt-Recipient.
0,2400,1,11,64,76,1.1710526315789473,0.047344048310574156,686,"ee stamoslocosoque 2h

mate tanto que puedas
berarte de todo lo que
-yano Chota iow

ve

aad

@spaincharo"
568,2400,2,9,65,76,1.1710526315789473,0.050914988985724385,686,"They're for heroic service during Desert Storm, Desert Shield, Aghanistan, and at CVS."
940,2400,0,13,63,76,1.1710526315789473,0.04348082011015344,686,My wife says the real ones are too stimulating when we dance
249,2400,1,11,64,76,1.1710526315789473,0.047344048310574156,686,"It's not what it looks like. And besides, it's a private matter."
945,2400,1,11,64,76,1.1710526315789473,0.047344048310574156,686,A list of my war crimes. They're all the rage.
1827,2400,0,13,63,76,1.1710526315789473,0.04348082011015344,686,Do I look like a Never Trumper?
1797,2400,3,7,66,76,1.1710526315789473,0.05425138981075869,686,That's right! And you'd be absolutely amazed by what I can do with it!!
1796,2400,2,9,65,76,1.1710526315789473,0.050914988985724385,686,"-- ""Is that a Purple Heart in Military Spending?""
-- ""No, I'm just happy to see you."""
1749,2400,1,11,64,76,1.1710526315789473,0.047344048310574156,686,That one?  It's for running the CVS outlet in the PX on the Korean DMZ.
1744,2400,2,9,65,76,1.1710526315789473,0.050914988985724385,686,"Honestly, I can’t stand people who think they’ve saved money at CVS."
1688,2400,2,9,65,76,1.1710526315789473,0.050914988985724385,686,"Yes, I see a list of political favors in exchange for hundreds of millions in foreign military aid. No quid pro quo."
1678,2400,2,9,65,76,1.1710526315789473,0.050914988985724385,686,"Yes, now, of course, it’s impossible to truly calculate the cost of war."
1658,2400,2,9,65,76,1.1710526315789473,0.050914988985724385,686,The army recently calculated the price of valor.
1887,2400,0,13,63,76,1.1710526315789473,0.04348082011015344,686,It's the laundry list of honors.
1564,2400,2,9,65,76,1.1710526315789473,0.050914988985724385,686,The Purple Heart is from Afghanistan. Those are for the fights with CVS after their data breach.
1511,2400,1,11,64,76,1.1710526315789473,0.047344048310574156,686,...and this one is for highest ROI from defense contractors
1470,2400,2,9,65,76,1.1710526315789473,0.050914988985724385,686,"That one was for the Battle of Walmart, Black Friday 2014"
1843,2400,1,11,64,76,1.1710526315789473,0.047344048310574156,686,I  never knew anyone who was decorated for surviving  Black Friday ...
1340,2400,1,11,64,76,1.1710526315789473,0.047344048310574156,686,"The ""Distinguished Personal Service Medal"": a list of the kids who bullied me in school and the dates I successfully completed a counteroffensive against each."
1396,2400,0,13,63,76,1.1710526315789473,0.04348082011015344,686,It's the bill for this damned soiree.
1296,2400,2,9,65,76,1.1710526315789473,0.050914988985724385,686,The army is trying to save on the medals.
1001,2400,2,9,65,76,1.1710526315789473,0.050914988985724385,686,It lets me know when we are overbudget.
1019,2400,1,11,64,76,1.1710526315789473,0.047344048310574156,686,"General, it seems this party is costing you plenty!"
1055,2400,1,11,64,76,1.1710526315789473,0.047344048310574156,686,"""I  really can't explain it. It sort of started out in basic training.
And my drill  sergeant said, 'Well, if it works, don't fix it.'"""
1056,2400,3,7,66,76,1.1710526315789473,0.05425138981075869,686,"Dear, must you advertise your resume under this Administration?"
1322,2400,0,13,63,76,1.1710526315789473,0.04348082011015344,686,We really overran the budget in that campaign
1096,2400,2,9,65,76,1.1710526315789473,0.050914988985724385,686,"Thanks for noticing.  Yes, this is my CVS receipt, which I've added just below my military insignia."
1057,2400,2,9,65,76,1.1710526315789473,0.050914988985724385,686,And this one is for being the first person to accept my receipt that day at CVS.
941,2400,0,13,63,76,1.1710526315789473,0.04348082011015344,686,"That's for bravery under confusing discounts on Black Friday, 2016."
1162,2400,2,9,65,76,1.1710526315789473,0.050914988985724385,686,you did order the salad
1209,2400,2,9,65,76,1.1710526315789473,0.050914988985724385,686,It’s our “to-do” list.
1254,2400,2,9,65,76,1.1710526315789473,0.050914988985724385,686,I'm a proud user of Amazon Prime at Whole Foods.
1260,2400,3,7,66,76,1.1710526315789473,0.05425138981075869,686,I did my first tour at CVS.
1137,2400,2,9,65,76,1.1710526315789473,0.050914988985724385,686,Most returns and refunds ever handled on a Black Friday.
602,2534,1,12,69,82,1.170731707317073,0.045266376933577414,686,As far as we can tell it's Mr Trump's Christmas list.
3101,2534,2,10,70,82,1.170731707317073,0.048478438536580806,686,That ribbon is for my 'Personal Grudges' .
1114,2536,3,7,67,77,1.1688311688311688,0.05358825519207446,686,What's to show for 40 years in the military? A place to pin Zelda's shopping list for a late night grocery run.
2332,2536,2,9,66,77,1.1688311688311688,0.05029848501568073,686,I got that ribbon at the battle of Safeway.
2157,2538,2,11,78,91,1.164835164835165,0.04492222627620774,686,"Here's your receipt, Ms. Taxpayer. Do you use a cash back card?"
1410,2539,1,11,67,79,1.1645569620253164,0.04568487714355834,686,The Pentagon always holds highly decorated holiday parties.
3048,2539,3,7,69,79,1.1645569620253164,0.05230915683958439,686,It’s hard for me to concentrate without looking at your chest.
3021,2539,2,9,68,79,1.1645569620253164,0.04910883774276407,686,I was the receipt-ent of the medal of freedom.
2802,2542,2,8,63,73,1.1643835616438356,0.051660769401756894,686,"Put your CVS receipt away.
 No one cares."
2754,2542,2,8,63,73,1.1643835616438356,0.051660769401756894,686,"My official title is SHOPPER GENERAL.
And yes, I have experience in all aisle"
2709,2542,2,8,63,73,1.1643835616438356,0.051660769401756894,686,"...thats right. CVS, Colossal Valor & Strength."
2658,2542,1,10,62,73,1.1643835616438356,0.04783636264784695,686,I spent 8 years in Guam and only $14 Billion in Iraq.
2628,2542,2,8,63,73,1.1643835616438356,0.051660769401756894,686,No. I can’t explain the cost.
2564,2542,3,6,64,73,1.1643835616438356,0.05522094348149691,686,"It's like a naughty or nice list, but with demerits."
2489,2542,3,6,64,73,1.1643835616438356,0.05522094348149691,686,This are the latest bids for my post-retirement lobbying services.  I’ll have lot’ of play money!
2441,2542,4,4,65,73,1.1643835616438356,0.05856509286931808,686,That’s just the shopping list my wife pinned on me.
2438,2542,1,10,62,73,1.1643835616438356,0.04783636264784695,686,"And this one is for working at CVS"""
2353,2542,0,12,61,73,1.1643835616438356,0.043678370935408654,686,The General gave me a list of things to pick up on the way back to the base.
2349,2542,2,8,63,73,1.1643835616438356,0.051660769401756894,686,Walgreen Beret
2280,2542,4,4,65,73,1.1643835616438356,0.05856509286931808,686,"Yes, I started at CVS"
2250,2542,0,12,61,73,1.1643835616438356,0.043678370935408654,686,So what if they got the medals from CVS? That doesn't diminish their value!
2232,2542,2,8,63,73,1.1643835616438356,0.051660769401756894,686,...And I got that one in the Battle of Best Buy.
2221,2542,2,8,63,73,1.1643835616438356,0.051660769401756894,686,I fought at CVS.
2209,2542,0,12,61,73,1.1643835616438356,0.043678370935408654,686,I got that one for liberating a CVS.
2194,2542,2,8,63,73,1.1643835616438356,0.051660769401756894,686,Did you know that I served in the CVS checkout battalion?
2167,2542,2,8,63,73,1.1643835616438356,0.051660769401756894,686,It prints out the conversations I have with politicians.
2104,2542,1,10,62,73,1.1643835616438356,0.04783636264784695,686,It's my rolling bar bill !
2103,2542,0,12,61,73,1.1643835616438356,0.043678370935408654,686,And that's how I defeated the Self-Checkout at Walmart.
1946,2542,3,6,64,73,1.1643835616438356,0.05522094348149691,686,I earned that one at CVS.
1881,2542,1,10,62,73,1.1643835616438356,0.04783636264784695,686,I got these medals at CVS.
2306,2542,2,8,63,73,1.1643835616438356,0.051660769401756894,686,It looks like you paid price for the cantaloupe.
2807,2542,2,8,63,73,1.1643835616438356,0.051660769401756894,686,I got that last one from CVS.
2890,2542,2,8,63,73,1.1643835616438356,0.051660769401756894,686,That one's a Distinguished Public Service Medal and Bar Tab
2923,2542,3,6,64,73,1.1643835616438356,0.05522094348149691,686,Not a compete list but the JAG says these are acceptable flirts.
3875,2542,2,8,63,73,1.1643835616438356,0.051660769401756894,686,I have to get used to retirement first.
3820,2542,2,8,63,73,1.1643835616438356,0.051660769401756894,686,I was honored by CVS.
3775,2542,2,8,63,73,1.1643835616438356,0.051660769401756894,686,That from the battle of the CVS receipt.
3601,2542,2,8,63,73,1.1643835616438356,0.051660769401756894,686,How would you like to pay your receipt!
1846,2542,2,8,63,73,1.1643835616438356,0.051660769401756894,686,It is my medal of door busters.
4050,2542,2,8,63,73,1.1643835616438356,0.051660769401756894,686,She outranks me.
4060,2542,3,6,64,73,1.1643835616438356,0.05522094348149691,686,That's for my rewards points at CVS.
3542,2542,2,8,63,73,1.1643835616438356,0.051660769401756894,686,They're the I.O.U.'s.
3521,2542,2,8,63,73,1.1643835616438356,0.051660769401756894,686,I'm on the board of CVS.
3503,2542,1,10,62,73,1.1643835616438356,0.04783636264784695,686,"Aw, shucks, it's just an award hardly worth the thermal paper its printed on."
2887,2542,3,6,64,73,1.1643835616438356,0.05522094348149691,686,Insert another dollar and get ten more jokes.
3465,2542,3,6,64,73,1.1643835616438356,0.05522094348149691,686,Please do NOT tell anyone I was a DEADHEAD in those tumultuous Sixties.
3388,2542,2,8,63,73,1.1643835616438356,0.051660769401756894,686,You've been to CVS.
3318,2542,0,12,61,73,1.1643835616438356,0.043678370935408654,686,"As you can see, I can account for the most extravagant expenditures within the defense budget."
3297,2542,2,8,63,73,1.1643835616438356,0.051660769401756894,686,"Yes, that last one was earned at CVS."
3280,2542,1,10,62,73,1.1643835616438356,0.04783636264784695,686,That one's for Distinguished Service in CVS.
3216,2542,2,8,63,73,1.1643835616438356,0.051660769401756894,686,Says here you have a coupon for 1 dollar off military products at CVS
3211,2542,1,10,62,73,1.1643835616438356,0.04783636264784695,686,All of my drinks are on the G.I. bill.
3136,2542,0,12,61,73,1.1643835616438356,0.043678370935408654,686,The Bush years were very good for me.
3103,2542,2,8,63,73,1.1643835616438356,0.051660769401756894,686,Is that last one “Valor for Shopping at CVS”?
2937,2542,1,10,62,73,1.1643835616438356,0.04783636264784695,686,When did you serve at CVS?
2934,2542,2,8,63,73,1.1643835616438356,0.051660769401756894,686,I'll give you my tag to draw attention to your breasts.
3446,2542,1,10,62,73,1.1643835616438356,0.04783636264784695,686,"It’s my CVS Medal for Civility, Valor, and Service."
1823,2542,1,10,62,73,1.1643835616438356,0.04783636264784695,686,And they offered you the dry cleaning as well!
2071,2542,2,8,63,73,1.1643835616438356,0.051660769401756894,686,"Most army robots look like big ugly metal horses, but you're a real hottie General."
1685,2542,4,4,65,73,1.1643835616438356,0.05856509286931808,686,"Hmm,I think the CVS medal is the most impressive..."
722,2542,1,10,62,73,1.1643835616438356,0.04783636264784695,686,"Yes, from the battle at CVS."
643,2542,2,8,63,73,1.1643835616438356,0.051660769401756894,686,I earned it by shopping at CVS.
619,2542,2,8,63,73,1.1643835616438356,0.051660769401756894,686,It's a honey do list.
613,2542,2,8,63,73,1.1643835616438356,0.051660769401756894,686,Any extra bucks.
585,2542,3,6,64,73,1.1643835616438356,0.05522094348149691,686,And right under the service ribbons is my CVS receipt.
547,2542,1,10,62,73,1.1643835616438356,0.04783636264784695,686,I got that one for defending a CVS.
542,2542,2,8,63,73,1.1643835616438356,0.051660769401756894,686,You guys are only doing non-dairy?
530,2542,2,8,63,73,1.1643835616438356,0.051660769401756894,686,We had to contract out military decorations to CVS.
485,2542,3,6,64,73,1.1643835616438356,0.05522094348149691,686,"I tried magnets for a time, but I have to wear these anyway."
453,2542,1,10,62,73,1.1643835616438356,0.04783636264784695,686,This is my ribbon for valor after shopping on “Black Friday.”
411,2542,2,8,63,73,1.1643835616438356,0.051660769401756894,686,You do pretty well when CVS is on your side.
402,2542,1,10,62,73,1.1643835616438356,0.04783636264784695,686,``On the way home from Afghanistan I stopped at CVS.''
397,2542,4,4,65,73,1.1643835616438356,0.05856509286931808,686,"I don't care if you have a receipt, we can't accept returns on used warheads."
370,2542,1,10,62,73,1.1643835616438356,0.04783636264784695,686,Aren't you going to the thank me for my service charge?
277,2542,1,10,62,73,1.1643835616438356,0.04783636264784695,686,"Yes, the discounts are already applied."
273,2542,1,10,62,73,1.1643835616438356,0.04783636264784695,686,Those all of the drinks you bought for other girls?!
227,2542,0,12,61,73,1.1643835616438356,0.043678370935408654,686,We lost a lot of good men at the Battle of CVS.
205,2542,2,8,63,73,1.1643835616438356,0.051660769401756894,686,"If my commission is revoked, the president can print another one."
131,2542,1,10,62,73,1.1643835616438356,0.04783636264784695,686,"Oh, that reminds me that I have a prescription to pick up at CVS"
14,2542,0,12,61,73,1.1643835616438356,0.043678370935408654,686,I see you've been cashiered.
1741,2542,3,6,64,73,1.1643835616438356,0.05522094348149691,686,That's for buying baby aspirin at CVS.
728,2542,1,10,62,73,1.1643835616438356,0.04783636264784695,686,That one is my CVS Loyalty Award.
730,2542,2,8,63,73,1.1643835616438356,0.051660769401756894,686,So you’re the one responsible for the deficit.
86,2542,1,10,62,73,1.1643835616438356,0.04783636264784695,686,"No, not USCG -it’s USCVS..."
889,2542,2,8,63,73,1.1643835616438356,0.051660769401756894,686,I got that one shopping at CVS.
1624,2542,1,10,62,73,1.1643835616438356,0.04783636264784695,686,War ain't easy. We lost a lot of good men at the Battle of CVS.
1614,2542,1,10,62,73,1.1643835616438356,0.04783636264784695,686,Distinguished Service at CVS
1587,2542,2,8,63,73,1.1643835616438356,0.051660769401756894,686,After I retired from the Army I was Head of Security for CVS.
1549,2542,2,8,63,73,1.1643835616438356,0.051660769401756894,686,I'm protesting the tax on shipping and handling.
1482,2542,2,8,63,73,1.1643835616438356,0.051660769401756894,686,I needed a place for my CVS receipts.
1459,2542,2,8,63,73,1.1643835616438356,0.051660769401756894,686,It’s my CVS receipt
1424,2542,1,10,62,73,1.1643835616438356,0.04783636264784695,686,That's my honey-do list.  War is hell.
1411,2542,1,10,62,73,1.1643835616438356,0.04783636264784695,686,"He decided ticker-tape parades are 'too messy.'"""
1660,2542,3,6,64,73,1.1643835616438356,0.05522094348149691,686,I got this medal for shopping at CVS.
1355,2542,1,10,62,73,1.1643835616438356,0.04783636264784695,686,I'm most proud of  keeping track of my wife's grocery list!
1389,2542,1,10,62,73,1.1643835616438356,0.04783636264784695,686,"As in ""GENERAL"" manager of a CVS?"
1107,2542,2,8,63,73,1.1643835616438356,0.051660769401756894,686,It's the only way I could take control of the budget.
1201,2542,2,8,63,73,1.1643835616438356,0.051660769401756894,686,It looks like you have some CVS ExtraBucks that are about to expire!
996,2542,1,10,62,73,1.1643835616438356,0.04783636264784695,686,"Please, You must tell me more about that charge!"
1249,2542,0,12,61,73,1.1643835616438356,0.043678370935408654,686,We’re now affiliated with CVS.
1221,2542,0,12,61,73,1.1643835616438356,0.043678370935408654,686,"Sgt Major,CVS"
1301,2542,2,8,63,73,1.1643835616438356,0.051660769401756894,686,And this one here's my 'Typewriter Ribbon'.
787,2542,2,8,63,73,1.1643835616438356,0.051660769401756894,686,Don’t worry. I’m sure Trump will pardon your faux pas.
1284,2542,1,10,62,73,1.1643835616438356,0.04783636264784695,686,I got the bottom one at CVS.
830,2638,1,10,63,74,1.162162162162162,0.047237758050578095,686,Haven't you heard of Venmo!?
791,2639,3,7,71,81,1.1604938271604939,0.05108933752236682,686,"It's my shopping list. Drones, tanks, missiles--you know, the cool stuff."
2023,2639,2,9,70,81,1.1604938271604939,0.04797372648821098,686,I'm programmed to keep my eyes on your face but my hard drive is in the gutter. Whir-r-r-r. Click.
688,2639,1,11,69,81,1.1604938271604939,0.04464119686855444,686,The heaviest hand to hand combat was Macy's Black Friday.
2707,2642,2,6,55,63,1.1587301587301588,0.05637245937794518,686,"Yes, indeed. It represents Amazon Prime"
2538,2643,1,10,65,76,1.1578947368421053,0.0460839492511007,686,Did they not have enough space to put all the countries you visited on it?
2377,2644,1,9,61,71,1.1549295774647887,0.0476738049630549,686,"What, no Purple Heart?"
2383,2644,2,7,62,71,1.1549295774647887,0.05172239521306923,686,It’s a real-time transcript printer.
2368,2644,3,5,63,71,1.1549295774647887,0.055476307136456515,686,What else did my tax dollars pay for?
2409,2644,1,9,61,71,1.1549295774647887,0.0476738049630549,686,"I thought the accommodations would seal the deal, but I pinned on the dinner receipt just in case."
2444,2644,2,7,62,71,1.1549295774647887,0.05172239521306923,686,Pick any question to ask me about.
2502,2644,4,3,64,71,1.1549295774647887,0.05899182265721229,686,"Honey, that's what happens when you offer drinks to Navy men."
2465,2644,2,7,62,71,1.1549295774647887,0.05172239521306923,686,Is that it?
2473,2644,3,5,63,71,1.1549295774647887,0.055476307136456515,686,"No, I don't want to hear about your Battle of the Bulge."
2751,2644,3,5,63,71,1.1549295774647887,0.055476307136456515,686,My salad days aren't over yet.
2651,2644,4,3,64,71,1.1549295774647887,0.05899182265721229,686,"Do not refer to me as ""Your Buttercup"" again!!!"
2711,2644,1,9,61,71,1.1549295774647887,0.0476738049630549,686,This isn’t my first rodeo!
2713,2644,2,7,62,71,1.1549295774647887,0.05172239521306923,686,From my wife for never failing to check store receipts.
2341,2644,2,7,62,71,1.1549295774647887,0.05172239521306923,686,Quit staring!   Haven't you ever seen a shopping list before?
2783,2644,2,7,62,71,1.1549295774647887,0.05172239521306923,686,I got that one for shopping on Black Friday.
2790,2644,1,9,61,71,1.1549295774647887,0.0476738049630549,686,Thank you for your service charge.
2846,2644,2,7,62,71,1.1549295774647887,0.05172239521306923,686,This one was for bravery during the 2018 Sales Wars.
2856,2644,0,11,60,71,1.1549295774647887,0.04324785766640781,686,That's my Black Friday list.
2598,2644,1,9,61,71,1.1549295774647887,0.0476738049630549,686,Who ordered the subtotal?
2299,2644,3,5,63,71,1.1549295774647887,0.055476307136456515,686,Those are the less important medals too numerous to wear.
1945,2644,3,5,63,71,1.1549295774647887,0.055476307136456515,686,I'm not Bill Clinton.
2240,2644,2,7,62,71,1.1549295774647887,0.05172239521306923,686,I'm almost at the end of my laundry list of things I planned to accomplish in my life.
1818,2644,3,5,63,71,1.1549295774647887,0.055476307136456515,686,It's Errata from the War on Christmas.
1812,2644,2,7,62,71,1.1549295774647887,0.05172239521306923,686,No...it’s just my “Honey do” list.
1776,2644,2,7,62,71,1.1549295774647887,0.05172239521306923,686,"My service record in presidential tweets, Ma'am."
2860,2644,2,7,62,71,1.1549295774647887,0.05172239521306923,686,The military procurement legislation had some unforeseen circumstances
1824,2644,2,7,62,71,1.1549295774647887,0.05172239521306923,686,That’s a receipt for what I’m proudest of—a perfectly executed defense contract.
1835,2644,3,5,63,71,1.1549295774647887,0.055476307136456515,686,The tie is from having served in his Presidential cabinet
1854,2644,2,7,62,71,1.1549295774647887,0.05172239521306923,686,And this is a medal of the only person n the army with a receipt.
1898,2644,1,9,61,71,1.1549295774647887,0.0476738049630549,686,It doubles as my fax machine.
2260,2644,1,9,61,71,1.1549295774647887,0.0476738049630549,686,"Of course, that is a short list of regulations and caveats that come with me. Act now and 50% off!!!"
1940,2644,3,5,63,71,1.1549295774647887,0.055476307136456515,686,I see the fine print includes a disclaimer.
2003,2644,2,7,62,71,1.1549295774647887,0.05172239521306923,686,"That's right, I did NOT get the tip I deserve."
2049,2644,2,7,62,71,1.1549295774647887,0.05172239521306923,686,"It's a decorations legend. I mean, if you do amazing things in the forest but the accolades are incomprehensible, did you really do those things?"
2112,2644,2,7,62,71,1.1549295774647887,0.05172239521306923,686,"You look gorgeous in your list of achievements, Sir!"
2116,2644,1,9,61,71,1.1549295774647887,0.0476738049630549,686,"I'm in the Military budget Dept and have to
keep tabs on the on-going expenditures 24-7."
4026,2644,1,9,61,71,1.1549295774647887,0.0476738049630549,686,These are my current affiliations and awards.
2118,2644,2,7,62,71,1.1549295774647887,0.05172239521306923,686,You saved 20 billion dollars today! Would you like your receipt?
2120,2644,2,7,62,71,1.1549295774647887,0.05172239521306923,686,"I see, so you're the CVS long-list general?"
2238,2644,3,5,63,71,1.1549295774647887,0.055476307136456515,686,It's Trump's Bucket List.
1949,2644,2,7,62,71,1.1549295774647887,0.05172239521306923,686,I like fruit salad.
2864,2644,4,3,64,71,1.1549295774647887,0.05899182265721229,686,They're my escort rates.
3403,2644,2,7,62,71,1.1549295774647887,0.05172239521306923,686,The cost of arms . . . and arms.
2874,2644,2,7,62,71,1.1549295774647887,0.05172239521306923,686,It says to be continued.
3589,2644,2,7,62,71,1.1549295774647887,0.05172239521306923,686,One of the top ten spenders at Trader Joe’s.
3604,2644,0,11,60,71,1.1549295774647887,0.04324785766640781,686,This one I got from my wife for a Target run.
3617,2644,1,9,61,71,1.1549295774647887,0.0476738049630549,686,This one was for braving it out on Black Friday 2018.
3635,2644,2,7,62,71,1.1549295774647887,0.05172239521306923,686,I loved Operation Dumbo Drop!
3636,2644,2,7,62,71,1.1549295774647887,0.05172239521306923,686,That’s my Ranger Overseas Campaign bar tab.
3692,2644,4,3,64,71,1.1549295774647887,0.05899182265721229,686,That one's for whistle blowing.
3714,2644,2,7,62,71,1.1549295774647887,0.05172239521306923,686,"I've spent my whole career in the military, but this is just my third tour serving the country at diplomatic cocktail parties."""
3755,2644,1,9,61,71,1.1549295774647887,0.0476738049630549,686,The groceries I'm to pick up on my way home.
3780,2644,2,7,62,71,1.1549295774647887,0.05172239521306923,686,I serve in the chairborne.
3808,2644,2,7,62,71,1.1549295774647887,0.05172239521306923,686,"It's really hard to play ""Neve Have I Ever"", since I've done it all"
3997,2644,2,7,62,71,1.1549295774647887,0.05172239521306923,686,"When they said military industrial COMPLEX, they weren't kidding."
3823,2644,3,5,63,71,1.1549295774647887,0.055476307136456515,686,"Okay, so you’re right.  I bought all this fruit salad."
3829,2644,1,9,61,71,1.1549295774647887,0.0476738049630549,686,"If you fill out the survey at the bottom, you get half-off your next drone strike."
3982,2644,1,9,61,71,1.1549295774647887,0.0476738049630549,686,And that's my Distinguished Procurement Ribbon.
1705,2644,2,7,62,71,1.1549295774647887,0.05172239521306923,686,I earned it in the cola wars.
3856,2644,2,7,62,71,1.1549295774647887,0.05172239521306923,686,The women in my division won't let me pin their ribbons on any more.
3941,2644,0,11,60,71,1.1549295774647887,0.04324785766640781,686,Those are our new gender neutral military decorations.
3394,2644,2,7,62,71,1.1549295774647887,0.05172239521306923,686,It’s a complete guide to the fruit salad above for the militarily uninitiated.”
3385,2644,2,7,62,71,1.1549295774647887,0.05172239521306923,686,It's the list of my conquests thus far
3346,2644,2,7,62,71,1.1549295774647887,0.05172239521306923,686,It's a Semper Filofax.
3345,2644,2,7,62,71,1.1549295774647887,0.05172239521306923,686,"So, now they have to issue asterisks to accompany your pins and medals?!"
2906,2644,2,7,62,71,1.1549295774647887,0.05172239521306923,686,It's my list of poker IOU's.
2909,2644,1,9,61,71,1.1549295774647887,0.0476738049630549,686,It cost me alot of money for these metals you see.
2921,2644,3,5,63,71,1.1549295774647887,0.055476307136456515,686,That's for being at a Target in the line of fire sale.
2976,2644,2,7,62,71,1.1549295774647887,0.05172239521306923,686,1.99/lb for Organic Apples! I'd brag about that deal too!
3050,2644,1,9,61,71,1.1549295774647887,0.0476738049630549,686,That is my military ledger.
3075,2644,0,11,60,71,1.1549295774647887,0.04324785766640781,686,It's my Walmart Black Friday battle ribbon and gift receipt.
3087,2644,2,7,62,71,1.1549295774647887,0.05172239521306923,686,"That medal, Madam, was for the 2019 Battle of the Paper Pushers!"
3114,2644,2,7,62,71,1.1549295774647887,0.05172239521306923,686,"I’m good at this, you are a cash register."
2868,2644,2,7,62,71,1.1549295774647887,0.05172239521306923,686,"Oh my, you've saved so much with your courageous couponing"
3129,2644,3,5,63,71,1.1549295774647887,0.055476307136456515,686,My wife insists that I wear the grocery list so I won't forget anything.
3157,2644,1,9,61,71,1.1549295774647887,0.0476738049630549,686,My military specialty is money.
3202,2644,2,7,62,71,1.1549295774647887,0.05172239521306923,686,I need a price check on this war
3208,2644,1,9,61,71,1.1549295774647887,0.0476738049630549,686,"That's the Black Friday Award, given annually to
the best shopper at our PX"
3212,2644,1,9,61,71,1.1549295774647887,0.0476738049630549,686,Oh that. The GSA is auditing the Pentagon again.
3249,2644,2,7,62,71,1.1549295774647887,0.05172239521306923,686,They also made me shop at Home Depot..
3269,2644,3,5,63,71,1.1549295774647887,0.055476307136456515,686,"No, it doesn't mean I'm about to be cashiered . . .Quite the contrary . .."
3296,2644,0,11,60,71,1.1549295774647887,0.04324785766640781,686,"No, it’s my wife’s grocery list!!"
3329,2644,2,7,62,71,1.1549295774647887,0.05172239521306923,686,It helps me remember all the illegal lobbying efforts I’m being paid for.
3137,2644,2,7,62,71,1.1549295774647887,0.05172239521306923,686,The rest are pending Senate confirmation
1698,2644,0,11,60,71,1.1549295774647887,0.04324785766640781,686,"So, how long did you serve in Walgreens?"
2117,2644,1,9,61,71,1.1549295774647887,0.0476738049630549,686,"This works like ""Me Too"" in the Military, it empowers Me and rewards Too."
1656,2644,1,9,61,71,1.1549295774647887,0.0476738049630549,686,We call it the enlistment ribbon.
518,2644,1,9,61,71,1.1549295774647887,0.0476738049630549,686,... and those are my war crimes the President has defended on Twitter.
532,2644,2,7,62,71,1.1549295774647887,0.05172239521306923,686,"Your register tape says the Bronze Star is $5.99, but the label on the shelf said it's on sale for $3.49. I'd go to customer service to get a refund of the difference if I were you."
589,2644,1,9,61,71,1.1549295774647887,0.0476738049630549,686,Costco closes at 6 today
603,2644,2,7,62,71,1.1549295774647887,0.05172239521306923,686,We wear it on our chests these days.
604,2644,2,7,62,71,1.1549295774647887,0.05172239521306923,686,So your second Purple Heart was 20% off?
607,2644,2,7,62,71,1.1549295774647887,0.05172239521306923,686,I like to give credit where credit is due.
660,2644,2,7,62,71,1.1549295774647887,0.05172239521306923,686,You were awarded the congressional medal of accounting
493,2644,2,7,62,71,1.1549295774647887,0.05172239521306923,686,"No, it's for a battleship."
680,2644,2,7,62,71,1.1549295774647887,0.05172239521306923,686,It's a quick synopsis of my life.
754,2644,1,9,61,71,1.1549295774647887,0.0476738049630549,686,That one’s for my tour of duty shopping with my wife at our discount warehouse club.
840,2644,2,7,62,71,1.1549295774647887,0.05172239521306923,686,"Well let’s see, there’s the Medal of Honor, the Distinguished Service Medal,  and using coupons I saved $11.50 on groceries this week."
852,2644,1,9,61,71,1.1549295774647887,0.0476738049630549,686,I've been a good boy this year.
855,2644,3,5,63,71,1.1549295774647887,0.055476307136456515,686,Read the transcript.
885,2644,2,7,62,71,1.1549295774647887,0.05172239521306923,686,It's true: I reenlisted.
912,2644,0,11,60,71,1.1549295774647887,0.04324785766640781,686,Oh! It's a medal for surviving my wife's 2018 holiday shopping list.
918,2644,3,5,63,71,1.1549295774647887,0.055476307136456515,686,"No m'am, it's not a receipt from Bergdorf Goodman, it's an etcetera from the top guys."
713,2644,2,7,62,71,1.1549295774647887,0.05172239521306923,686,It's from my ticker tape parade.
464,2644,4,3,64,71,1.1549295774647887,0.05899182265721229,686,It's from the Battle of CVS in the War on Drugs.
383,2644,1,9,61,71,1.1549295774647887,0.0476738049630549,686,Which of these war stories would you like me to talk about?
368,2644,2,7,62,71,1.1549295774647887,0.05172239521306923,686,It's my receipt...Did you think I actually earned these!
1690,2644,1,9,61,71,1.1549295774647887,0.0476738049630549,686,And I received that one after being injured on Black Friday
10,2644,1,9,61,71,1.1549295774647887,0.0476738049630549,686,It's my wife's honey do list.
45,2644,3,5,63,71,1.1549295774647887,0.055476307136456515,686,I didn’t email. I fax tit.
50,2644,2,7,62,71,1.1549295774647887,0.05172239521306923,686,My wife presented it; she calls it “The Order of The Purple Shopping List.”
54,2644,1,9,61,71,1.1549295774647887,0.0476738049630549,686,It's the receipt from the dry cleaners.
70,2644,1,9,61,71,1.1549295774647887,0.0476738049630549,686,It's a printout of all the time I've wasted at these ridiculous parties.
99,2644,3,5,63,71,1.1549295774647887,0.055476307136456515,686,Thank you for thanking me for my service. Here’s a receipt.
122,2644,3,5,63,71,1.1549295774647887,0.055476307136456515,686,My darn ticker tape is acting up again.
124,2644,1,9,61,71,1.1549295774647887,0.0476738049630549,686,It's called transparency in military spending.
161,2644,1,9,61,71,1.1549295774647887,0.0476738049630549,686,"Oh, I see you're an accountant!"
199,2644,4,3,64,71,1.1549295774647887,0.05899182265721229,686,Did you get ExtraBucks with that?
201,2644,1,9,61,71,1.1549295774647887,0.0476738049630549,686,My successful skirmishes.
223,2644,0,11,60,71,1.1549295774647887,0.04324785766640781,686,I've got a coupon for that.
253,2644,3,5,63,71,1.1549295774647887,0.055476307136456515,686,And this printout is last year's nuclear codes.
301,2644,1,9,61,71,1.1549295774647887,0.0476738049630549,686,It’s for passing an accounting class .
315,2644,2,7,62,71,1.1549295774647887,0.05172239521306923,686,Ignore the fine print.
361,2644,3,5,63,71,1.1549295774647887,0.055476307136456515,686,"Yes, I worked hard to earn this position through these extensive campaign contributions"
937,2644,3,5,63,71,1.1549295774647887,0.055476307136456515,686,And that one’s for bravery in a CVS greeting card aisle on Valentine’s Day.
965,2644,1,9,61,71,1.1549295774647887,0.0476738049630549,686,Your grocery list  ?
511,2644,1,9,61,71,1.1549295774647887,0.0476738049630549,686,"Contributions to my GoFundMe page just in case
my attorney is not acquainted with or related to people 
with prestige or influence."
992,2644,2,7,62,71,1.1549295774647887,0.05172239521306923,686,"Veterans Day Sale, 1993. No scented candle was left behind."
1386,2644,1,9,61,71,1.1549295774647887,0.0476738049630549,686,... for the Battle of Black Friday”
1394,2644,1,9,61,71,1.1549295774647887,0.0476738049630549,686,No tip mecessary.
1397,2644,2,7,62,71,1.1549295774647887,0.05172239521306923,686,"In this administration, I am what's known as an acting 
Secretary of Defense."
1415,2644,2,7,62,71,1.1549295774647887,0.05172239521306923,686,Ohh a bargain
1449,2644,2,7,62,71,1.1549295774647887,0.05172239521306923,686,Yes this is the list of all they have been fired. I Can’t keep up.
1468,2644,2,7,62,71,1.1549295774647887,0.05172239521306923,686,It’s from the Great Battle of CVS Pharmacy
1490,2644,2,7,62,71,1.1549295774647887,0.05172239521306923,686,Not even stripes come free these days!
1375,2644,2,7,62,71,1.1549295774647887,0.05172239521306923,686,Is that the new portable printer just released by Lapel Print inc. ?
1493,2644,2,7,62,71,1.1549295774647887,0.05172239521306923,686,Have you always been in charge?”
1541,2644,3,5,63,71,1.1549295774647887,0.055476307136456515,686,It's the ribbon of human cost.
1565,2644,1,9,61,71,1.1549295774647887,0.0476738049630549,686,Wait. I didn't order that.
1599,2644,2,7,62,71,1.1549295774647887,0.05172239521306923,686,That one's for saving sixty percent at Kohl's.
1608,2644,3,5,63,71,1.1549295774647887,0.055476307136456515,686,"This is my wife's shopping list.""  Michael Sivak, Ann Arbor, M"
980,2644,1,9,61,71,1.1549295774647887,0.0476738049630549,686,"If I didn’t know better, I would have thought it was a shopping list."
1637,2644,2,7,62,71,1.1549295774647887,0.05172239521306923,686,It's for expenditures on the field of battle.
1653,2644,2,7,62,71,1.1549295774647887,0.05172239521306923,686,Our budgeting for military escorts is a lot more transparent these days.
1504,2644,3,5,63,71,1.1549295774647887,0.055476307136456515,686,It's the President's shopping list for the War in Iraq
1358,2644,2,7,62,71,1.1549295774647887,0.05172239521306923,686,They're my talking points from the White House.
1615,2644,2,7,62,71,1.1549295774647887,0.05172239521306923,686,"Oddly enough, the Navy expects reimbursement for the Silver Star."
1045,2644,3,5,63,71,1.1549295774647887,0.055476307136456515,686,And that one's for employee of the month.
1052,2644,2,7,62,71,1.1549295774647887,0.05172239521306923,686,The Quartermaster General demands receipts for the $3000 screwdrivers.
1134,2644,2,7,62,71,1.1549295774647887,0.05172239521306923,686,"The battle zones do differ, but the awards are the same."
1180,2644,2,7,62,71,1.1549295774647887,0.05172239521306923,686,Too much red tape if you ask me.
1192,2644,3,5,63,71,1.1549295774647887,0.055476307136456515,686,"Would you like to come upstairs and read my medals?
I've got a magnifying bed."
997,2644,2,7,62,71,1.1549295774647887,0.05172239521306923,686,We lost a lot of good hammers in that audit.
1202,2644,1,9,61,71,1.1549295774647887,0.0476738049630549,686,"It's designed to be endless, of course."
1208,2644,1,9,61,71,1.1549295774647887,0.0476738049630549,686,"Select a year and it prints a list of honors, awards,  promotions etc., etc."
1214,2644,1,9,61,71,1.1549295774647887,0.0476738049630549,686,You can add 20% for gratuity.
1197,2644,3,5,63,71,1.1549295774647887,0.055476307136456515,686,It gives you my polling numbers in the swing states.
1354,2644,0,11,60,71,1.1549295774647887,0.04324785766640781,686,The PTSD treatment has a very high co-pay
1247,2644,3,5,63,71,1.1549295774647887,0.055476307136456515,686,Its your Bar Bill...
1261,2644,3,5,63,71,1.1549295774647887,0.055476307136456515,686,It's for valor and bravery in a CVS Pharmacy.
1272,2644,1,9,61,71,1.1549295774647887,0.0476738049630549,686,Care to submit the survey?
1279,2644,2,7,62,71,1.1549295774647887,0.05172239521306923,686,Petraeus's mooching off me again.
1306,2644,3,5,63,71,1.1549295774647887,0.055476307136456515,686,What you're ;looking at is the receipt for getting my face set into a permanent General's scowl.
1350,2644,3,5,63,71,1.1549295774647887,0.055476307136456515,686,"Yes, I do shop at CVS. Why do you ask?"
1239,2644,3,5,63,71,1.1549295774647887,0.055476307136456515,686,Yes! They are citations for tweets.
4044,2808,1,9,63,73,1.1506849315068493,0.0464543149529128,686,"....if Iran does not comply, we may have a military conflict on our hands."
3733,2808,1,9,63,73,1.1506849315068493,0.0464543149529128,686,CVS?
1952,2808,2,7,64,73,1.1506849315068493,0.050383736280168755,686,It's a list of all the different times I tried to get into the army.
1834,2811,3,9,89,101,1.1485148514851484,0.04311196248926188,686,It's the fitty men I killed.
2343,2812,2,6,60,68,1.1470588235294117,0.052441304127157654,686,"Bought whole getup from his widow, see receipt?"
2367,2812,1,8,59,68,1.1470588235294117,0.04807399313332187,686,"No, ma'am, I'm not in the armed forces. I'm the Postmaster General. We do have our own medals, but even those come with absurdly long receipts."
2586,2812,1,8,59,68,1.1470588235294117,0.04807399313332187,686,All this for buying just one item at CVS
2810,2812,2,6,60,68,1.1470588235294117,0.052441304127157654,686,It's field toilet paper.
2437,2812,1,8,59,68,1.1470588235294117,0.04807399313332187,686,"Excuse me sir, did you fart ? It smelks like fachism In here."
2528,2812,2,6,60,68,1.1470588235294117,0.052441304127157654,686,"You seem to like my ribbons, however, the print out shows my actual wealth"""
4058,2812,1,8,59,68,1.1470588235294117,0.04807399313332187,686,I'd clip the 'two nukes for the price of one' coupon.
2310,2812,1,8,59,68,1.1470588235294117,0.04807399313332187,686,It’s a list of my confirmed kills - keeps me humble.
2300,2812,2,6,60,68,1.1470588235294117,0.052441304127157654,686,"Oh I’m so embarrassed that my ATM receipt is out there like that. Yeah, Generals can make a lot in endorsements, residuals, bribes... I mean... Never mind that. Speaking of ATM, you Greek by chance?"
2268,2812,2,6,60,68,1.1470588235294117,0.052441304127157654,686,It's the Christmas list I made while I was in captivity.
2236,2812,3,4,61,68,1.1470588235294117,0.05647186858367098,686,They promised me a ticker-tape parade.  This is the bill.
2898,2812,1,8,59,68,1.1470588235294117,0.04807399313332187,686,I got it at the Battle of the Duane Reade Checkout.
2235,2812,1,8,59,68,1.1470588235294117,0.04807399313332187,686,Disclaimers!
2162,2812,1,8,59,68,1.1470588235294117,0.04807399313332187,686,It’s the receipt for what I paid for these medals...plus I’m being given an ambassadorship for a lousy million dollars.
2334,2812,2,6,60,68,1.1470588235294117,0.052441304127157654,686,"Your ""stern facial expression"" class cost a small fortune, but it was worth it."
3009,2812,2,6,60,68,1.1470588235294117,0.052441304127157654,686,"At least I got to travel the world"""
3753,2812,2,6,60,68,1.1470588235294117,0.052441304127157654,686,That one is for invading CVS headquarters
3077,2812,0,10,58,68,1.1470588235294117,0.04326808584867506,686,"It's Lt. Colonel to you, not Mister. And, yes, that's my Honey Do list from The Three Amigos."
2115,2812,3,4,61,68,1.1470588235294117,0.05647186858367098,686,Campaign finance rules are getting ridiculous!
3992,2812,0,10,58,68,1.1470588235294117,0.04326808584867506,686,It's just a shopping list.  I need to stop at the market on the way home.
3911,2812,3,4,61,68,1.1470588235294117,0.05647186858367098,686,"And most of all, I saved money."
3892,2812,0,10,58,68,1.1470588235294117,0.04326808584867506,686,I can also shop for groceries.
3869,2812,1,8,59,68,1.1470588235294117,0.04807399313332187,686,"BeBe beeeep beeep beep errrrr beeep"""
3782,2812,1,8,59,68,1.1470588235294117,0.04807399313332187,686,Thank you ma'am for your fundraiser donation. Please take your receipt.
3047,2812,2,6,60,68,1.1470588235294117,0.052441304127157654,686,You spent $4.99 on Captain Crunch?
3622,2812,2,6,60,68,1.1470588235294117,0.052441304127157654,686,Proof that my rack is better.
3424,2812,2,6,60,68,1.1470588235294117,0.052441304127157654,686,"No, I do not want a free wash and wax."
3299,2812,1,8,59,68,1.1470588235294117,0.04807399313332187,686,"Yes, it's a shopping list. And I declare war on anyone who laughs."
3214,2812,2,6,60,68,1.1470588235294117,0.052441304127157654,686,For Certified Valuable Service it's my CVS and it's loaded with coupons.
3156,2812,2,6,60,68,1.1470588235294117,0.052441304127157654,686,"Yes, my uniform speaks for itself!"
3151,2812,3,4,61,68,1.1470588235294117,0.05647186858367098,686,And that ribbon is for standing in line at Target on Black Friday.
3094,2812,1,8,59,68,1.1470588235294117,0.04807399313332187,686,So your medals earned you a ticker-tape . . . parade?
3450,2812,1,8,59,68,1.1470588235294117,0.04807399313332187,686,"No, it's not toilet paper."
2088,2812,0,10,58,68,1.1470588235294117,0.04326808584867506,686,"No, it's not an award.  It's a receipt from CVS."
3501,2812,1,8,59,68,1.1470588235294117,0.04807399313332187,686,Your mini printer is spewing garbage
2060,2812,2,6,60,68,1.1470588235294117,0.052441304127157654,686,"The name, ma'am, is Major General Duane Reade."
2069,2812,1,8,59,68,1.1470588235294117,0.04807399313332187,686,Oh that one’s for the liberation of CVS - it starts at my left ankle.
98,2812,1,8,59,68,1.1470588235294117,0.04807399313332187,686,That’s the receipt of valor for meritorious service at Trader Joe’s.
111,2812,1,8,59,68,1.1470588235294117,0.04807399313332187,686,And I’ll need to give you a raincheck on  at least one of my oak clusters.
123,2812,2,6,60,68,1.1470588235294117,0.052441304127157654,686,This is just the abridged version of my achievements.
158,2812,0,10,58,68,1.1470588235294117,0.04326808584867506,686,"Yes ma’am, that’s correct—Colonel Small Plates."
405,2812,0,10,58,68,1.1470588235294117,0.04326808584867506,686,My dry cleaners reminding me that I haven't paid my tab.
413,2812,0,10,58,68,1.1470588235294117,0.04326808584867506,686,"Well, at least you kept the receipt"
466,2812,2,6,60,68,1.1470588235294117,0.052441304127157654,686,"When in uniform, we’re required to post the fraternization policy."
476,2812,3,4,61,68,1.1470588235294117,0.05647186858367098,686,You can hit the cancel button anytime
548,2812,2,6,60,68,1.1470588235294117,0.052441304127157654,686,These are my medals of discretion.
564,2812,1,8,59,68,1.1470588235294117,0.04807399313332187,686,That's for heroism in the produce section at the Battle of Safeway.
845,2812,0,10,58,68,1.1470588235294117,0.04326808584867506,686,"Yes, I did spend a few years in the Finance and Accounting Service as well."
870,2812,2,6,60,68,1.1470588235294117,0.052441304127157654,686,I just got tired of reminding everyone that not only have I witnessed criminal misconduct
891,2812,1,8,59,68,1.1470588235294117,0.04807399313332187,686,Oh that long one is just a Rite Aid receipt
595,2812,0,10,58,68,1.1470588235294117,0.04326808584867506,686,"Military-industrial complex, my foot!"
1032,2812,0,10,58,68,1.1470588235294117,0.04326808584867506,686,"Maybe it's the wine, but is that a Pizza Hut receipt?"
2037,2812,0,10,58,68,1.1470588235294117,0.04326808584867506,686,We've decided it is wise to keep track of all the times the President tweets nice things about us.
1831,2812,1,8,59,68,1.1470588235294117,0.04807399313332187,686,I'm the brass in charge of Details
1701,2812,2,6,60,68,1.1470588235294117,0.052441304127157654,686,"Well, Madame Ambassador, these days it's essential to offer transparent pricing."
1650,2812,0,10,58,68,1.1470588235294117,0.04326808584867506,686,"I 'm more of a ""specific."""
1030,2812,2,6,60,68,1.1470588235294117,0.052441304127157654,686,I’m fully decorated and you can take me home for cost.
1543,2812,2,6,60,68,1.1470588235294117,0.052441304127157654,686,"No, service is NOT included."
1542,2812,0,10,58,68,1.1470588235294117,0.04326808584867506,686,"If you have troubles understanding the acronyms, just read the .txt"
1621,2812,1,8,59,68,1.1470588235294117,0.04807399313332187,686,I've got coupons too.
1520,2812,0,10,58,68,1.1470588235294117,0.04326808584867506,686,They never include gratuity
1483,2812,0,10,58,68,1.1470588235294117,0.04326808584867506,686,I also was decorated as the Retail Clerk Captain at the PX.
1400,2812,1,8,59,68,1.1470588235294117,0.04807399313332187,686,It's nice that CVS is recognizing your service!
1351,2812,1,8,59,68,1.1470588235294117,0.04807399313332187,686,It's the CVS award.
1187,2812,2,6,60,68,1.1470588235294117,0.052441304127157654,686,"If you need a transfer to the Bronx, just let me know."
1083,2812,1,8,59,68,1.1470588235294117,0.04807399313332187,686,I tore the price tag off my cocktail dress before I put it on!
2681,2878,0,10,59,69,1.144927536231884,0.04268963668731212,686,It's for bravery in the face of filing an expense report.
2226,2878,1,8,60,69,1.144927536231884,0.04742006474057418,686,Hmm..... Wouldn’t a few notches in your belt suffice?
2356,2878,2,6,61,69,1.144927536231884,0.05171962876419153,686,It's a receipt for the dinner. Thanks to this clown in office accountability is at an all time high.
2439,2878,2,6,61,69,1.144927536231884,0.05171962876419153,686,You have no idea what the financial cost of service is...so take a look
2574,2878,1,8,60,69,1.144927536231884,0.04742006474057418,686,I know it looks bad. They ran out of pins so they started writing my accomplishments on a receipt.
2610,2878,1,8,60,69,1.144927536231884,0.04742006474057418,686,My administrative accomplishments are alphabetized here.
2190,2878,1,8,60,69,1.144927536231884,0.04742006474057418,686,That one is for 15% off my next purchase.
2768,2878,0,10,59,69,1.144927536231884,0.04268963668731212,686,I earned this medal serving CVS on Black Friday.
4041,2878,2,6,61,69,1.144927536231884,0.05171962876419153,686,That's some salad.
3010,2878,1,8,60,69,1.144927536231884,0.04742006474057418,686,It says here that you served two tours...in a CVS?
3074,2878,1,8,60,69,1.144927536231884,0.04742006474057418,686,I'm 'double dipping' at the Consumer Protection Agency
3135,2878,3,4,62,69,1.144927536231884,0.055688216518499936,686,Thank you.  It’s actually longer than Wallgreen’s.
3274,2878,2,6,61,69,1.144927536231884,0.05171962876419153,686,I was awarded that one for shopping at CVS.
3282,2878,1,8,60,69,1.144927536231884,0.04742006474057418,686,"That one's for damaged goods, it adds up to folly."
3458,2878,3,4,62,69,1.144927536231884,0.055688216518499936,686,Just call me Your Illustriousness for short.
3850,2878,2,6,61,69,1.144927536231884,0.05171962876419153,686,It just seems like CVS should have this figured out by now.
2086,2878,0,10,59,69,1.144927536231884,0.04268963668731212,686,I'm going to return this one
2842,2878,1,8,60,69,1.144927536231884,0.04742006474057418,686,My dry cleaner is taking me  to the cleaners!
2075,2878,1,8,60,69,1.144927536231884,0.04742006474057418,686,"Yes, I bought impossible meet, why do you ask?"
1138,2878,3,4,62,69,1.144927536231884,0.055688216518499936,686,"To thank me for my service, call the number under the coupons."
1965,2878,0,10,59,69,1.144927536231884,0.04268963668731212,686,"They're a list of jokes, Ma'am. I'm generally not a funny guy."
1979,2878,1,8,60,69,1.144927536231884,0.04742006474057418,686,I always put my grocery list under my Fruit Salad.
166,2878,2,6,61,69,1.144927536231884,0.05171962876419153,686,I’m afraid I can’t afford your services.
500,2878,1,8,60,69,1.144927536231884,0.04742006474057418,686,I could only answer those inane 'What was this one for?' questions so many times.
1000,2878,1,8,60,69,1.144927536231884,0.04742006474057418,686,That’s for police actions
1002,2878,3,4,62,69,1.144927536231884,0.055688216518499936,686,I see the Commander-in-Chief approves of your ribbons.
1069,2878,1,8,60,69,1.144927536231884,0.04742006474057418,686,Oh that ... yes Def Leppard was my first concert.
516,2878,4,2,63,69,1.144927536231884,0.05939221260836197,686,That’s a major shopping list.
1384,2878,1,8,60,69,1.144927536231884,0.04742006474057418,686,"Two more sips, sir. Your dignity is at the bottom of the glass."
1440,2878,1,8,60,69,1.144927536231884,0.04742006474057418,686,Frankly I’ve had enough of those who claim to pay it forward.
1762,2878,0,10,59,69,1.144927536231884,0.04268963668731212,686,I am not much of a talker and it was getting a bit much explaining them all.  Yet like to impress so typed it all up!
1841,2878,2,6,61,69,1.144927536231884,0.05171962876419153,686,The Army’s new way of keeping tabs.
1855,2878,2,6,61,69,1.144927536231884,0.05171962876419153,686,Its a price tag.
1181,2878,2,6,61,69,1.144927536231884,0.05171962876419153,686,I got that one at Trader Joe's.
3479,2912,2,6,63,71,1.1408450704225352,0.05033399372892188,686,"That one is from Wal-Mart's Black Friday, Topeka 2017."
2597,2913,1,7,57,65,1.1384615384615384,0.04842183966159297,686,It's for distinction and valor in defense of a CVS.
1295,2913,0,9,56,65,1.1384615384615384,0.043172969847391635,686,It's a printout of my stays at Trump's Turnberry Resort.
1664,2913,1,7,57,65,1.1384615384615384,0.04842183966159297,686,"Yeah, that one is from The Battle of CVS."
1715,2913,1,7,57,65,1.1384615384615384,0.04842183966159297,686,I didn’t know the military took over CVS.
1932,2913,2,5,58,65,1.1384615384615384,0.053154903696481744,686,An administration disclaimer comes with all recent service ribbons.
2011,2913,2,5,58,65,1.1384615384615384,0.053154903696481744,686,Instead of a tip I gave them four stars.
2370,2913,0,9,56,65,1.1384615384615384,0.043172969847391635,686,My last tour was in CVS.
2602,2913,2,5,58,65,1.1384615384615384,0.053154903696481744,686,The Navy might take that one back.
3741,2913,1,7,57,65,1.1384615384615384,0.04842183966159297,686,It’s a list of where I got my ticket punched.
2743,2913,2,5,58,65,1.1384615384615384,0.053154903696481744,686,"The more they add, the less I have to do."
2946,2913,2,5,58,65,1.1384615384615384,0.053154903696481744,686,"It's my ""honey don't"" list. Are you on it?"
3278,2913,1,7,57,65,1.1384615384615384,0.04842183966159297,686,"Yeah, I keep a running tab of what each of these awards cost me at the P.X."
3924,2913,0,9,56,65,1.1384615384615384,0.043172969847391635,686,"Honey, this ATM machine won't give me back my card."
3811,2913,2,5,58,65,1.1384615384615384,0.053154903696481744,686,Executive summary. The detailed budget and spending estimates are only available online.
3781,2913,1,7,57,65,1.1384615384615384,0.04842183966159297,686,Accountability clarifies freedom.
3597,2913,0,9,56,65,1.1384615384615384,0.043172969847391635,686,Voucher medals are also more environmentally friendly.
3432,2913,1,7,57,65,1.1384615384615384,0.04842183966159297,686,Taking the tweets to heart
2626,2913,1,7,57,65,1.1384615384615384,0.04842183966159297,686,"Yes, it was won it battle...with Costco"
1166,2913,2,5,58,65,1.1384615384615384,0.053154903696481744,686,"I’m in uniform, you are supposed to salute."
1289,2913,2,5,58,65,1.1384615384615384,0.053154903696481744,686,"Oh, that. These days, just one tweet and I could sh*t my pants."
924,2913,1,7,57,65,1.1384615384615384,0.04842183966159297,686,"No more medals, Madam. It’s the Presidential Ribbon of Distinguished Service."
57,2913,2,5,58,65,1.1384615384615384,0.053154903696481744,686,"I think you should consider leaving your
third grade report card off of your uniform."
206,2913,2,5,58,65,1.1384615384615384,0.053154903696481744,686,This one's for Distinguished Real Life Shopping in an Online World.
233,2913,3,3,59,65,1.1384615384615384,0.05749967841433098,686,"Admiral said to get it dry cleaned, so I said - Yes, sir."
290,2913,1,7,57,65,1.1384615384615384,0.04842183966159297,686,I prefer William if you don't mind.
302,2913,1,7,57,65,1.1384615384615384,0.04842183966159297,686,"Oh, that one’s for being a 
sharp shopper"
26,2913,2,5,58,65,1.1384615384615384,0.053154903696481744,686,"I don’t like to brag - -  So that’s a pulldown
Menu of my Medals"
588,2913,0,9,56,65,1.1384615384615384,0.043172969847391635,686,"If we discount perfectionism and working too hard, my need to display an exhaustive list of my strengths is my greatest weakness."
457,2913,2,5,58,65,1.1384615384615384,0.053154903696481744,686,"No, it's not a cash register receipt."
723,2913,0,9,56,65,1.1384615384615384,0.043172969847391635,686,It’s a certificate of authenticity
955,2913,3,3,59,65,1.1384615384615384,0.05749967841433098,686,"It’s just a convenient place to keep the launch codes, especially after a few drinks."
668,2913,3,3,59,65,1.1384615384615384,0.05749967841433098,686,Battle of Wallgreens
1892,2945,2,6,65,73,1.1369863013698631,0.049020343729643576,686,Bragging about your Walmart purchases isn't going to get you laid.
2897,2946,1,7,58,66,1.1363636363636365,0.04772866020849245,686,I got this medal for grocery shopping. It prints a list.
861,2946,2,5,59,66,1.1363636363636365,0.052385355506078195,686,Smaller real-time citations ma’am.  See there’s another for being polite.
872,2946,1,7,58,66,1.1363636363636365,0.04772866020849245,686,It's my list of grievances with the executive branch.
1657,2946,2,5,59,66,1.1363636363636365,0.052385355506078195,686,"Oh no! Honey, you forgot to do the groceries?!"
2385,2946,2,5,59,66,1.1363636363636365,0.052385355506078195,686,"If you can't read them all, just scan the QR code at the bottom."
1638,2951,1,8,67,76,1.131578947368421,0.043294605892116034,686,I find it hard to keep track of my CVS receipts.
2480,2952,1,6,55,62,1.1290322580645162,0.048694598441382554,686,Oh that one's for doing hazardous Duty in the Pentagon washroom
2525,2952,1,6,55,62,1.1290322580645162,0.048694598441382554,686,"Sorry, I'm out of change."
2605,2952,0,8,54,62,1.1290322580645162,0.042922525410265526,686,For Black Friday bravery at CVS.
2623,2952,1,6,55,62,1.1290322580645162,0.048694598441382554,686,And the cleaners still didn’t give me the veteran’s discount
2643,2952,2,4,56,62,1.1290322580645162,0.053851505523430855,686,"Hi Jack, Donna told me she spent some time with you at last years reunion and that your latest achievement is becoming a pharmacist... We all know that Duane Reade has the longest receipts, but you’ve still got a small one..."
2504,2952,1,6,55,62,1.1290322580645162,0.048694598441382554,686,I served in CVS.
2706,2952,3,2,57,62,1.1290322580645162,0.05855600205711376,686,Just to prove the taxpayers are getting their money's worth!
2705,2952,1,6,55,62,1.1290322580645162,0.048694598441382554,686,I earned most of them at CVS
2431,2952,1,6,55,62,1.1290322580645162,0.048694598441382554,686,Because no one believes how much I saved at Trader Yusuf's.
2744,2952,2,4,56,62,1.1290322580645162,0.053851505523430855,686,"Some women are impressed by the medals, others are impressed by the receipt showing what I spent on dinner with my last date."
2764,2952,1,6,55,62,1.1290322580645162,0.048694598441382554,686,Those are for the honors received on the alternative path.
2786,2952,1,6,55,62,1.1290322580645162,0.048694598441382554,686,IOUs.
4049,2952,0,8,54,62,1.1290322580645162,0.042922525410265526,686,I got this one for saving over 60% at Safeway.
2669,2952,2,4,56,62,1.1290322580645162,0.053851505523430855,686,This one? This is for holding the line at CVS.
2419,2952,1,6,55,62,1.1290322580645162,0.048694598441382554,686,That's for when I escaped a CVC
2147,2952,0,8,54,62,1.1290322580645162,0.042922525410265526,686,And that one I got after shopping at CVS.
2372,2952,0,8,54,62,1.1290322580645162,0.042922525410265526,686,A Purple Heart along with red tape seems very impressive.
1934,2952,1,6,55,62,1.1290322580645162,0.048694598441382554,686,I got this one for outstanding valor in the line of CVS
1969,2952,1,6,55,62,1.1290322580645162,0.048694598441382554,686,You're really a Gold Medal-list! Cheers!
1991,2952,1,6,55,62,1.1290322580645162,0.048694598441382554,686,"Distinguished Service, Ma'am, Battle of Costco."""
2024,2952,1,6,55,62,1.1290322580645162,0.048694598441382554,686,That's actually  my wife's grocery shopping list.
2025,2952,0,8,54,62,1.1290322580645162,0.042922525410265526,686,"thanks for your service"" doesn't cut it"
2137,2952,0,8,54,62,1.1290322580645162,0.042922525410265526,686,"Nothing much, really. So, when they ran out of medals, they just attached this list of the other stuff."""
2384,2952,2,4,56,62,1.1290322580645162,0.053851505523430855,686,Paper or plastic?
2143,2952,2,4,56,62,1.1290322580645162,0.053851505523430855,686,You could have done a lot better on the missiles with a rewards card.
2207,2952,0,8,54,62,1.1290322580645162,0.042922525410265526,686,It’s my wife’s shopping list
2225,2952,2,4,56,62,1.1290322580645162,0.053851505523430855,686,And that’s the bill for my last campaign.
2254,2952,2,4,56,62,1.1290322580645162,0.053851505523430855,686,"No, that one is not from 
The Battle of CVS!"
2309,2952,1,6,55,62,1.1290322580645162,0.048694598441382554,686,That's for the opening of the CVS on base.
2330,2952,1,6,55,62,1.1290322580645162,0.048694598441382554,686,I see that your wife added Love and Peace on the planet to her shopping list
2333,2952,2,4,56,62,1.1290322580645162,0.053851505523430855,686,I love these India ink cocktails.
2920,2952,1,6,55,62,1.1290322580645162,0.048694598441382554,686,"So, do you want to be on the ticket?"
2930,2952,1,6,55,62,1.1290322580645162,0.048694598441382554,686,That one was awarded by CVS.
3179,2952,1,6,55,62,1.1290322580645162,0.048694598441382554,686,"Oh, that's your grocery receipt!"
2964,2952,2,4,56,62,1.1290322580645162,0.053851505523430855,686,That one's for my service at TGI Fridays.
3900,2952,1,6,55,62,1.1290322580645162,0.048694598441382554,686,It was awarded for meritorious service while shopping at CVS.
3907,2952,1,6,55,62,1.1290322580645162,0.048694598441382554,686,I'm also the general manager.
3976,2952,0,8,54,62,1.1290322580645162,0.042922525410265526,686,"This one?  Oh, it's just a damned CVS receipt."
4023,2952,1,6,55,62,1.1290322580645162,0.048694598441382554,686,Its a gift receipt for the war. I’d rather not know what it cost.
1897,2952,1,6,55,62,1.1290322580645162,0.048694598441382554,686,How did you know I just went to CVS?
3998,2952,0,8,54,62,1.1290322580645162,0.042922525410265526,686,And that one was for Operation Costco.
3845,2952,1,6,55,62,1.1290322580645162,0.048694598441382554,686,My adjutant is absent-minded.
3827,2952,1,6,55,62,1.1290322580645162,0.048694598441382554,686,This award brought to you by CVS.
3734,2952,0,8,54,62,1.1290322580645162,0.042922525410265526,686,The president want me as new Secretary of the Navy.  I only have to take off  SR part on my insignia and it say US.
3691,2952,2,4,56,62,1.1290322580645162,0.053851505523430855,686,"No, this didn’t come from CVS."
3568,2952,1,6,55,62,1.1290322580645162,0.048694598441382554,686,I find a legend explaining the decorations cuts down on unnecessary small talk.
3566,2952,2,4,56,62,1.1290322580645162,0.053851505523430855,686,It reminds me to wipe.
3555,2952,2,4,56,62,1.1290322580645162,0.053851505523430855,686,"The Army copied the drugstores, it’s a new medal with coupons for future battles."
3548,2952,2,4,56,62,1.1290322580645162,0.053851505523430855,686,...and I was CVS Employee of the Month.
3494,2952,2,4,56,62,1.1290322580645162,0.053851505523430855,686,I fought in The Great Battle of CVS.
3445,2952,0,8,54,62,1.1290322580645162,0.042922525410265526,686,That one is for the time I spent in Rite Aid
3354,2952,2,4,56,62,1.1290322580645162,0.053851505523430855,686,My fruit cocktail comes with translations
2980,2952,0,8,54,62,1.1290322580645162,0.042922525410265526,686,It’s a print out of what each medal means.
3001,2952,1,6,55,62,1.1290322580645162,0.048694598441382554,686,"Well, those are medals for military campaigns, and that is a list of political campaigns I am available for."
3025,2952,1,6,55,62,1.1290322580645162,0.048694598441382554,686,I received it for my role in the invasion of Hooters
3042,2952,1,6,55,62,1.1290322580645162,0.048694598441382554,686,It exposed the darkness in our hearts. That's why we call it Black Friday.
3122,2952,3,2,57,62,1.1290322580645162,0.05855600205711376,686,It states what each medal is for cause I have no idea.
3123,2952,0,8,54,62,1.1290322580645162,0.042922525410265526,686,"Ma'am, I'm not drinking on the job. I'm eavesdropping in on conversations that may prove to be a threat to our national security."
2942,2952,2,4,56,62,1.1290322580645162,0.053851505523430855,686,"oh

OH MY!
Don't you work for 
CVS
















 OH MY!!!

AREN'T YOU THE CEO OF CVS????"
3233,2952,1,6,55,62,1.1290322580645162,0.048694598441382554,686,I received that one for shopping at CVS.
3252,2952,1,6,55,62,1.1290322580645162,0.048694598441382554,686,I got that one last year for superior retail strategy under Black Friday conditions.
3283,2952,1,6,55,62,1.1290322580645162,0.048694598441382554,686,"So, your nickname is Chesty, too?"
3302,2952,2,4,56,62,1.1290322580645162,0.053851505523430855,686,I'm on the Board of Directors at CVS
3311,2952,1,6,55,62,1.1290322580645162,0.048694598441382554,686,"Before I joined the military,I worked for CVS."
3328,2952,1,6,55,62,1.1290322580645162,0.048694598441382554,686,"They're for filing Pentagon forms. Not as glamorous as bombing ISIS; but, I feel, just as important."
3341,2952,0,8,54,62,1.1290322580645162,0.042922525410265526,686,"Costs of wars, why do you ask, too obvious?"
3236,2952,1,6,55,62,1.1290322580645162,0.048694598441382554,686,"No, I bought that one at CVS."
1856,2952,1,6,55,62,1.1290322580645162,0.048694598441382554,686,"This receipt states that you've officially been hit on by a general."""
2820,2952,2,4,56,62,1.1290322580645162,0.053851505523430855,686,And this one I got during my last return from deployment at my local CVS
1810,2952,1,6,55,62,1.1290322580645162,0.048694598441382554,686,I picked up this Pinot  from CVS on the way here.
824,2952,1,6,55,62,1.1290322580645162,0.048694598441382554,686,Friggin Costco
769,2952,1,6,55,62,1.1290322580645162,0.048694598441382554,686,"General, is it classified information ?"
639,2952,1,6,55,62,1.1290322580645162,0.048694598441382554,686,It's the bill
626,2952,1,6,55,62,1.1290322580645162,0.048694598441382554,686,I commanded the CVS Arizona.
590,2952,1,6,55,62,1.1290322580645162,0.048694598441382554,686,"They came with a price, my Dear."
565,2952,0,8,54,62,1.1290322580645162,0.042922525410265526,686,It says that I like romantic dinners for two and historic battlefield reenactments.
556,2952,2,4,56,62,1.1290322580645162,0.053851505523430855,686,"No, it’s not a gift receipt; she still makes me do all the grocery shopping."
545,2952,1,6,55,62,1.1290322580645162,0.048694598441382554,686,The campaign to protect the Mall of America on Black Friday
496,2952,0,8,54,62,1.1290322580645162,0.042922525410265526,686,Where did I put my reading glasses...
491,2952,3,2,57,62,1.1290322580645162,0.05855600205711376,686,CVS receipts these days!
467,2952,2,4,56,62,1.1290322580645162,0.053851505523430855,686,If I were to say something that could be misconstrued to be inappropriate it would be item number 17.
445,2952,1,6,55,62,1.1290322580645162,0.048694598441382554,686,'It's a grocery list'
376,2952,1,6,55,62,1.1290322580645162,0.048694598441382554,686,That one is from Operation CVS.
360,2952,1,6,55,62,1.1290322580645162,0.048694598441382554,686,We give income from the ads on the back to Army charities.
274,2952,1,6,55,62,1.1290322580645162,0.048694598441382554,686,I'm pretty good at the transactional stuff.
242,2952,0,8,54,62,1.1290322580645162,0.042922525410265526,686,It's for Distinguished Service in a Duane Reade.
208,2952,0,8,54,62,1.1290322580645162,0.042922525410265526,686,"As you can, I'm not a complete sell out."
190,2952,1,6,55,62,1.1290322580645162,0.048694598441382554,686,It also lists my Webelo achievements in Cub Scouts.
173,2952,0,8,54,62,1.1290322580645162,0.042922525410265526,686,It's the donor list for a robotic arm.
135,2952,0,8,54,62,1.1290322580645162,0.042922525410265526,686,I didn't realize that Middle Eastern cuisine cost much.
108,2952,0,8,54,62,1.1290322580645162,0.042922525410265526,686,"Oh, that one's for getting all that stuff past the ""Express"" checkout."
95,2952,2,4,56,62,1.1290322580645162,0.053851505523430855,686,It just doesn't seem in balance with the left side.
91,2952,1,6,55,62,1.1290322580645162,0.048694598441382554,686,"What? You haven’t shopped at Costco? 
Or
Customer Award points. 
Or 
Good to show my humanity too."
77,2952,1,6,55,62,1.1290322580645162,0.048694598441382554,686,Do you cook ?
76,2952,2,4,56,62,1.1290322580645162,0.053851505523430855,686,"I'm just back from the love wars."" --Leo Sacks, Sunnyside, N"
1847,2952,1,6,55,62,1.1290322580645162,0.048694598441382554,686,A ticket where at?
40,2952,1,6,55,62,1.1290322580645162,0.048694598441382554,686,I’m recruiting for my bucket list.
36,2952,1,6,55,62,1.1290322580645162,0.048694598441382554,686,And this ribbon’s for my role in Operation Supermarket Garden.
8,2952,1,6,55,62,1.1290322580645162,0.048694598441382554,686,this one means...
856,2952,2,4,56,62,1.1290322580645162,0.053851505523430855,686,I notice you were also in the Walgreen’s campaign.
898,2952,1,6,55,62,1.1290322580645162,0.048694598441382554,686,"That's what you spent on me? Oh honey, I love it."
696,2952,1,6,55,62,1.1290322580645162,0.048694598441382554,686,I work for CVS Pharmacy part-time.
936,2952,2,4,56,62,1.1290322580645162,0.053851505523430855,686,I was posted at CVS.
1809,2952,0,8,54,62,1.1290322580645162,0.042922525410265526,686,Any general can give orders. I'm the only general who gives orders AND an itemized receipt upon delivery!
1806,2952,1,6,55,62,1.1290322580645162,0.048694598441382554,686,I can't keep my eyes off you. Tell me if an alert pops up.
1783,2952,1,6,55,62,1.1290322580645162,0.048694598441382554,686,My biggest complaint is they won’t let me return it without the receipt.
1778,2952,1,6,55,62,1.1290322580645162,0.048694598441382554,686,"I keep tabs on the number of times I say, ma´am and sir, ma´am."
1728,2952,1,6,55,62,1.1290322580645162,0.048694598441382554,686,and I earned this one at the farmer's market
1680,2952,2,4,56,62,1.1290322580645162,0.053851505523430855,686,"I see you've noticed my receipt for thirty-seven dildos. Well, forget it; I'm not sharing."
1605,2952,1,6,55,62,1.1290322580645162,0.048694598441382554,686,It's my grocery receipt.  Shopping is hell.
1555,2952,2,4,56,62,1.1290322580645162,0.053851505523430855,686,The name's Colonel Victor Smith.
1539,2952,1,6,55,62,1.1290322580645162,0.048694598441382554,686,It's my recipe for fruit salad.
1473,2952,0,8,54,62,1.1290322580645162,0.042922525410265526,686,"You know I could've been in Cabinet"""
925,2952,3,2,57,62,1.1290322580645162,0.05855600205711376,686,"I know I said, ""we owe you"" but I didn't mean it literally."
1442,2952,1,6,55,62,1.1290322580645162,0.048694598441382554,686,Unexpected item in the badging area.
1438,2952,1,6,55,62,1.1290322580645162,0.048694598441382554,686,Peace on earth? That doesn't register.
1436,2952,1,6,55,62,1.1290322580645162,0.048694598441382554,686,I know the blue ribbon is for 4 H
1429,2952,0,8,54,62,1.1290322580645162,0.042922525410265526,686,...and above my CVS receipt are my battle ribbons.
1447,2952,0,8,54,62,1.1290322580645162,0.042922525410265526,686,"Yes I'm a General, and those are the specifics."
1321,2952,1,6,55,62,1.1290322580645162,0.048694598441382554,686,You must have misheard me. I got this from my time at The Rack.
954,2952,1,6,55,62,1.1290322580645162,0.048694598441382554,686,Can I deduct this conversation since I have a receipt?
979,2952,0,8,54,62,1.1290322580645162,0.042922525410265526,686,Does that include sales tax?
1329,2952,2,4,56,62,1.1290322580645162,0.053851505523430855,686,"Name, rank, and serial number plus my latest flash fiction."
1024,2952,1,6,55,62,1.1290322580645162,0.048694598441382554,686,I was told that my Little League games would be on my permanent record. At the time I didn't believe it.
1029,2952,1,6,55,62,1.1290322580645162,0.048694598441382554,686,"The ticker tape machine didn't fit into my pants pocket, so I hid it behind my medals; but it has a mind of its own."
1089,2952,0,8,54,62,1.1290322580645162,0.042922525410265526,686,The one at the bottom is from my tour at CVS
1060,2952,2,4,56,62,1.1290322580645162,0.053851505523430855,686,I spent some time in CVS.
1198,2952,0,8,54,62,1.1290322580645162,0.042922525410265526,686,That one's for the procurement wars
1215,2952,0,8,54,62,1.1290322580645162,0.042922525410265526,686,"Would you like your receipt, Mrs. Cheney?"
1250,2952,1,6,55,62,1.1290322580645162,0.048694598441382554,686,CVS is my post-military career.
1266,2952,2,4,56,62,1.1290322580645162,0.053851505523430855,686,My CVS coupons!
1309,2952,0,8,54,62,1.1290322580645162,0.042922525410265526,686,This last one I got serving at CVS
1170,2952,1,6,55,62,1.1290322580645162,0.048694598441382554,686,One of your medals is smudged.
3139,3085,2,4,57,63,1.126984126984127,0.0530293926364563,686,"General, I must say, your grocery receipt is just as impressive as your medals."
2195,3085,1,6,56,63,1.126984126984127,0.04795918799660978,686,"And before that, I worked at CVS."
2585,3085,1,6,56,63,1.126984126984127,0.04795918799660978,686,"Oh, that? It’s my shopping list."
3176,3085,1,6,56,63,1.126984126984127,0.04795918799660978,686,"Lunch today exceeded my $400,000 per diem."
1703,3085,1,6,56,63,1.126984126984127,0.04795918799660978,686,It’s a list of people who are incarcerated for reading the list.
3847,3085,1,6,56,63,1.126984126984127,0.04795918799660978,686,I'm from the General Store.
3861,3085,2,4,57,63,1.126984126984127,0.0530293926364563,686,She warned me twice to stick to the sales.
3945,3085,2,4,57,63,1.126984126984127,0.0530293926364563,686,"It basically says ""General Manager of CVS"""
3409,3085,1,6,56,63,1.126984126984127,0.04795918799660978,686,It's my Military Bucket List.
1512,3085,1,6,56,63,1.126984126984127,0.04795918799660978,686,G
2791,3085,1,6,56,63,1.126984126984127,0.04795918799660978,686,"It’s Amazon’s new virtual receipt, delivered directly to your rib cage."
1240,3085,1,6,56,63,1.126984126984127,0.04795918799660978,686,And that one I got from a CVS pharmacy.
950,3085,1,6,56,63,1.126984126984127,0.04795918799660978,686,On sale at CVS
938,3085,1,6,56,63,1.126984126984127,0.04795918799660978,686,Empowerment affirmations.
125,3085,3,2,58,63,1.126984126984127,0.057655435593608445,686,"And this right here shows the total IQ of the marine corps. If you look towards the bottom, it adds up to 133."
1326,3085,0,8,55,63,1.126984126984127,0.0422853514020739,686,Those first ones there. Those are from Cub Scouts.
2178,3101,0,9,62,71,1.1267605633802817,0.03976580062454876,686,Read it and weep baby !
1238,3102,1,6,57,64,1.125,0.0472455591261534,686,"A ribbon for most coupons used, how impressive"
157,3103,2,4,59,65,1.123076923076923,0.051458031385614056,686,Some day it may happen that a victim must be found.
681,3103,2,4,59,65,1.123076923076923,0.051458031385614056,686,This is the cost of war! Is that not general knowledge?
2576,3105,1,5,53,59,1.11864406779661,0.048860455426129414,686,"Black Friday Campaign, Combat Arms Register Ribbon..."
2579,3105,1,5,53,59,1.11864406779661,0.048860455426129414,686,...for the earmarks i've earned
2581,3105,2,3,54,59,1.11864406779661,0.05451419668666752,686,"Oh, look honey... Trumps generals come with receipts now."
2622,3105,0,7,52,59,1.11864406779661,0.042460458882410665,686,"Now, t ell me about yourself?"
2630,3105,2,3,54,59,1.11864406779661,0.05451419668666752,686,"Excuse me, Mr. Schindler, your list is showing."
2631,3105,0,7,52,59,1.11864406779661,0.042460458882410665,686,In case the toilet paper dispenser is empty.
2648,3105,2,3,54,59,1.11864406779661,0.05451419668666752,686,And I received this medal for valor in the face of great odds during the Black Friday sale of 2013.
2753,3105,1,5,53,59,1.11864406779661,0.048860455426129414,686,I feel that self-service checkout is the frontline of battle here in the U.S.A.
2682,3105,0,7,52,59,1.11864406779661,0.042460458882410665,686,"My to-do list, Ma'am."
2720,3105,1,5,53,59,1.11864406779661,0.048860455426129414,686,I was given that award for surviving Black Friday.
2723,3105,1,5,53,59,1.11864406779661,0.048860455426129414,686,I've got a complete list on my webesite @ Cap'n Bravo.hero!
2521,3105,1,5,53,59,1.11864406779661,0.048860455426129414,686,It's just a receipt for how much I paid for this uniform.
2781,3105,0,7,52,59,1.11864406779661,0.042460458882410665,686,"You know, ""The Few, the Proud"" - I saved 5¢ shopping with a New Yorker tote bag."
2785,3105,1,5,53,59,1.11864406779661,0.048860455426129414,686,What do you mean you don't see lying to Congress award?
2841,3105,0,7,52,59,1.11864406779661,0.042460458882410665,686,Just because my medals rang up BOGO doesn't mean I didn't earn them.
2659,3105,0,7,52,59,1.11864406779661,0.042460458882410665,686,It was awarded for ‘The Battle for the Check’ at Ruby Tuesday’s.
2512,3105,1,5,53,59,1.11864406779661,0.048860455426129414,686,I got these badges from CVS.
2363,3105,0,7,52,59,1.11864406779661,0.042460458882410665,686,How do I like it? The Service grows on you.
2458,3105,0,7,52,59,1.11864406779661,0.042460458882410665,686,Too many little wars for each to have its own campaign medal. I guess there could just be one for Iraqistan...
2096,3105,3,1,55,59,1.11864406779661,0.05963431207230083,686,"I've done service in them all: Iraq, Afghanistan, Eleven Madison Park."
2149,3105,1,5,53,59,1.11864406779661,0.048860455426129414,686,"In case Congress makes a split-second decision to declare war, I have a list for self-enrolled duty call. May I write you in now, or ask again after your fifth glass of wine?"
2154,3105,1,5,53,59,1.11864406779661,0.048860455426129414,686,How about only charging me only for 30 min of your time?
2161,3105,1,5,53,59,1.11864406779661,0.048860455426129414,686,"As you can see, there was a lot of red tape to get my military citations"
2175,3105,1,5,53,59,1.11864406779661,0.048860455426129414,686,I singlehandedly outflanked the CVS back in 2018.
2198,3105,0,7,52,59,1.11864406779661,0.042460458882410665,686,That's from my tour at CVS.
2241,3105,0,7,52,59,1.11864406779661,0.042460458882410665,686,So that's the cost of the ribbons at the Army Navy store.
2507,3105,1,5,53,59,1.11864406779661,0.048860455426129414,686,I get updates every now and then about who to bootlick.
2251,3105,1,5,53,59,1.11864406779661,0.048860455426129414,686,"Not citations, Madam, just my CVS receipt."
2269,3105,0,7,52,59,1.11864406779661,0.042460458882410665,686,I was just honored on Wall Street. This is their medal of achievement.
2285,3105,2,3,54,59,1.11864406779661,0.05451419668666752,686,"Yes maam, just like a CVS receipt, everything behind the fruit salad is itemized."
2295,3105,1,5,53,59,1.11864406779661,0.048860455426129414,686,"That's a list of drunken brawls I've gotten into over the years.  With any luck, I'll be tacking on another tonight."
2304,3105,0,7,52,59,1.11864406779661,0.042460458882410665,686,"Ya, it’s a list of Trump’s war crimes. I keep a running tally, and I’m sure I’ll send it to the New Yorker at some point so I’ll feel like I did something with it, but it won’t ever be seen. Know mean? So uhh.. the weather. God I hate these parties."
2358,3105,0,7,52,59,1.11864406779661,0.042460458882410665,686,The very model of a modern major general: tiny fax machine edition
2881,3105,2,3,54,59,1.11864406779661,0.05451419668666752,686,It’s a list off all the people I bribed to get invited to this party.
2432,3105,2,3,54,59,1.11864406779661,0.05451419668666752,686,That's a strange place to keep your grocery list.
2253,3105,0,7,52,59,1.11864406779661,0.042460458882410665,686,I see you put artichokes in your Mac & Cheese?
2941,3105,1,5,53,59,1.11864406779661,0.048860455426129414,686,It's the list of corporate for the medals.
3102,3105,1,5,53,59,1.11864406779661,0.048860455426129414,686,"Oh, that's just the dry-cleaning bill."
3027,3105,2,3,54,59,1.11864406779661,0.05451419668666752,686,Do you work for CVS?
3661,3105,0,7,52,59,1.11864406779661,0.042460458882410665,686,"Then after I got back to the States, I served five Black Fridays as a Walmart greeter."
3666,3105,2,3,54,59,1.11864406779661,0.05451419668666752,686,It's a cash bar.
3785,3105,1,5,53,59,1.11864406779661,0.048860455426129414,686,"Well, it's supposed to be kept top secret, but yes, I do moonlight at a supermarket."
3801,3105,1,5,53,59,1.11864406779661,0.048860455426129414,686,Conspicuous dictation.
3804,3105,1,5,53,59,1.11864406779661,0.048860455426129414,686,Unfortunately they were out-of-stock on the rest of them I bought...but they gave me a receipt.
3835,3105,0,7,52,59,1.11864406779661,0.042460458882410665,686,And the bottom one is for working in the PX when I was young!
3851,3105,0,7,52,59,1.11864406779661,0.042460458882410665,686,This is a high security app
3880,3105,2,3,54,59,1.11864406779661,0.05451419668666752,686,"""It's a reminder for me to go to the little boys' room after the third cocktail."""
3893,3105,1,5,53,59,1.11864406779661,0.048860455426129414,686,My wish list for my next deployment.
3905,3105,1,5,53,59,1.11864406779661,0.048860455426129414,686,Meritorious Service Quartermaster Corps.
3923,3105,2,3,54,59,1.11864406779661,0.05451419668666752,686,Yes it’s true. The president’s Twitter account has been shut down!
4038,3105,1,5,53,59,1.11864406779661,0.048860455426129414,686,"Believe me, my victory list is longer than my tongue."
4036,3105,1,5,53,59,1.11864406779661,0.048860455426129414,686,"Yeah, that's the cheque."
4003,3105,2,3,54,59,1.11864406779661,0.05451419668666752,686,"You printed direct from What'sApp"""
2066,3105,1,5,53,59,1.11864406779661,0.048860455426129414,686,It’s the only way I can remember my CVS discount.
3594,3105,1,5,53,59,1.11864406779661,0.048860455426129414,686,This is what happened once they started ordering medals from CVS.
3551,3105,0,7,52,59,1.11864406779661,0.042460458882410665,686,"It’s my wife’s idea — kid’s names and birthdays, anniversaries, favorite songs — the softer side of me."
3536,3105,0,7,52,59,1.11864406779661,0.042460458882410665,686,"No Penelope, it's not a Target receipt."
3524,3105,2,3,54,59,1.11864406779661,0.05451419668666752,686,It serves another purpose when in the field!
3052,3105,1,5,53,59,1.11864406779661,0.048860455426129414,686,"As it turns out, the cost of war is much more affordable than you think."
3125,3105,2,3,54,59,1.11864406779661,0.05451419668666752,686,"That's the new White House-approved medal for smart spending, along with the original receipt for landing C-17s at the Trump Turnberry golf resort in Scotland"
3131,3105,1,5,53,59,1.11864406779661,0.048860455426129414,686,Oh man! I saved $3.75 today.
3149,3105,2,3,54,59,1.11864406779661,0.05451419668666752,686,Our medals designer used to work at CVS
3192,3105,1,5,53,59,1.11864406779661,0.048860455426129414,686,So you are a check out clerk at the grocery store?
3194,3105,1,5,53,59,1.11864406779661,0.048860455426129414,686,I know it is a grocery store receipt. I was given the Gold Shopping Medal
3245,3105,1,5,53,59,1.11864406779661,0.048860455426129414,686,Recently I've been stationed at CVS.
3024,3105,0,7,52,59,1.11864406779661,0.042460458882410665,686,"I kept the till so carefully that now I am an admiral in the States' Navy."""
3317,3105,0,7,52,59,1.11864406779661,0.042460458882410665,686,"As you can see from my resume, I should not be fired as the Secretary of the Army."
3425,3105,1,5,53,59,1.11864406779661,0.048860455426129414,686,Hi there! What do you do for a living?
3427,3105,0,7,52,59,1.11864406779661,0.042460458882410665,686,Those? Brownie points and attaboys.
3441,3105,0,7,52,59,1.11864406779661,0.042460458882410665,686,I'm particularly proud of my CVS award.
3462,3105,0,7,52,59,1.11864406779661,0.042460458882410665,686,That’s my CVS citation.
3487,3105,0,7,52,59,1.11864406779661,0.042460458882410665,686,It shows the summary of my twitter treaties.
3493,3105,1,5,53,59,1.11864406779661,0.048860455426129414,686,Is that your lies coming out of your pocket?
3505,3105,0,7,52,59,1.11864406779661,0.042460458882410665,686,I see you need to pick up milk and laundry detergent.
3396,3105,1,5,53,59,1.11864406779661,0.048860455426129414,686,Battle of the holiday checkout line.
2018,3105,0,7,52,59,1.11864406779661,0.042460458882410665,686,It's a disclaimer explaining exactly how I will use your data
1308,3105,1,5,53,59,1.11864406779661,0.048860455426129414,686,“Your laundry list says that is someone else’s jacket.”
1971,3105,1,5,53,59,1.11864406779661,0.048860455426129414,686,"Drum Major and Eagle Scout, how impressive."
389,3105,0,7,52,59,1.11864406779661,0.042460458882410665,686,I also earned a Purple Heart at CVS.
396,3105,2,3,54,59,1.11864406779661,0.05451419668666752,686,"Customer Service Officer: ""As you can see from the receipts, the good  deals are all sold out--and if you keep hanging around, you're gonna  get a parking ticket!"""
407,3105,2,3,54,59,1.11864406779661,0.05451419668666752,686,Thanks for asking. It's from our big ticker tape parade in New York City.
410,3105,2,3,54,59,1.11864406779661,0.05451419668666752,686,"As it turns out, brass is even more expensive than platinum."
451,3105,0,7,52,59,1.11864406779661,0.042460458882410665,686,It's been like this ever since CVS started working with the military.
515,3105,2,3,54,59,1.11864406779661,0.05451419668666752,686,Give me enough medals and I'll win you any war.
385,3105,2,3,54,59,1.11864406779661,0.05451419668666752,686,I also bought some gum at a CVS recently.
572,3105,1,5,53,59,1.11864406779661,0.048860455426129414,686,Yes. A Cliffs Notes list. Explanations get onerous.
598,3105,1,5,53,59,1.11864406779661,0.048860455426129414,686,Are those your me-too legal fees?
651,3105,0,7,52,59,1.11864406779661,0.042460458882410665,686,"Ranking Member, It's Brigadier General, Chief Warrant Officer 4, Sergeant Member of the Army"
658,3105,1,5,53,59,1.11864406779661,0.048860455426129414,686,It's a legend for a legend.
682,3105,0,7,52,59,1.11864406779661,0.042460458882410665,686,And that one is from the battle of CVS.
685,3105,1,5,53,59,1.11864406779661,0.048860455426129414,686,The bottom one is a CVS receipt for a strawberry Nesquik.
695,3105,0,7,52,59,1.11864406779661,0.042460458882410665,686,I want to be paid for my service.
574,3105,1,5,53,59,1.11864406779661,0.048860455426129414,686,I asked for a printed receipt.
384,3105,2,3,54,59,1.11864406779661,0.05451419668666752,686,"No, that's just my receipt from the Army Navy store."
1981,3105,0,7,52,59,1.11864406779661,0.042460458882410665,686,Is that a shopping list in your pocket or are you happy to see me?
365,3105,1,5,53,59,1.11864406779661,0.048860455426129414,686,"Actually, this one is my check from Per Se."
4,3105,1,5,53,59,1.11864406779661,0.048860455426129414,686,"ee ae Lele) (La ag
“= tiktok.__.india"
22,3105,2,3,54,59,1.11864406779661,0.05451419668666752,686,A list of my nominations.
43,3105,2,3,54,59,1.11864406779661,0.05451419668666752,686,It's a ticker tape.
64,3105,1,5,53,59,1.11864406779661,0.048860455426129414,686,Impressive....you saved $1.68 by using your CVS card!
92,3105,0,7,52,59,1.11864406779661,0.042460458882410665,686,I got this one for fighting the Battle of Walmart on Black Friday 2006.
134,3105,1,5,53,59,1.11864406779661,0.048860455426129414,686,No its not a menu
137,3105,1,5,53,59,1.11864406779661,0.048860455426129414,686,Those are the ones the dry cleaners are looking for.
151,3105,2,3,54,59,1.11864406779661,0.05451419668666752,686,It’s my receipt for the  medals I  purchased on Black Friday.
188,3105,0,7,52,59,1.11864406779661,0.042460458882410665,686,"You may think your medals add up, General, but I don't see it that way."
202,3105,1,5,53,59,1.11864406779661,0.048860455426129414,686,That one is my bill for this party.
240,3105,1,5,53,59,1.11864406779661,0.048860455426129414,686,"Yes, Miss.....My list is his command"
251,3105,0,7,52,59,1.11864406779661,0.042460458882410665,686,They cost a lot; emotionally and financially
259,3105,2,3,54,59,1.11864406779661,0.05451419668666752,686,It just makes expenses easier.
281,3105,0,7,52,59,1.11864406779661,0.042460458882410665,686,"Even before I became an Eagle Scout when I was 9, I pledged to complete my to do list every day."
327,3105,1,5,53,59,1.11864406779661,0.048860455426129414,686,It's a special award from CVS -- Cocktail Venue Servicemen.
701,3105,1,5,53,59,1.11864406779661,0.048860455426129414,686,Is that your black Friday savings or are you just happy to see me.
707,3105,2,3,54,59,1.11864406779661,0.05451419668666752,686,Did you bring the Ecstasy?
366,3105,1,5,53,59,1.11864406779661,0.048860455426129414,686,The comic contest is fucking rigged
797,3105,0,7,52,59,1.11864406779661,0.042460458882410665,686,The list of medals helps to place my ribbons in context.
1526,3105,0,7,52,59,1.11864406779661,0.042460458882410665,686,"It's the grocery list, my wife's idea, she thinks it's hilarious"""
1546,3105,0,7,52,59,1.11864406779661,0.042460458882410665,686,Let us know how we're doing! Feedback at USNavy.gov.
1552,3105,0,7,52,59,1.11864406779661,0.042460458882410665,686,You have to use your CVS Extra Care card to get one.
1553,3105,1,5,53,59,1.11864406779661,0.048860455426129414,686,It’s for meritorious service at the Base Exchange...
1582,3105,0,7,52,59,1.11864406779661,0.042460458882410665,686,I just feel like you were wearing more flair in your profile picture.
1598,3105,1,5,53,59,1.11864406779661,0.048860455426129414,686,"This is my wife's Christmas wish list.""  Michael Sivak, Ann Arbor, M"
1695,3105,1,5,53,59,1.11864406779661,0.048860455426129414,686,It's a PX receipt.
1714,3105,1,5,53,59,1.11864406779661,0.048860455426129414,686,"Can we expect javelin missiles to be on sale next November?

Ashton Sullivan, Boston, MA"
1724,3105,0,7,52,59,1.11864406779661,0.042460458882410665,686,"Yeah, I look like FDR, and I've got a sales slip dangling from my chest.  So what?"
1775,3105,1,5,53,59,1.11864406779661,0.048860455426129414,686,"That's my wife's shopping list for after the party"""
1928,3105,2,3,54,59,1.11864406779661,0.05451419668666752,686,"Captain Morgan, I presume?"
1954,3105,2,3,54,59,1.11864406779661,0.05451419668666752,686,"I'm a Robot waiter. Shall I scan your credit card for Billing please!?"""
1957,3105,2,3,54,59,1.11864406779661,0.05451419668666752,686,"Honey, would you like to sign for  a contribution to buy a neuclear powered player piano for the officer's club?"
1963,3105,1,5,53,59,1.11864406779661,0.048860455426129414,686,You'll need reading glasses. Back pocket.
777,3105,0,7,52,59,1.11864406779661,0.042460458882410665,686,"That is for the ""commissary."""
1457,3105,1,5,53,59,1.11864406779661,0.048860455426129414,686,"I am Hotel, Oscar Romeo, November Yankee."
1456,3105,1,5,53,59,1.11864406779661,0.048860455426129414,686,This bottom one is the Honor of the Fax Machine.  I got it while stationed at Jacoby and Meyers.
1643,3105,1,5,53,59,1.11864406779661,0.048860455426129414,686,I felt that the small errands I did has a boy had equal value.
1417,3105,2,3,54,59,1.11864406779661,0.05451419668666752,686,"Freedom isn't free. To get to my position, you've got to know where to find the sales."
1359,3105,2,3,54,59,1.11864406779661,0.05451419668666752,686,"This way, I'll never lose my shopping list again."
1338,3105,1,5,53,59,1.11864406779661,0.048860455426129414,686,I got that one for surviving Black Friday at Walmart.
808,3105,1,5,53,59,1.11864406779661,0.048860455426129414,686,I-need-to-be-reprogrammed.  I-detect-no-signs-of-intelligence-worth-gathering-in-this-environment.
1305,3105,0,7,52,59,1.11864406779661,0.042460458882410665,686,My wife didn't want me to forget to buy groceries!
1234,3105,1,5,53,59,1.11864406779661,0.048860455426129414,686,Those are my K-12 ribbons.
1222,3105,3,1,55,59,1.11864406779661,0.05963431207230083,686,I have to return something to CVS.
1445,3105,1,5,53,59,1.11864406779661,0.048860455426129414,686,Is that the prestigious award for having been wounded from paper cuts?
1164,3105,1,5,53,59,1.11864406779661,0.048860455426129414,686,"No ma’am, we are not having a Black Friday sale"
1155,3105,1,5,53,59,1.11864406779661,0.048860455426129414,686,"I must ask, are you the infamous handkerchief?"
1135,3105,1,5,53,59,1.11864406779661,0.048860455426129414,686,A military-themed ATM at a fundraiser?  Whoa!
1003,3105,2,3,54,59,1.11864406779661,0.05451419668666752,686,Remind me again how you get your valuations.
978,3105,1,5,53,59,1.11864406779661,0.048860455426129414,686,"Hmmm, what does a man like you have to do to get a date with a woman like me, well, you could become a woman for starters."
921,3105,1,5,53,59,1.11864406779661,0.048860455426129414,686,"Trump’s new ribbon of distinguished service, Harry?"
913,3105,1,5,53,59,1.11864406779661,0.048860455426129414,686,The brass is really busting our balls.
820,3105,1,5,53,59,1.11864406779661,0.048860455426129414,686,Is service included?
3363,3254,1,6,61,68,1.1176470588235294,0.044590674528640815,686,I wonder how long it will get if he becomes a general.
3444,3255,1,5,54,60,1.1166666666666667,0.04807989270851719,686,"Yes, its for the ""list"" in reenlistment."
3051,3255,0,7,53,60,1.1166666666666667,0.04179359199028118,686,"Oh, that one? It’s for conspicuous gallantry and intrepidity at CVS."
2759,3255,1,5,54,60,1.1166666666666667,0.04807989270851719,686,So you're telling me the membership's only $60 a year?
2704,3255,1,5,54,60,1.1166666666666667,0.04807989270851719,686,"Love is like oxygen
You get too much you get too high
Not enough and you're gonna die"
2616,3255,1,5,54,60,1.1166666666666667,0.04807989270851719,686,When? Where? How? Why?
2544,3255,1,5,54,60,1.1166666666666667,0.04807989270851719,686,"I received the ""Order of Having  Purchased the Most MAGA Hats"" at the PX."
2516,3255,1,5,54,60,1.1166666666666667,0.04807989270851719,686,I've served in 94 campaigns and I always leave a paper trail.
2469,3255,0,7,53,60,1.1166666666666667,0.04179359199028118,686,But what I’d really like to do is direct.
2397,3255,0,7,53,60,1.1166666666666667,0.04179359199028118,686,It's my way of keeping track of my military spending.
2380,3255,1,5,54,60,1.1166666666666667,0.04807989270851719,686,You’re just the next in line to be labeled Overrated by the Big Guy.
2244,3255,2,3,55,60,1.1166666666666667,0.053634390406482234,686,It’s for a bio weapons program with CVS.
2181,3255,0,7,53,60,1.1166666666666667,0.04179359199028118,686,Does it tickle when it tickers?
2180,3255,1,5,54,60,1.1166666666666667,0.04807989270851719,686,I see you are a five-star husband carrying that  shopping list underneath your medals.
2077,3255,1,5,54,60,1.1166666666666667,0.04807989270851719,686,It's for valor in the great pharmacy war
1902,3255,1,5,54,60,1.1166666666666667,0.04807989270851719,686,My list of 'uniform' conquests
1597,3255,1,5,54,60,1.1166666666666667,0.04807989270851719,686,Welcome to the Doral. Cash or card?
1713,3255,2,3,55,60,1.1166666666666667,0.053634390406482234,686,"Those are green stamps, I got them in Vietnam for using 8 million gallons of napalm."
3472,3255,0,7,53,60,1.1166666666666667,0.04179359199028118,686,That's for Distinguished Service at CVS
4028,3255,1,5,54,60,1.1166666666666667,0.04807989270851719,686,That's the list of my Boy Scout merit badges.
3571,3255,2,3,55,60,1.1166666666666667,0.053634390406482234,686,"I was diagnosed with ""Swollen Valor."""
1590,3255,1,5,54,60,1.1166666666666667,0.04807989270851719,686,"In addition to the itemized receipt, the reverse side provides an analysis of the eco-footprint of each military action."
4015,3255,1,5,54,60,1.1166666666666667,0.04807989270851719,686,Nice.
3959,3255,1,5,54,60,1.1166666666666667,0.04807989270851719,686,I can return it within 30 days.
3886,3255,1,5,54,60,1.1166666666666667,0.04807989270851719,686,Oh!  That’s your shopping list!
3885,3255,2,3,55,60,1.1166666666666667,0.053634390406482234,686,That's for taking over that CVS without firing a shot.
3786,3255,0,7,53,60,1.1166666666666667,0.04179359199028118,686,Too much red tape.
3769,3255,1,5,54,60,1.1166666666666667,0.04807989270851719,686,You wouldn't believe the price of groceries in that funny little country we invaded.
3748,3255,2,3,55,60,1.1166666666666667,0.053634390406482234,686,I see you’ve just came back from the grocery store.
3662,3255,1,5,54,60,1.1166666666666667,0.04807989270851719,686,"Unless our fundraiser goes well, I'll have to return this uniform."
3653,3255,1,5,54,60,1.1166666666666667,0.04807989270851719,686,"That's my Military Rewards receipt."""
3621,3255,0,7,53,60,1.1166666666666667,0.04179359199028118,686,"Oh, just some more participation trophies."
3605,3255,0,7,53,60,1.1166666666666667,0.04179359199028118,686,I got it for the Battle of Whole Foods.
3590,3255,1,5,54,60,1.1166666666666667,0.04807989270851719,686,"Your taxes don’t cover small talk, gossip, and flattery."
3586,3255,1,5,54,60,1.1166666666666667,0.04807989270851719,686,I can't handle these people! They think they can attach a shopping list to my awards!
3582,3255,0,7,53,60,1.1166666666666667,0.04179359199028118,686,"Orders, ma'am, orders... mission to keep the peace in this volatile season."
3573,3255,1,5,54,60,1.1166666666666667,0.04807989270851719,686,That one is for my service at the Battle of CVS.
3572,3255,0,7,53,60,1.1166666666666667,0.04179359199028118,686,"It may not be as glamorous as Fellugjah, but without Operation CVS we wouldn't have any of the two liter sodas that I brought here today."
3498,3255,0,7,53,60,1.1166666666666667,0.04179359199028118,686,That's actually my wife's grocery list. I am always forgetting it!
1561,3255,1,5,54,60,1.1166666666666667,0.04807989270851719,686,"It's my wife's grocery shopping list, and suggested prices."
1573,3255,1,5,54,60,1.1166666666666667,0.04807989270851719,686,Here's a printout of my C.V.  Can you get me a job hosting parties?
82,3255,2,3,55,60,1.1166666666666667,0.053634390406482234,686,It must be such an honor for you.
750,3255,1,5,54,60,1.1166666666666667,0.04807989270851719,686,I see you stopped at CVS on your way to the party.
717,3255,2,3,55,60,1.1166666666666667,0.053634390406482234,686,And this one right here is my Thanksgiving grocery list
614,3255,1,5,54,60,1.1166666666666667,0.04807989270851719,686,That was the bill for my salad.
605,3255,0,7,53,60,1.1166666666666667,0.04179359199028118,686,"If you look closely, you can see how much I saved by using my club card."
483,3255,0,7,53,60,1.1166666666666667,0.04179359199028118,686,"There wasn't room for all of them, so I had a print out installed of the other medals"""
443,3255,0,7,53,60,1.1166666666666667,0.04179359199028118,686,"My uncredited movie roles include generals, admirals, and Roman centurions."
418,3255,0,7,53,60,1.1166666666666667,0.04179359199028118,686,NO—I DID NOT get these medals at CVS pharmacy.
765,3255,1,5,54,60,1.1166666666666667,0.04807989270851719,686,"Yes Ambassador Yovanovitch, I am aware it's a CVS receipt. Since your departure things have changed a bit. This ""award"" is for our successful attack against corrupt practices at the Kiev Walgreen's."
388,3255,0,7,53,60,1.1166666666666667,0.04179359199028118,686,I don't think you intended your receipt from Turkey to be showing.
340,3255,0,7,53,60,1.1166666666666667,0.04179359199028118,686,It's actually a list of my favorite varieties of orchids.
333,3255,1,5,54,60,1.1166666666666667,0.04807989270851719,686,I received this one from the Battle of Military Funding.
321,3255,1,5,54,60,1.1166666666666667,0.04807989270851719,686,"I'm told this generation is interested in ""showing the receipts""."
276,3255,1,5,54,60,1.1166666666666667,0.04807989270851719,686,"Foreign wars, sure, but I proudly shop local."
268,3255,0,7,53,60,1.1166666666666667,0.04179359199028118,686,"and lastly, my greatest moment, valour in the  battle of over priced hotdogs in Venice"
187,3255,2,3,55,60,1.1166666666666667,0.053634390406482234,686,My CVS medal.
1534,3255,1,5,54,60,1.1166666666666667,0.04807989270851719,686,It's a partial disclaimer
354,3255,2,3,55,60,1.1166666666666667,0.053634390406482234,686,Fuck off army guy stupid prick
792,3255,2,3,55,60,1.1166666666666667,0.053634390406482234,686,My greatest honor... completing all of my New Year's resolutions.
406,3255,1,5,54,60,1.1166666666666667,0.04807989270851719,686,I got a screaming deal buying aircraft carriers
815,3255,2,3,55,60,1.1166666666666667,0.053634390406482234,686,"Yes, they ran out of regular medals"""
1519,3255,0,7,53,60,1.1166666666666667,0.04179359199028118,686,"If I submit my wife's party receipts at the end of the year, I get a tax break from Uncle Sam."
1516,3255,2,3,55,60,1.1166666666666667,0.053634390406482234,686,It was a five course tasting experience that explored the middle eastern flavors that defined my early twenties.
1502,3255,1,5,54,60,1.1166666666666667,0.04807989270851719,686,You served a tour of CVS drugstores?
1450,3255,1,5,54,60,1.1166666666666667,0.04807989270851719,686,Folded CVS receipt for having purchased one item
1379,3255,1,5,54,60,1.1166666666666667,0.04807989270851719,686,"Now we display awards on biodegradable, recycled paper."
1367,3255,1,5,54,60,1.1166666666666667,0.04807989270851719,686,"There's now a separate charge for the metals."""
1293,3255,1,5,54,60,1.1166666666666667,0.04807989270851719,686,Have YOU ever shopped  at the Park Slope co-op?
1251,3255,0,7,53,60,1.1166666666666667,0.04179359199028118,686,"No Maam, Military receipts."
1390,3255,2,3,55,60,1.1166666666666667,0.053634390406482234,686,You saved 12Trillion Dollars on this purchase.
1229,3255,0,7,53,60,1.1166666666666667,0.04179359199028118,686,"They’re today’s tweets — a badge of honor, sort of."
1159,3255,0,7,53,60,1.1166666666666667,0.04179359199028118,686,That is just a list of  awards I have been been given. You can see how successful I have been.
1154,3255,0,7,53,60,1.1166666666666667,0.04179359199028118,686,It’s my permission slip.
1044,3255,0,7,53,60,1.1166666666666667,0.04179359199028118,686,That? Received for wounds received on Black Friday!
1081,3255,1,5,54,60,1.1166666666666667,0.04807989270851719,686,That's the butcher's bill.
1080,3255,1,5,54,60,1.1166666666666667,0.04807989270851719,686,I couldn't fit my CVS receipt in my pocket.
1054,3255,1,5,54,60,1.1166666666666667,0.04807989270851719,686,Don't forget your receipt!
2144,3332,1,6,62,69,1.1159420289855073,0.04397274927300527,686,I do shop at CVS
3817,3333,2,3,56,61,1.1147540983606556,0.05278247274773007,686,"Those are my ""atta boys."""
2387,3333,1,5,55,61,1.1147540983606556,0.04732379255652672,686,"Damn it, everything has gone digital these days!"
1259,3333,1,5,55,61,1.1147540983606556,0.04732379255652672,686,It’s my savings after the Amazon Prine discount.
3722,3336,1,5,56,62,1.1129032258064515,0.046591027055115,686,My shopping list.
2678,3337,0,6,51,57,1.105263157894737,0.04101019591968312,686,That’s the Twitter record on which ones I get to keep.
2862,3337,0,6,51,57,1.105263157894737,0.04101019591968312,686,Our President wants to run everything like a business.  I'll leave this on your kitchen table. Gratuity included.
2806,3337,1,4,52,57,1.105263157894737,0.04804583837764614,686,"Did you actually win that purple one?
The receipt shows a ""Purple Heart"" but it looks rather violet in this light"
2853,3337,0,6,51,57,1.105263157894737,0.04101019591968312,686,Its my way of getting them off my chest.
2655,3337,0,6,51,57,1.105263157894737,0.04101019591968312,686,"I can't take the tags off, I'm returning it to the store first thing tomorrow."
2924,3337,0,6,51,57,1.105263157894737,0.04101019591968312,686,I got that one for cost overruns on toilet seats.
3053,3337,1,4,52,57,1.105263157894737,0.04804583837764614,686,That one's for the time I tried Black Friday at a Macy's
2948,3337,1,4,52,57,1.105263157894737,0.04804583837764614,686,It's the end of the ticker-tape parade.
2954,3337,1,4,52,57,1.105263157894737,0.04804583837764614,686,It's too much to mention.
2999,3337,1,4,52,57,1.105263157894737,0.04804583837764614,686,Had to stop at a CVS on my way here
3020,3337,1,4,52,57,1.105263157894737,0.04804583837764614,686,"Transparency in government, Ma’am. We Generals wear our receipts as proudly as our ribbons."
3055,3337,1,4,52,57,1.105263157894737,0.04804583837764614,686,Why are you wearing your grocery receipt?
2652,3337,1,4,52,57,1.105263157894737,0.04804583837764614,686,Dang! It is a CVS receipt. Thought you wouldn't notice...
2939,3337,1,4,52,57,1.105263157894737,0.04804583837764614,686,That one was from my wife for making the Thanksgiving grocery run this year.
2552,3337,0,6,51,57,1.105263157894737,0.04101019591968312,686,War is hell. Cocktail parties are heck.
2734,3337,2,2,53,57,1.105263157894737,0.05417535418851449,686,"Well, they said nowadays 
it's impossible to be too blatant."
2530,3337,0,6,51,57,1.105263157894737,0.04101019591968312,686,"I'm sick of talking about my endless courage,
so you can read about it instead."
3058,3337,0,6,51,57,1.105263157894737,0.04101019591968312,686,This one is a synopsis of the military review board decision as to whether I’m entitled to wear my other medals.”
2046,3337,2,2,53,57,1.105263157894737,0.05417535418851449,686,You need to sign my per diem bill for chit-chatting
2106,3337,0,6,51,57,1.105263157894737,0.04101019591968312,686,These are complementary tweets from the President
2131,3337,1,4,52,57,1.105263157894737,0.04804583837764614,686,"Wow sir ham.. Thank you for your service, it cost you, here it shows on this receipt.”

Talieah Ram, Oahu, Hawai"
2133,3337,0,6,51,57,1.105263157894737,0.04101019591968312,686,Is that your ego showing or are you just happy to see me?
2193,3337,1,4,52,57,1.105263157894737,0.04804583837764614,686,Award for shiniest shoes with 47 gold wreaths.
2228,3337,2,2,53,57,1.105263157894737,0.05417535418851449,686,Yes ma’am. I brought receipts.
2289,3337,1,4,52,57,1.105263157894737,0.04804583837764614,686,I was deployed to CVS.
2294,3337,1,4,52,57,1.105263157894737,0.04804583837764614,686,'Courage in the line of fire' is on sale. You saved $0.29.
2323,3337,0,6,51,57,1.105263157894737,0.04101019591968312,686,You got the Purple Heart; thank you for your sacrifice.  I see you brought the receipts.
2328,3337,1,4,52,57,1.105263157894737,0.04804583837764614,686,The last one is for getting injured at Costco.
2404,3337,1,4,52,57,1.105263157894737,0.04804583837764614,686,You are the most-est General I've EVER met!!
2475,3337,1,4,52,57,1.105263157894737,0.04804583837764614,686,Says here you floss and brush your teeth twice a day.
2484,3337,1,4,52,57,1.105263157894737,0.04804583837764614,686,That's a print-out of the casualties we inflicted.
2485,3337,0,6,51,57,1.105263157894737,0.04101019591968312,686,"Honey, no is going to ask about the other ones.”"
2549,3337,1,4,52,57,1.105263157894737,0.04804583837764614,686,It's a list of conquests and you're about to be on it.
3082,3337,1,4,52,57,1.105263157894737,0.04804583837764614,686,My wife insisted i carry the grocery list!
3686,3337,2,2,53,57,1.105263157894737,0.05417535418851449,686,Yes. I bought this wine at CVS.
3108,3337,0,6,51,57,1.105263157894737,0.04101019591968312,686,Government issue TP.
3717,3337,0,6,51,57,1.105263157894737,0.04101019591968312,686,"Glossary mam, glossary."
3773,3337,1,4,52,57,1.105263157894737,0.04804583837764614,686,"Oh, that's just my shopping list."
3837,3337,0,6,51,57,1.105263157894737,0.04101019591968312,686,Wait'll you see what Dollar General has in store for you.
3853,3337,1,4,52,57,1.105263157894737,0.04804583837764614,686,"I’d just like to thank you for your service, and your service fee."
3864,3337,0,6,51,57,1.105263157894737,0.04101019591968312,686,It's my receipt from Turnberry.
3873,3337,1,4,52,57,1.105263157894737,0.04804583837764614,686,"Mam, please stop staring at my grocery list!"
2012,3337,1,4,52,57,1.105263157894737,0.04804583837764614,686,It is my Chevron-Citation for Self Service.
3903,3337,0,6,51,57,1.105263157894737,0.04101019591968312,686,"It's my CVS Pharmacy receipt """
3942,3337,1,4,52,57,1.105263157894737,0.04804583837764614,686,It’s a Condoms-Midol Peace Aeard. I bought all of our hygiene and reproduction needs wthoutb starting an argument in the PX.
3970,3337,1,4,52,57,1.105263157894737,0.04804583837764614,686,It's a receipt--I braved the mall on Black Friday.
3985,3337,1,4,52,57,1.105263157894737,0.04804583837764614,686,"#88 THAT WAS AN IMPORTANT MISSION , WE HAD TO HEAD FORWARD  AND BRING UP THE REAR WATCHING OUT FOR BOOBY TRAPS  BEFORE  ENGAGING THE ENEMY"
3986,3337,0,6,51,57,1.105263157894737,0.04101019591968312,686,"No,no that's the list of wars we lost."
4019,3337,1,4,52,57,1.105263157894737,0.04804583837764614,686,"Of course, if we were at the White House, I'd be wearing a suit."
4048,3337,0,6,51,57,1.105263157894737,0.04101019591968312,686,I’m glad you’re on our side.
3925,3337,1,4,52,57,1.105263157894737,0.04804583837764614,686,"Yes, they decided to go on ‘The taxpayer pays the bill.’"
3655,3337,0,6,51,57,1.105263157894737,0.04101019591968312,686,Can I get your autograph? I'm a big fan of the impeachment hearings.
3648,3337,1,4,52,57,1.105263157894737,0.04804583837764614,686,Some party.  I just got subpoenaed.
3606,3337,0,6,51,57,1.105263157894737,0.04101019591968312,686,I am also an Eagle Scout; these are merit badges.
3134,3337,0,6,51,57,1.105263157894737,0.04101019591968312,686,"The body compensates, as you know."
3170,3337,0,6,51,57,1.105263157894737,0.04101019591968312,686,"Why yes, I did work at CVS as a civilian."
3184,3337,1,4,52,57,1.105263157894737,0.04804583837764614,686,"If your name's on the list, I didn't do it."
3197,3337,2,2,53,57,1.105263157894737,0.05417535418851449,686,"If you would like to be sexually abused, I say, Me Too!."
3267,3337,0,6,51,57,1.105263157894737,0.04101019591968312,686,"Of course, with Amazon Prime I got a 5% discount on the tanks and next day delivery."
3351,3337,0,6,51,57,1.105263157894737,0.04101019591968312,686,Budget cuts. We all get a shopping list.
3357,3337,0,6,51,57,1.105263157894737,0.04101019591968312,686,Well THAT wasn’t a part of his dating profile...
3378,3337,1,4,52,57,1.105263157894737,0.04804583837764614,686,I've proudly battled in right amount of tip area too.
3381,3337,0,6,51,57,1.105263157894737,0.04101019591968312,686,"Yes, ma'am, that a list of senior government officials that I've hand in their indictments."
3430,3337,0,6,51,57,1.105263157894737,0.04101019591968312,686,Meritorious Auditing Ribbon from Ukraine
3459,3337,0,6,51,57,1.105263157894737,0.04101019591968312,686,Ask me another.
3475,3337,1,4,52,57,1.105263157894737,0.04804583837764614,686,Surprise! You'll be life-size on Thursday!
3500,3337,1,4,52,57,1.105263157894737,0.04804583837764614,686,Croix de CVS.
3514,3337,2,2,53,57,1.105263157894737,0.05417535418851449,686,Your tax dollars at work. You're welcome.
3520,3337,0,6,51,57,1.105263157894737,0.04101019591968312,686,"Have you found the bottom line price of bravery too high?"""
3107,3337,0,6,51,57,1.105263157894737,0.04101019591968312,686,That last one is from the Taco Bell campaign.
1996,3337,0,6,51,57,1.105263157894737,0.04101019591968312,686,"I was expecting to get a purple heart, but instead they're making me wear a list of all the people I've killed"
2401,3337,0,6,51,57,1.105263157894737,0.04101019591968312,686,"Sorry, but the Department of Defense is now requiring me to charge for my time spent answering stupid questions."
1973,3337,0,6,51,57,1.105263157894737,0.04101019591968312,686,Proof of honor.
489,3337,1,4,52,57,1.105263157894737,0.04804583837764614,686,Here's my updated list of  personalities I can impersonate for your liking so I seem more attractive to you
498,3337,2,2,53,57,1.105263157894737,0.05417535418851449,686,"1973 Merlot from Cuca Valley, hmm! Buy one get one free"
529,3337,0,6,51,57,1.105263157894737,0.04101019591968312,686,America's wars -- it's a long list.
540,3337,0,6,51,57,1.105263157894737,0.04101019591968312,686,"As you can see, I'm not just another meat-and-potatoes kind of soldier."
579,3337,1,4,52,57,1.105263157894737,0.04804583837764614,686,"CVS, not CV!"
586,3337,1,4,52,57,1.105263157894737,0.04804583837764614,686,Don't make me speak in generalities!
465,3337,0,6,51,57,1.105263157894737,0.04101019591968312,686,"These are the questions that, should you choose to ask them, shall result in your death."
622,3337,0,6,51,57,1.105263157894737,0.04101019591968312,686,I printed in Morse code on a biodegradable paper!
711,3337,1,4,52,57,1.105263157894737,0.04804583837764614,686,Saudi Arabia is paying for 100 percent of the cos
727,3337,0,6,51,57,1.105263157894737,0.04101019591968312,686,It's the only way my wife gets me to remember the groceries.
795,3337,1,4,52,57,1.105263157894737,0.04804583837764614,686,See for yourself...it's $10.99 for the fruit salad.
798,3337,1,4,52,57,1.105263157894737,0.04804583837764614,686,"Of course, it runs on the other side too"
814,3337,1,4,52,57,1.105263157894737,0.04804583837764614,686,In order to serve you better metals can be accessed on line.
842,3337,1,4,52,57,1.105263157894737,0.04804583837764614,686,"We're all going digital, Ma'am, even me"
633,3337,0,6,51,57,1.105263157894737,0.04101019591968312,686,It says at the bottom that you saved five dollars...
463,3337,0,6,51,57,1.105263157894737,0.04101019591968312,686,They send it to my email as well.
433,3337,0,6,51,57,1.105263157894737,0.04101019591968312,686,"Eventually, the U.S.S. 'Print-Only-Receipt' was mothballed."
408,3337,1,4,52,57,1.105263157894737,0.04804583837764614,686,Hmmmmmm. Those are worth a lot. What are you doing this Saturday.
3,3337,0,6,51,57,1.105263157894737,0.04101019591968312,686,"<< #quotes 4h _
& ibrar_writes

Insta « @ibrar_writes"
44,3337,0,6,51,57,1.105263157894737,0.04101019591968312,686,That's so I can wipe my assignment with the president's tweets.
114,3337,1,4,52,57,1.105263157894737,0.04804583837764614,686,"I can’t figure out these cleaning instructions, either."
1983,3337,1,4,52,57,1.105263157894737,0.04804583837764614,686,"Yep, did three terms and conditions back in 'nam"
167,3337,0,6,51,57,1.105263157894737,0.04101019591968312,686,"The receipt? Well, it’s  the merchant’s copy, from the Merchant Marines..."
181,3337,0,6,51,57,1.105263157894737,0.04101019591968312,686,The President forgot his arms-for-dirt receipt.
204,3337,1,4,52,57,1.105263157894737,0.04804583837764614,686,That’s the price of being a general?
221,3337,0,6,51,57,1.105263157894737,0.04101019591968312,686,"I will admit it's this week's Daddy-Do list."""
231,3337,1,4,52,57,1.105263157894737,0.04804583837764614,686,I didn't realize that CVS had its own Lieutenant Generals.
246,3337,1,4,52,57,1.105263157894737,0.04804583837764614,686,I preferred the old days when we used to get orders face to face.
261,3337,1,4,52,57,1.105263157894737,0.04804583837764614,686,Wifi access code is on the back.
359,3337,0,6,51,57,1.105263157894737,0.04101019591968312,686,The medals were getting too heavy.
386,3337,0,6,51,57,1.105263157894737,0.04101019591968312,686,"Yeah we fight to make sure our grocery bills remain long and free. Not like Cuba, where you only have three types of water."
390,3337,2,2,53,57,1.105263157894737,0.05417535418851449,686,YOU SHOW ME ...I
395,3337,0,6,51,57,1.105263157894737,0.04101019591968312,686,The last one is for compulsiveness.
854,3337,0,6,51,57,1.105263157894737,0.04101019591968312,686,Just another never ending message from my office.
883,3337,0,6,51,57,1.105263157894737,0.04101019591968312,686,"And this one is for being CVS employee of the month """
127,3337,1,4,52,57,1.105263157894737,0.04804583837764614,686,It's my after party grocery list.
1040,3337,0,6,51,57,1.105263157894737,0.04101019591968312,686,"Yes, these are my ribbons for Iraq, Afghanistan and Walmart Black Friday"
1509,3337,1,4,52,57,1.105263157894737,0.04804583837764614,686,It's a list of all the children I've saved
1521,3337,2,2,53,57,1.105263157894737,0.05417535418851449,686,"I beg your pardon, are you showing me my  tax returns?"
1524,3337,0,6,51,57,1.105263157894737,0.04101019591968312,686,Got injured in a Black Friday op
1528,3337,1,4,52,57,1.105263157894737,0.04804583837764614,686,It's my Santa's list!
1604,3337,1,4,52,57,1.105263157894737,0.04804583837764614,686,The Pentagon insists I let people know how much the military-industrial complex is costing them.
1612,3337,0,6,51,57,1.105263157894737,0.04101019591968312,686,"Don't look at my eyes, my achievements are down there."
1507,3337,1,4,52,57,1.105263157894737,0.04804583837764614,686,The Missus insists I carry this grocery list so I don't forget anything on the way home!
1772,3337,0,6,51,57,1.105263157894737,0.04101019591968312,686,"Every Purple Heart comes with your chart now. And yes, hemorrhoids are considered a military injury in command."
1787,3337,2,2,53,57,1.105263157894737,0.05417535418851449,686,I agree your brag sheet is a good indicator of how you are between the sheets!
1794,3337,1,4,52,57,1.105263157894737,0.04804583837764614,686,That's a pretty big receipt for just a pack of gum.
1860,3337,1,4,52,57,1.105263157894737,0.04804583837764614,686,I got tired of explaining what they mean.
1865,3337,1,4,52,57,1.105263157894737,0.04804583837764614,686,They're giving medals now for cost overruns?
1961,3337,0,6,51,57,1.105263157894737,0.04101019591968312,686,"beep boop
 I. AM. COLONEL SCHMOOZ 5000 ---- THIS TRANSACTION REQUIRES 2 STEP AUTHENTICATION. 
PLEASE LOOK INTO MY EYE CAMERAS AND TAKE YOUR RECEIPT zzzZZZZchh."
930,3337,1,4,52,57,1.105263157894737,0.04804583837764614,686,"For the last time Miss, we don’t offer secret services for purebred chihuahuas.”

Calliope Goldman and Katherine Neumann, Newton MA.’"
1782,3337,0,6,51,57,1.105263157894737,0.04101019591968312,686,"Well, this can’t be a case of stolen valor. I can see you paid for it, receipt and all."
1499,3337,0,6,51,57,1.105263157894737,0.04101019591968312,686,"So I said trust me - I come home without your G.d. collard greens, and next week I'll not only make a list, I'll WEAR it!"
1652,3337,0,6,51,57,1.105263157894737,0.04101019591968312,686,I got most of these at a general store.
1420,3337,1,4,52,57,1.105263157894737,0.04804583837764614,686,You bet I killed 'em all myself.  Every last one of them!
1090,3337,1,4,52,57,1.105263157894737,0.04804583837764614,686,I earned this one in the Battle of Black Friday.
1131,3337,1,4,52,57,1.105263157894737,0.04804583837764614,686,It's updated every day.
1168,3337,2,2,53,57,1.105263157894737,0.05417535418851449,686,The cost of making those ribbons is shown on the receipt.  The cost of earning those ribbons is shown on my face.
1169,3337,1,4,52,57,1.105263157894737,0.04804583837764614,686,Lists all the patches.  Tear it off and keep it if you want.
1191,3337,1,4,52,57,1.105263157894737,0.04804583837764614,686,"Don’t get too close, it’s been known to bite!"
1200,3337,0,6,51,57,1.105263157894737,0.04101019591968312,686,Your Good Conduct medal cost that much??
1232,3337,0,6,51,57,1.105263157894737,0.04101019591968312,686,"'Arms Sales: the Key to Promotion!  
That's how I lost my left """
1323,3337,0,6,51,57,1.105263157894737,0.04101019591968312,686,"Not a bloody damn clue how the military works!
He's  racking up quite a tab."
1070,3337,1,4,52,57,1.105263157894737,0.04804583837764614,686,I see the badges got you some ExtraCare coupons.
1381,3337,0,6,51,57,1.105263157894737,0.04101019591968312,686,At least they gave you a return receipt
1399,3337,1,4,52,57,1.105263157894737,0.04804583837764614,686,That's a list of all the boring cocktail parties I've had to endure over the years.
1271,3337,1,4,52,57,1.105263157894737,0.04804583837764614,686,Which medal is for bravery in the face of CVS?
1495,3337,2,2,53,57,1.105263157894737,0.05417535418851449,686,"Yes you heard me right, first regiment of  Walmart on Black Friday."
819,3478,0,6,52,58,1.103448275862069,0.04033776909417944,686,"Ooh, a coupon for 50 cents off my next defense contract!"
2653,3478,0,6,52,58,1.103448275862069,0.04033776909417944,686,"It's my congressional receipt. I tell ya, the darn thing just keeps getting longer."
2966,3478,2,2,54,58,1.103448275862069,0.053264030739395375,686,"It's for, um, intestinal emergencies..."
3161,3478,1,4,53,58,1.103448275862069,0.04724506633555822,686,So you’ve survived Vietnam and Walmart on Black Friday?
630,3478,0,6,52,58,1.103448275862069,0.04033776909417944,686,"And if you don’t believe me, here are the receipts."
3298,3483,0,6,53,59,1.1016949152542372,0.03968693424047915,686,It reminds what I am fighting for-Black Friday sales.
3938,3483,1,4,54,59,1.1016949152542372,0.0464704883270233,686,"Sir, who's going to pay for that?"
2788,3483,0,6,53,59,1.1016949152542372,0.03968693424047915,686,I see you were awarded the CVS medal of freedom
399,3483,0,6,53,59,1.1016949152542372,0.03968693424047915,686,Can you tell me where to get one of those badges please
1584,3483,1,4,54,59,1.1016949152542372,0.0464704883270233,686,That damn CVS.
2216,3483,0,6,53,59,1.1016949152542372,0.03968693424047915,686,That medal is for getting everything on a shopping list without having to make a second trip.
2350,3483,1,4,54,59,1.1016949152542372,0.0464704883270233,686,It's a laundry list of awards.
2575,3490,0,6,54,60,1.1,0.03905667329424718,686,"Yes ma’am, served two tours overseas in support of Operation CVS."
3434,3490,1,4,55,60,1.1,0.04572084295183095,686,You won't believe the savings I received when getting these medals
3254,3492,1,3,50,54,1.0925925925925926,0.04779204982962338,686,It’s for shopping at Walmart and getting the giant tv on Black Friday.
3324,3492,0,5,49,54,1.0925925925925926,0.03981542423923758,686,Looks like you got bought.  When will you be sold?
2111,3492,0,5,49,54,1.0925925925925926,0.03981542423923758,686,It's proof I'm a heroic vegan
2769,3492,1,3,50,54,1.0925925925925926,0.04779204982962338,686,Survival of the fittest
3951,3492,1,3,50,54,1.0925925925925926,0.04779204982962338,686,Finances had been a challenge for Colonel Berkshire recently so his pawn shop receipt would have to stand-in temporarily (he constantly reassured himself) for his Purple Heart.
2638,3492,1,3,50,54,1.0925925925925926,0.04779204982962338,686,"…and this one’s for cynically goatroaping young Americans starved of opportunity to oppress and kill their global peers in order to prop up the very oligarchs that cause that starvation. and this one? ah, yes, this one’s for thinking i''m a hero."
2152,3492,1,3,50,54,1.0925925925925926,0.04779204982962338,686,"Sorry, you don't fit the bill. Thanks."
2128,3492,1,3,50,54,1.0925925925925926,0.04779204982962338,686,It was awarded by CVS.
3369,3492,1,3,50,54,1.0925925925925926,0.04779204982962338,686,"Alexa, print a copy so that she doesn't forget my campaigns."
2042,3492,0,5,49,54,1.0925925925925926,0.03981542423923758,686,The deleted is still classified.
712,3492,0,5,49,54,1.0925925925925926,0.03981542423923758,686,The Space Force hasn't gotten to nailing down the patterns yet.
1993,3492,1,3,50,54,1.0925925925925926,0.04779204982962338,686,That one's for defeating Marshall TJ Maxx at the Battle of CVS/Caremark!
1283,3492,1,3,50,54,1.0925925925925926,0.04779204982962338,686,I've been awarded the cupid star for every date I've had since the 6th grade.
1037,3492,0,5,49,54,1.0925925925925926,0.03981542423923758,686,"My goodness, you have so many medals!
I grew weary explaining them, so I installed a printer that details each of my awards. It looks like a pharmacy receipt, but it's all there."
948,3492,1,3,50,54,1.0925925925925926,0.04779204982962338,686,Not to worry hon. These are prospective intern phone numbers.
829,3492,1,3,50,54,1.0925925925925926,0.04779204982962338,686,Pay on your way out; swing your car around to the back of the building to pick up all the wisdom I’ve dropped on you tonight.
322,3492,0,5,49,54,1.0925925925925926,0.03981542423923758,686,"Omg, You Mr President"
2026,3492,0,5,49,54,1.0925925925925926,0.03981542423923758,686,Finally somebody with distinguishable facial features.
2550,3510,1,3,53,57,1.087719298245614,0.04533847748151766,686,How long did you have to pin that bear again to get this one?
1576,3510,0,5,52,57,1.087719298245614,0.037802263481198896,686,Now let's see. Your share of $700 billion comes to...
3121,3510,1,3,53,57,1.087719298245614,0.04533847748151766,686,"I’m sorry, as a high ranking commander I am not at liberty for any disclosure, 
unless of course......"
2456,3510,0,5,52,57,1.087719298245614,0.037802263481198896,686,My sleeve is too short for all that pride.
164,3514,1,3,54,58,1.0862068965517242,0.044575586536534074,686,"Wow, I didn't know they had ribbons at Safeway?"
471,3514,1,3,54,58,1.0862068965517242,0.044575586536534074,686,Having that bill on you must be more stressful than Santa doing his naughty or nice list.
3235,3514,0,5,53,58,1.0862068965517242,0.03717555967998436,686,After the court-martial they added asterisks.
3859,3514,0,5,53,58,1.0862068965517242,0.03717555967998436,686,My medals got too heavy to continue wearing.
2548,3518,0,5,54,59,1.0847457627118644,0.03656923485905472,686,"That one's for my CVS tours, ma'am."
591,3518,0,5,54,59,1.0847457627118644,0.03656923485905472,686,Oh my! You weren't kidding about the rations list.
1491,3518,0,5,54,59,1.0847457627118644,0.03656923485905472,686,I got that one for surviving ‘Black Friday’.
2286,3518,0,5,54,59,1.0847457627118644,0.03656923485905472,686,"Oh honey, I forgot to add toilet paper to the list."
1475,3522,0,5,55,60,1.0833333333333333,0.03598231413236438,686,"Black Friday, mam”"
3778,3523,0,5,56,61,1.0819672131147542,0.03541388359785716,686,I am most proud of my duty at CVS.
2843,3523,0,5,56,61,1.0819672131147542,0.03541388359785716,686,It’s for my honourable account charge.
2822,3525,0,4,46,50,1.08,0.03875617133214439,686,"OK, I’m convinced. You do have a super ego problem. [This caption is for Nov. 25 issue, as it just arrived yesterday.]"
2702,3525,0,4,46,50,1.08,0.03875617133214439,686,"That one is for recognizing a particularly difficult Pinot Noir with a fruity, playful, piquant nose."
2100,3525,0,4,46,50,1.08,0.03875617133214439,686,That's my wife's shopping list so I won't forget to do!
2698,3525,1,2,47,50,1.08,0.04814942727529348,686,hey u want to dance you seem cute
2696,3525,0,4,46,50,1.08,0.03875617133214439,686,there arguing about making microwavable cheese
2667,3525,0,4,46,50,1.08,0.03875617133214439,686,"Um, I don't know how to stop it from growing."
2642,3525,0,4,46,50,1.08,0.03875617133214439,686,It's a receipt in case the President tries to make me return my decorations.
2565,3525,0,4,46,50,1.08,0.03875617133214439,686,I was created so long ago the DOD used paper tape to program me.
2536,3525,0,4,46,50,1.08,0.03875617133214439,686,It's a receipt for all of the money I've had to put in the 'swear jar' this month.
2523,3525,0,4,46,50,1.08,0.03875617133214439,686,You oughta see my kitty cat go when I do this.
2499,3525,0,4,46,50,1.08,0.03875617133214439,686,Thanks for your donation. Here's your receipt.
2491,3525,0,4,46,50,1.08,0.03875617133214439,686,Is that receipt a ribbon for your service in the Battle of Black Friday?
2442,3525,0,4,46,50,1.08,0.03875617133214439,686,"Oh, my General, Vietnam, Panama, Serbia, Desert Store, and you've been to CVS too?"
2378,3525,0,4,46,50,1.08,0.03875617133214439,686,Are all checks this well-decorated?
2331,3525,1,2,47,50,1.08,0.04814942727529348,686,"Oh my, you have so many accommodations!"
2327,3525,1,2,47,50,1.08,0.04814942727529348,686,"I OKed the $10,000 toilet seat."
2312,3525,0,4,46,50,1.08,0.03875617133214439,686,It's a breakdown of the budget I got Congress to approve this year.
2302,3525,0,4,46,50,1.08,0.03875617133214439,686,"Never mind that, it’s classified. So what dat mouf do gurl?"
2264,3525,0,4,46,50,1.08,0.03875617133214439,686,The budget office has declared that we must put a price on security.
2206,3525,0,4,46,50,1.08,0.03875617133214439,686,I am permitted to speak but only if you pay here.
2124,3525,1,2,47,50,1.08,0.04814942727529348,686,"It's for Meritous Service ""Above and Beyond"" at CVS"
2832,3525,1,2,47,50,1.08,0.04814942727529348,686,I didn't forget to pick up groceries
2098,3525,1,2,47,50,1.08,0.04814942727529348,686,Credit card or cash?
2986,3525,0,4,46,50,1.08,0.03875617133214439,686,It's the new pay-as-you-play army
4011,3525,0,4,46,50,1.08,0.03875617133214439,686,And then I received this Receipt of Honor for getting groceries on a budget.”
4006,3525,0,4,46,50,1.08,0.03875617133214439,686,"''Oh, Aubrey get down from there!''
''It's not my fault Sir, my leg hurts, I can't reach my purse.''"
3826,3525,1,2,47,50,1.08,0.04814942727529348,686,It’s my distinguished bar tab bar
3790,3525,1,2,47,50,1.08,0.04814942727529348,686,Here's the ingredients for my Fruit Salad
3685,3525,0,4,46,50,1.08,0.03875617133214439,686,"It""s my one way ticket back to a civilized life."""
3596,3525,0,4,46,50,1.08,0.03875617133214439,686,I won the Pharmacy Wars for CVS back in the '90s.
3565,3525,1,2,47,50,1.08,0.04814942727529348,686,"It's a list of Meritorious Masts, old boyfriends, and kitten quotes."
3563,3525,0,4,46,50,1.08,0.03875617133214439,686,I though the uniform needed something extra to remind people of my service
3489,3525,0,4,46,50,1.08,0.03875617133214439,686,Bravery? Heck no! These are my IMDB credits!
2882,3525,0,4,46,50,1.08,0.03875617133214439,686,"I figure if I pin it here, Santa can’t refuse."
3474,3525,0,4,46,50,1.08,0.03875617133214439,686,I don't dare look too much like I'm serving the country.
3333,3525,1,2,47,50,1.08,0.04814942727529348,686,That's my shopping on Black Friday commendation.
3290,3525,0,4,46,50,1.08,0.03875617133214439,686,CVS was offering a BOGO deal on holiday decorations.
3271,3525,0,4,46,50,1.08,0.03875617133214439,686,It's a neat way to avoid getting stuck by all those pins
3217,3525,0,4,46,50,1.08,0.03875617133214439,686,Your a stand-in double for President Trump.
3209,3525,0,4,46,50,1.08,0.03875617133214439,686,This was for bravery in the Battle of Walmart
3128,3525,0,4,46,50,1.08,0.03875617133214439,686,"No, that is not a list of the people I've killed in combat. That is a list of all the women I've loved. Big difference, wouldn't you say?"
3068,3525,1,2,47,50,1.08,0.04814942727529348,686,Bottomlinefighter ribbon.
3037,3525,1,2,47,50,1.08,0.04814942727529348,686,I see that you have a description of each medal in case someone cares.
2988,3525,0,4,46,50,1.08,0.03875617133214439,686,I was last stationed at a CVS.
3456,3525,1,2,47,50,1.08,0.04814942727529348,686,It's for exceptional bravery in a drug store.
2053,3525,0,4,46,50,1.08,0.03875617133214439,686,That one is for thirty hard years at the check out counter at Walmart.
953,3525,1,2,47,50,1.08,0.04814942727529348,686,It's for meritorious duty behind the counter at the officer's club.
2044,3525,0,4,46,50,1.08,0.03875617133214439,686,Cost overruns.???
1004,3525,1,2,47,50,1.08,0.04814942727529348,686,Does your shopping list include L'air Du Temps?
999,3525,2,0,48,50,1.08,0.05598833697790121,686,It's a list of the Big Box bargains I captured on Black Friday.
768,3525,1,2,47,50,1.08,0.04814942727529348,686,This printout is from Trump - He's either just awarded me another medal or taken one away.
748,3525,0,4,46,50,1.08,0.03875617133214439,686,For exemplary service as cashier at the PX.
669,3525,1,2,47,50,1.08,0.04814942727529348,686,The White Stripe confers more glory than the Purple Heart.
546,3525,0,4,46,50,1.08,0.03875617133214439,686,I       am      not     an      ar    mee      ro    bot.
543,3525,0,4,46,50,1.08,0.03875617133214439,686,I was awarded the Red Tape Heart for valor in the face of politicians.
519,3525,0,4,46,50,1.08,0.03875617133214439,686,"You’re right,  the price I paid was very high and I didn’t tip."
442,3525,1,2,47,50,1.08,0.04814942727529348,686,That one was for invading CVS.
431,3525,0,4,46,50,1.08,0.03875617133214439,686,I know. My extreme couponing skills are impressive.
351,3525,0,4,46,50,1.08,0.03875617133214439,686,Your receipt is hanging out.
267,3525,1,2,47,50,1.08,0.04814942727529348,686,I can account for every commendation with this receipt.
234,3525,0,4,46,50,1.08,0.03875617133214439,686,Nah.  It’s just my wife’s to do list.
163,3525,1,2,47,50,1.08,0.04814942727529348,686,"It's for Courage, Valor, Service, or the CVS award."
88,3525,1,2,47,50,1.08,0.04814942727529348,686,There seems to be a discrepancy with what you're saying and what your suit says
85,3525,1,2,47,50,1.08,0.04814942727529348,686,They wanted to sign it
66,3525,0,4,46,50,1.08,0.03875617133214439,686,They're just my orders of merit.
7,3525,0,4,46,50,1.08,0.03875617133214439,686,He could see she was into metal..
2,3525,1,2,47,50,1.08,0.04814942727529348,686,"« #quotes 4h
& lasaretta79

° Ge conobbero. Lui conobbe

lei e se stesso, perche
in verita non s’era mai
saputo.

E lei conobbe lui e se
stessa , perchée pur
essendosi saputa sempre,
mai s’era potuta
riconoscere cosi.

Italo Calvino"
1034,3525,0,4,46,50,1.08,0.03875617133214439,686,"Yes, they are pretty. And No I'm not a Boy Scout, Waiter, or Tour Guide.  (Yes, I've been asked those questions)."
1118,3525,0,4,46,50,1.08,0.03875617133214439,686,"Well, it did cost a lot"
981,3525,1,2,47,50,1.08,0.04814942727529348,686,"You may need to revisit the bathroom and check the mirror for toilet paper, Mr. President."
1173,3525,0,4,46,50,1.08,0.03875617133214439,686,"It’s Lieutenant Colonel CVS, Ma’am"
2043,3525,1,2,47,50,1.08,0.04814942727529348,686,Is that your CVS Receipt?
1968,3525,0,4,46,50,1.08,0.03875617133214439,686,Plus I get a 30% discount at the Fuel & Go.
1960,3525,0,4,46,50,1.08,0.03875617133214439,686,It’s a ticket from the cleaners...we need daily stain-removal....
1888,3525,0,4,46,50,1.08,0.03875617133214439,686,Don't read the fine print!
1876,3525,0,4,46,50,1.08,0.03875617133214439,686,And that one came from CVS.
1127,3525,0,4,46,50,1.08,0.03875617133214439,686,The medals themselves didn’t express the cost.
1833,3525,0,4,46,50,1.08,0.03875617133214439,686,"Oh gosh, I see you’ve been awarded the CVS!"
1813,3525,1,2,47,50,1.08,0.04814942727529348,686,Enough of this small print.  You had me at “attention
1801,3525,0,4,46,50,1.08,0.03875617133214439,686,"How it happened, when, where and every detail is written right here..."
1798,3525,1,2,47,50,1.08,0.04814942727529348,686,I got 5 dollars in extra bucks.
1872,3525,0,4,46,50,1.08,0.03875617133214439,686,Is that this years Christmas list? Or are you trying to prove to your wife you bought the groceries?
1721,3525,1,2,47,50,1.08,0.04814942727529348,686,It's recipes from my deployments.
1600,3525,0,4,46,50,1.08,0.03875617133214439,686,The CVS Medal of Honor and $3.00 off your next purchase?    Color me impressed.
2052,3525,1,2,47,50,1.08,0.04814942727529348,686,"Yes, that's aardvark you smell on me. And yes, I went to CVS before the party. Burp! I'm decorated!"
1498,3525,1,2,47,50,1.08,0.04814942727529348,686,"You have to buy your badges at a store when you're not qualified,
I kept the receipt."
1353,3525,1,2,47,50,1.08,0.04814942727529348,686,"Oh no M'am, Sorry.  I just came from the grocery store."
1291,3525,1,2,47,50,1.08,0.04814942727529348,686,That's the receipt for this uniform and all these decorations.  I got a good deal!
1233,3525,1,2,47,50,1.08,0.04814942727529348,686,"Given to me for my contribution to CVS Pharmacies."""
1186,3525,0,4,46,50,1.08,0.03875617133214439,686,"What notable tweets, sir."
1727,3525,1,2,47,50,1.08,0.04814942727529348,686,It's not for your drinks. Its my PTSD tab.
2496,3616,1,2,48,51,1.0784313725490196,0.04722193952467567,686,Earning that one was the hardest -- it's my wife's To-Do List.
2916,3616,1,2,48,51,1.0784313725490196,0.04722193952467567,686,"Now that's a long shopping list""."
2967,3616,1,2,48,51,1.0784313725490196,0.04722193952467567,686,"Nice, a Bag Boy  medal and ribbon for speed and order."
3096,3616,0,4,47,51,1.0784313725490196,0.03802101848953984,686,I got that one in the great Black Friday price war of '08.
4045,3616,0,4,47,51,1.0784313725490196,0.03802101848953984,686,I’ve got receipts.
3712,3616,1,2,48,51,1.0784313725490196,0.04722193952467567,686,It's for distinguished service in the candy aisle at CVS.
4043,3616,0,4,47,51,1.0784313725490196,0.03802101848953984,686,I was stationed at the North Pole. I helped with the Naughty and Nice list.
2482,3616,0,4,47,51,1.0784313725490196,0.03802101848953984,686,I got that last one for service on behalf of CVS
3466,3616,1,2,48,51,1.0784313725490196,0.04722193952467567,686,That one pays residuals.
2448,3616,1,2,48,51,1.0784313725490196,0.04722193952467567,686,"Yea,  budget cuts from the big guy means printouts instead of those old medals.  And don’t even get me started on the new buttons."
499,3616,1,2,48,51,1.0784313725490196,0.04722193952467567,686,We shall defend our island whatever the cost.
2151,3616,0,4,47,51,1.0784313725490196,0.03802101848953984,686,It's the list of folks I get in trouble for not saluting.
1832,3616,1,2,48,51,1.0784313725490196,0.04722193952467567,686,I was honored to be in the latrine service.
1586,3616,0,4,47,51,1.0784313725490196,0.03802101848953984,686,It's a list of my congressional testimonies.
1560,3616,1,2,48,51,1.0784313725490196,0.04722193952467567,686,"I’m on leave, but ready to return at any moment."
2217,3616,1,2,48,51,1.0784313725490196,0.04722193952467567,686,And I thought only chickens could lay eggs.
336,3616,1,2,48,51,1.0784313725490196,0.04722193952467567,686,"Thank you for that, Ma'am. Do you want a receipt?"
60,3616,0,4,47,51,1.0784313725490196,0.03802101848953984,686,"Good evening Sir or Madam. Joint_Chiefs_Model_Bravo-3 cordially and very respectfully greets you. Please be advised that if I am inappropriately detained, in any manner, I will self-destruct. I must comment that this is the GREATEST event EVER!!"
1332,3634,1,2,54,57,1.0701754385964912,0.04232918735352016,686,My nest career assignment is as CEO for CVS.
2823,3635,0,3,44,47,1.0638297872340425,0.03604210867489022,686,That's a sales receipt to show that I survived Black Friday shopping!
2818,3635,0,3,44,47,1.0638297872340425,0.03604210867489022,686,That one is so I don't forget to pick up a few things on the way home.
3063,3635,0,3,44,47,1.0638297872340425,0.03604210867489022,686,... that's my Costco receipt for the wine.
2815,3635,0,3,44,47,1.0638297872340425,0.03604210867489022,686,"Thank you for your servers""

""You're welcome"
2813,3635,1,1,45,47,1.0638297872340425,0.0471603962868858,686,I printed this invoice for the fruit salad you ordered.
2798,3635,0,3,44,47,1.0638297872340425,0.03604210867489022,686,It’s only what I’m worth!
2795,3635,1,1,45,47,1.0638297872340425,0.0471603962868858,686,"If you're going to itemize everything we consume, could you at least price it before tariffs?"
2761,3635,0,3,44,47,1.0638297872340425,0.03604210867489022,686,That's my Got Stuck with the Bill for a Political Rally/Parade in D.C. Ribbon.
2772,3635,0,3,44,47,1.0638297872340425,0.03604210867489022,686,"Good idea, Major!  Your itemized receipt for each of your ribbons and medals certainly reduces the need for a lot of inane small talk surrounding your military career!"
2830,3635,1,1,45,47,1.0638297872340425,0.0471603962868858,686,You wanna talk about a real conflict - you’ve got to meet my husband
2758,3635,1,1,45,47,1.0638297872340425,0.0471603962868858,686,"Oh, I see you bought a Hershey bar at CVS. Your family must be so proud!"
2748,3635,0,3,44,47,1.0638297872340425,0.03604210867489022,686,I'm having the Peking aperiTARIFF.
2747,3635,0,3,44,47,1.0638297872340425,0.03604210867489022,686,"You get one of these from Amazon to show how many drone ""deliveries"" you've made."
2736,3635,0,3,44,47,1.0638297872340425,0.03604210867489022,686,This badge lists my war crimes.
2725,3635,1,1,45,47,1.0638297872340425,0.0471603962868858,686,"Honey, it's the bill for my uniforms Fruit Salad!"
2778,3635,0,3,44,47,1.0638297872340425,0.03604210867489022,686,this is my list of demands
2838,3635,1,1,45,47,1.0638297872340425,0.0471603962868858,686,That's how much I saved shopping.
2892,3635,1,1,45,47,1.0638297872340425,0.0471603962868858,686,"Yes, I stopped at CVS before I got here."
2855,3635,0,3,44,47,1.0638297872340425,0.03604210867489022,686,That's my Target run list.
2701,3635,0,3,44,47,1.0638297872340425,0.03604210867489022,686,"Sir, you have to many badges it's weighing you down!"
2996,3635,0,3,44,47,1.0638297872340425,0.03604210867489022,686,It's a receipt I fell asleep on my couch and there were grocery bags on there haha
3032,3635,0,3,44,47,1.0638297872340425,0.03604210867489022,686,I also served at a CVS.
2983,3635,0,3,44,47,1.0638297872340425,0.03604210867489022,686,CVS receipt?
2981,3635,0,3,44,47,1.0638297872340425,0.03604210867489022,686,I just bought stock in CVS
2969,3635,1,1,45,47,1.0638297872340425,0.0471603962868858,686,Just so you know.
2962,3635,0,3,44,47,1.0638297872340425,0.03604210867489022,686,I hope I’m not on your naughty list.
2851,3635,0,3,44,47,1.0638297872340425,0.03604210867489022,686,I value a good to-do list.
2955,3635,1,1,45,47,1.0638297872340425,0.0471603962868858,686,"Yes, I HAVE 'paid my dues.' My audio-equipped service-ribbon display now prints a dues-receipt when someone asks that question. Dates, locations, damage done to and by me, justification for and cost of the damage, who voted for and against it..."
2925,3635,0,3,44,47,1.0638297872340425,0.03604210867489022,686,"Thank you for your service, but it says here the tip is included."
2915,3635,0,3,44,47,1.0638297872340425,0.03604210867489022,686,"So, do you shop at CVS often?"
2907,3635,0,3,44,47,1.0638297872340425,0.03604210867489022,686,It's a receipt I give each taxpayer.  Of course all sales are final.
2904,3635,1,1,45,47,1.0638297872340425,0.0471603962868858,686,"I told you, happy hour is until 8:00!"
2901,3635,0,3,44,47,1.0638297872340425,0.03604210867489022,686,"If anyone asks what I got these medals for, I am required by the Commander in Chief, to give you a receipt."
2896,3635,1,1,45,47,1.0638297872340425,0.0471603962868858,686,"Oh, it's just a receipt for your trip to Trader Joe's. I heard it's quite the battle to find parking there."""
2877,3635,1,1,45,47,1.0638297872340425,0.0471603962868858,686,My party favours are 'Mission-Critical'
2940,3635,0,3,44,47,1.0638297872340425,0.03604210867489022,686,I see they're returnable within 30 days.
2697,3635,0,3,44,47,1.0638297872340425,0.03604210867489022,686,The cost of freedom adds up over time.
2248,3635,0,3,44,47,1.0638297872340425,0.03604210867489022,686,It may look like a grocery receipt honey but I can assure you it is not
2621,3635,0,3,44,47,1.0638297872340425,0.03604210867489022,686,"Every time I speak to a civilian, I'm required to charge for my remarks and provide a receipt."
2352,3635,0,3,44,47,1.0638297872340425,0.03604210867489022,686,It's my CVS receipt for medal polish.
2339,3635,1,1,45,47,1.0638297872340425,0.0471603962868858,686,More spent on war machines yields receipts out my pocket
2313,3635,1,1,45,47,1.0638297872340425,0.0471603962868858,686,"It’s a list of marital disagreements that I won during our marriage, including a battle over whether I should wear it in public."
2307,3635,1,1,45,47,1.0638297872340425,0.0471603962868858,686,"It's the Home Depot receipt for the power mowers from ""Operation Whitehouse Lawn."""
2284,3635,0,3,44,47,1.0638297872340425,0.03604210867489022,686,"Pardon me, but I Didn’t know that CVS sold medals."
2278,3635,0,3,44,47,1.0638297872340425,0.03604210867489022,686,Costco had a sale.
2270,3635,0,3,44,47,1.0638297872340425,0.03604210867489022,686,It is a list of what I have conquered since 11 o'clock.
2405,3635,1,1,45,47,1.0638297872340425,0.0471603962868858,686,We're all former Secretaries of Defense.
2265,3635,1,1,45,47,1.0638297872340425,0.0471603962868858,686,And then I enlisted with CVS.
2188,3635,0,3,44,47,1.0638297872340425,0.03604210867489022,686,"No Ma'am, I didn't. I'm a doctor."
2163,3635,0,3,44,47,1.0638297872340425,0.03604210867489022,686,"I know they say to celebrate the small things, but lieutenant, this is your grocery list."
2150,3635,1,1,45,47,1.0638297872340425,0.0471603962868858,686,Is any of that recognition for massage? My quad is killing me.
2148,3635,0,3,44,47,1.0638297872340425,0.03604210867489022,686,Awarded for valor in the produce section.
2145,3635,0,3,44,47,1.0638297872340425,0.03604210867489022,686,These Spanx are killing me.
2142,3635,0,3,44,47,1.0638297872340425,0.03604210867489022,686,It's a Black Friday receipt for valor in the face of dangerous women.
2136,3635,0,3,44,47,1.0638297872340425,0.03604210867489022,686,...and I couldn't just leave him there with all of those accounts payable.
3066,3635,0,3,44,47,1.0638297872340425,0.03604210867489022,686,This register tape shows how much the military is costing you.
2680,3635,0,3,44,47,1.0638297872340425,0.03604210867489022,686,It omitted the scrambled eggs on your hat.
2414,3635,1,1,45,47,1.0638297872340425,0.0471603962868858,686,Take a coupon and you can have a chest full of medals too.
2429,3635,1,1,45,47,1.0638297872340425,0.0471603962868858,686,"It’s actually ‘Lieutenant Colonel’ of CVS, thank you very much!"
2614,3635,0,3,44,47,1.0638297872340425,0.03604210867489022,686,"...And since he considers us all fake, we have been ordered to wear ingredients lists, like we're some cheap commodity. Just to piss him off, I made mine 'gluten free.'"
2608,3635,0,3,44,47,1.0638297872340425,0.03604210867489022,686,"I know you don’t like my co-workers, but the EKG machine in your jacket is not very subtle"
2596,3635,1,1,45,47,1.0638297872340425,0.0471603962868858,686,This one is for finding the lost battalion.
2593,3635,0,3,44,47,1.0638297872340425,0.03604210867489022,686,"I see! Literally, you kept receipts for all your medals."
2567,3635,0,3,44,47,1.0638297872340425,0.03604210867489022,686,Here’s proof I can shop courageously.
2563,3635,0,3,44,47,1.0638297872340425,0.03604210867489022,686,I served in the commissary right after boot camp.
2558,3635,0,3,44,47,1.0638297872340425,0.03604210867489022,686,It's a little reminder that love can get expensive.
2425,3635,1,1,45,47,1.0638297872340425,0.0471603962868858,686,That glass of Freedom-grigio you're enjoying came at a cost
2540,3635,1,1,45,47,1.0638297872340425,0.0471603962868858,686,That's what happens when you press my cyber award.
2505,3635,1,1,45,47,1.0638297872340425,0.0471603962868858,686,"No, that isn't a healthcare surcharge."
2503,3635,0,3,44,47,1.0638297872340425,0.03604210867489022,686,I rented this uniform and that's the receipt for all these medals.
2494,3635,1,1,45,47,1.0638297872340425,0.0471603962868858,686,That was from the battle of Costco...
2457,3635,1,1,45,47,1.0638297872340425,0.0471603962868858,686,Yeah...I want EVERYONE to know how much these medals and bars COST me!
2445,3635,1,1,45,47,1.0638297872340425,0.0471603962868858,686,"Harold, why are dressed for Halloween?"
2436,3635,0,3,44,47,1.0638297872340425,0.03604210867489022,686,So I don't have to tell everyone how I got my ribbons...
2433,3635,0,3,44,47,1.0638297872340425,0.03604210867489022,686,My driver brought me here straight from Whole Foods.
2510,3635,0,3,44,47,1.0638297872340425,0.03604210867489022,686,I was hacked!
3070,3635,0,3,44,47,1.0638297872340425,0.03604210867489022,686,No. I did not get all my medals from CVS.
3429,3635,0,3,44,47,1.0638297872340425,0.03604210867489022,686,"Seal Trident? No, a Bone Spur Commendation for my Thanksgiving Save the Whitehouse Turkey campaign."
3152,3635,0,3,44,47,1.0638297872340425,0.03604210867489022,686,Your wife is clever to put the grocery list on you
3719,3635,0,3,44,47,1.0638297872340425,0.03604210867489022,686,But are you good in the kitchen?
3716,3635,0,3,44,47,1.0638297872340425,0.03604210867489022,686,Grocery.  So you never leave a ham behind.
3678,3635,0,3,44,47,1.0638297872340425,0.03604210867489022,686,Took both kids to the supermarket by myself. Most proud of that one.
3672,3635,1,1,45,47,1.0638297872340425,0.0471603962868858,686,I’m french.
3667,3635,1,1,45,47,1.0638297872340425,0.0471603962868858,686,Is the shopping list an achievement award?
3665,3635,0,3,44,47,1.0638297872340425,0.03604210867489022,686,"I pushed ""No Receipt""."
3651,3635,0,3,44,47,1.0638297872340425,0.03604210867489022,686,It's just my fruit salad recipe.
3731,3635,0,3,44,47,1.0638297872340425,0.03604210867489022,686,I still think there must be a better way for you to remember our grocery list.
3642,3635,1,1,45,47,1.0638297872340425,0.0471603962868858,686,That one is for commandeering a CVS store.
3595,3635,0,3,44,47,1.0638297872340425,0.03604210867489022,686,"Karl took his ex-wife's suggestion to ""show me the receipts"" quite literally."
3576,3635,0,3,44,47,1.0638297872340425,0.03604210867489022,686,"Regardless of who or whom, it's always patriotic to support the economy."
3554,3635,0,3,44,47,1.0638297872340425,0.03604210867489022,686,"So, you've served our country? Tell me, what was that like?"
3549,3635,1,1,45,47,1.0638297872340425,0.0471603962868858,686,Are you a Never Trumper? No I can’t be a Never Anything.
3546,3635,1,1,45,47,1.0638297872340425,0.0471603962868858,686,"No, Madam, I did not pay for my Medal of Honor with my CVS extra bucks!!"
3544,3635,0,3,44,47,1.0638297872340425,0.03604210867489022,686,I like cheese.
3538,3635,0,3,44,47,1.0638297872340425,0.03604210867489022,686,There's a fabric shortage.
3623,3635,1,1,45,47,1.0638297872340425,0.0471603962868858,686,I rate the new self-checkout machine 4 stars.
3537,3635,1,1,45,47,1.0638297872340425,0.0471603962868858,686,That's from two tours at a CVS in Midtown.
3743,3635,1,1,45,47,1.0638297872340425,0.0471603962868858,686,It's for Distinguished Service in the Commissary.
3815,3635,0,3,44,47,1.0638297872340425,0.03604210867489022,686,I received that for my time in CVS.
4056,3635,1,1,45,47,1.0638297872340425,0.0471603962868858,686,"When I manage to sleep, I dream of the little Iraqi girl whose brother I had just killed. She wouldn’t stop screaming, so I cut her throat with my knife. She kept trying to scream, but it was a whisper, a half-breath. Also I got a cash register titty"
4051,3635,0,3,44,47,1.0638297872340425,0.03604210867489022,686,"Oh, it’s a print out of my social media followers. It’s more “impressive” to people apparently."
4033,3635,1,1,45,47,1.0638297872340425,0.0471603962868858,686,And that bottom one was awarded to me by the CVS register.
4031,3635,0,3,44,47,1.0638297872340425,0.03604210867489022,686,I think you need to return to your AA group Sir.
4024,3635,1,1,45,47,1.0638297872340425,0.0471603962868858,686,"Let's see, how can I continue to stoke and poke men with the usual cute misandric humorous caption that will demean and belittle a military hero in uniform to win, show, or place in The New Stoker, or is it  called The New Poker?"
4014,3635,0,3,44,47,1.0638297872340425,0.03604210867489022,686,I identify as both a veteran and a vegetarian.
3990,3635,0,3,44,47,1.0638297872340425,0.03604210867489022,686,I could have emailed your complimentary receipt.
3747,3635,0,3,44,47,1.0638297872340425,0.03604210867489022,686,"Your really proud of that grocery receipt,  right Sir?"
3983,3635,0,3,44,47,1.0638297872340425,0.03604210867489022,686,Are you expecting a ticker-tape parade?
3936,3635,0,3,44,47,1.0638297872340425,0.03604210867489022,686,I never agreed with outsourced the badges to CVS
3927,3635,0,3,44,47,1.0638297872340425,0.03604210867489022,686,"I tell you, the lobster degree is a highly honoured one where I've served."
3913,3635,0,3,44,47,1.0638297872340425,0.03604210867489022,686,This just a list of the important ones
3883,3635,0,3,44,47,1.0638297872340425,0.03604210867489022,686,"The high costs or war, my arm and the dry cleaning bill for my dress uniform."
3849,3635,0,3,44,47,1.0638297872340425,0.03604210867489022,686,"Wow, the rate for ""personalized, angry, partisan tweet"" has really skyrocketed lately..."
3838,3635,0,3,44,47,1.0638297872340425,0.03604210867489022,686,Sorry. There’s no place for a tip.
3819,3635,0,3,44,47,1.0638297872340425,0.03604210867489022,686,CVS is our new sponsor.
3944,3635,0,3,44,47,1.0638297872340425,0.03604210867489022,686,I earned this one today at Walgreens.
3534,3635,1,1,45,47,1.0638297872340425,0.0471603962868858,686,"Technically, it's a list of my medals, not a 'recipe for my fruit salad.'"
3526,3635,1,1,45,47,1.0638297872340425,0.0471603962868858,686,It's your bill for our misadventures!
3525,3635,1,1,45,47,1.0638297872340425,0.0471603962868858,686,You should see my Christmas tree.
3295,3635,1,1,45,47,1.0638297872340425,0.0471603962868858,686,I got this one for doing the marketing in 2013.
3287,3635,1,1,45,47,1.0638297872340425,0.0471603962868858,686,Is this a war menu?
3284,3635,0,3,44,47,1.0638297872340425,0.03604210867489022,686,"Okay, you lost me at section #14"
3279,3635,1,1,45,47,1.0638297872340425,0.0471603962868858,686,Yeah I was in the CVS shit.
3273,3635,0,3,44,47,1.0638297872340425,0.03604210867489022,686,My list of successful conquests.
3266,3635,0,3,44,47,1.0638297872340425,0.03604210867489022,686,"My other awards, and as a bonus, there are coupons on the back."
3264,3635,1,1,45,47,1.0638297872340425,0.0471603962868858,686,That’s my CVS Commendation!
3305,3635,0,3,44,47,1.0638297872340425,0.03604210867489022,686,How fascinating! You won that battle ribbon by thinking up a dumb play on words and winning a caption contest?
3260,3635,1,1,45,47,1.0638297872340425,0.0471603962868858,686,My presidential pardon is pending based on whether I respond to Congress' subpoena in the impeachment inquiry
3239,3635,0,3,44,47,1.0638297872340425,0.03604210867489022,686,So these are the top comments on your homecoming video on YouTube?
3222,3635,1,1,45,47,1.0638297872340425,0.0471603962868858,686,"Actually, I'm very proud of my Costco savings!"
3187,3635,1,1,45,47,1.0638297872340425,0.0471603962868858,686,I've been in every major theatre since Desert Storm and I've got the receipts to prove it.
3186,3635,0,3,44,47,1.0638297872340425,0.03604210867489022,686,And those are my awards for participation.
3182,3635,0,3,44,47,1.0638297872340425,0.03604210867489022,686,It’s a list of what my wife wants me to pick up from the supermarket.
3175,3635,1,1,45,47,1.0638297872340425,0.0471603962868858,686,Would you like to have a receipt for the IRS?
3173,3635,1,1,45,47,1.0638297872340425,0.0471603962868858,686,"Well, that is a long list of parking tickets."
3241,3635,0,3,44,47,1.0638297872340425,0.03604210867489022,686,You wear that receipt over your heart like it’s a badge of honor?
3306,3635,1,1,45,47,1.0638297872340425,0.0471603962868858,686,"Sorry Sweetheart. You only meet 7 of the 12 qualifications.
Rebecca L Hawkins, M.D."
3315,3635,0,3,44,47,1.0638297872340425,0.03604210867489022,686,"I call it ""An Explanation Of Decorations"" - or in Pentagon speak, a""EOD"". Now I'd love an ""EOP"" on your lovely pearls."
3321,3635,0,3,44,47,1.0638297872340425,0.03604210867489022,686,"Good thing you’re not testifying, you’d be absolutely destroyed."
3523,3635,1,1,45,47,1.0638297872340425,0.0471603962868858,686,You wouldn't believe how much the Transparent Spending Initiative costs
3495,3635,1,1,45,47,1.0638297872340425,0.0471603962868858,686,It's not a mere decoration.  It's meant to be a grabber.
3491,3635,0,3,44,47,1.0638297872340425,0.03604210867489022,686,It's the dry-cleaning receipt for the uniform.
3485,3635,1,1,45,47,1.0638297872340425,0.0471603962868858,686,Admiral Ringlson's way to show off: displaying his favorite receipt
3476,3635,0,3,44,47,1.0638297872340425,0.03604210867489022,686,Thats for protecting a CVS during rioting and looting.
3468,3635,1,1,45,47,1.0638297872340425,0.0471603962868858,686,That last medal is for my tour as a Greeter at Costco!
3452,3635,0,3,44,47,1.0638297872340425,0.03604210867489022,686,I'm the CVS liaison.
3438,3635,1,1,45,47,1.0638297872340425,0.0471603962868858,686,It's a ticker tape recording my ticker during heart-stopping missions.
2107,3635,0,3,44,47,1.0638297872340425,0.03604210867489022,686,It's how much my PTSD treatment cost.
3426,3635,1,1,45,47,1.0638297872340425,0.0471603962868858,686,Is that a CVS receipt on your chest?
3419,3635,0,3,44,47,1.0638297872340425,0.03604210867489022,686,The ribbon shows what wars I fought in.
3407,3635,0,3,44,47,1.0638297872340425,0.03604210867489022,686,Oh I thought I had seen you at CVS before.
3365,3635,1,1,45,47,1.0638297872340425,0.0471603962868858,686,It’s my list of sexual conquests during the AIDS war of the 80s and 90s - my personal Vietnam
3361,3635,0,3,44,47,1.0638297872340425,0.03604210867489022,686,Those are the DoD rates for socializing with me -- the Rump wants us to justify our rank and pay.
3360,3635,0,3,44,47,1.0638297872340425,0.03604210867489022,686,They’re tweets about me.
3332,3635,0,3,44,47,1.0638297872340425,0.03604210867489022,686,"Due to Government cut backs, all Medals of Honor are now supplied by CVS."
3326,3635,1,1,45,47,1.0638297872340425,0.0471603962868858,686,"Thanks to Trump, this is as far as the cashiering went."
3116,3635,1,1,45,47,1.0638297872340425,0.0471603962868858,686,I see your salad bar contains gluten free
2102,3635,1,1,45,47,1.0638297872340425,0.0471603962868858,686,Them there are on back order.
2451,3635,1,1,45,47,1.0638297872340425,0.0471603962868858,686,This one is for telling Luke when to shoot in ‘The Battle of the Death Star’.
2062,3635,0,3,44,47,1.0638297872340425,0.03604210867489022,686,"Well, my nephew is one of those TikTok teens, and they're pretty smart about politics, I've heard. He told me I should wear this and say the following: 'The freaking president did crimes AF in Ukraine, and I've got the receipts, sis"" — er, uh, ma'am."
673,3635,0,3,44,47,1.0638297872340425,0.03604210867489022,686,Why Thank you but Receipts don’t seem to matter these days. :(
662,3635,0,3,44,47,1.0638297872340425,0.03604210867489022,686,I'm saving the recipe in case I want to return them later.
654,3635,0,3,44,47,1.0638297872340425,0.03604210867489022,686,It's my dry cleaning bill. It's why I'm running for President!
624,3635,1,1,45,47,1.0638297872340425,0.0471603962868858,686,"Bill, your war crimes are costing us..."
617,3635,1,1,45,47,1.0638297872340425,0.0471603962868858,686,How dare you insult my participation awards!
615,3635,0,3,44,47,1.0638297872340425,0.03604210867489022,686,"I understand the medals, but the CVS receipt?"
612,3635,0,3,44,47,1.0638297872340425,0.03604210867489022,686,"Yes, I have my wings."
587,3635,0,3,44,47,1.0638297872340425,0.03604210867489022,686,"Ok, it's a recipe for fruit salad!"
570,3635,0,3,44,47,1.0638297872340425,0.03604210867489022,686,Has the teasing let up since your promotion General Sanders?
555,3635,0,3,44,47,1.0638297872340425,0.03604210867489022,686,Is that paper roll for emergencies?
544,3635,0,3,44,47,1.0638297872340425,0.03604210867489022,686,"Yes, that's the list of the enemy I exterminated to earn this medal."
523,3635,0,3,44,47,1.0638297872340425,0.03604210867489022,686,Can I take the last coupon?
504,3635,0,3,44,47,1.0638297872340425,0.03604210867489022,686,That one’s for distinguished service at a CVS.
497,3635,0,3,44,47,1.0638297872340425,0.03604210867489022,686,"You think CVS is bad, join the military."
484,3635,0,3,44,47,1.0638297872340425,0.03604210867489022,686,Last Purchase: Sneaker
694,3635,0,3,44,47,1.0638297872340425,0.03604210867489022,686,And this badge I picked up from CVS.
698,3635,0,3,44,47,1.0638297872340425,0.03604210867489022,686,My integrity and I are taking a night off.
703,3635,0,3,44,47,1.0638297872340425,0.03604210867489022,686,"Oh, that one? It's my ""Honey Do"" list."
706,3635,1,1,45,47,1.0638297872340425,0.0471603962868858,686,He promised to support the military and also save money-medals in receipt form”
882,3635,1,1,45,47,1.0638297872340425,0.0471603962868858,686,I was telling the Secretary of the Army about the need to change our uniform to accommodate all 'my' medals.
871,3635,0,3,44,47,1.0638297872340425,0.03604210867489022,686,And these are my bonus points for customer loyalty.
869,3635,0,3,44,47,1.0638297872340425,0.03604210867489022,686,They put in a self checkout rather than a pacemaker.
867,3635,0,3,44,47,1.0638297872340425,0.03604210867489022,686,"Wow, this wax figure is so lifelike it’s scary."
864,3635,0,3,44,47,1.0638297872340425,0.03604210867489022,686,I'm most proud of the time I endured in the drug store during the bombardment of coupons.
862,3635,0,3,44,47,1.0638297872340425,0.03604210867489022,686,Shopping list.  Orders from my wife.
838,3635,1,1,45,47,1.0638297872340425,0.0471603962868858,686,What's the big deal? I have CVS reciepts more impressive than this.
474,3635,1,1,45,47,1.0638297872340425,0.0471603962868858,686,Two dozen eggs across three tours; it's all itemized.
812,3635,1,1,45,47,1.0638297872340425,0.0471603962868858,686,I run the register at draft registration.
809,3635,0,3,44,47,1.0638297872340425,0.03604210867489022,686,I get half off toothpaste after my next tour of duty.
778,3635,0,3,44,47,1.0638297872340425,0.03604210867489022,686,Comes in handy for restroom emergencies.
759,3635,0,3,44,47,1.0638297872340425,0.03604210867489022,686,My wife gave me that one. It's a list of chores I need to complete.
733,3635,0,3,44,47,1.0638297872340425,0.03604210867489022,686,I am chief disbursement officer.
731,3635,0,3,44,47,1.0638297872340425,0.03604210867489022,686,My wife’s grocery list.
718,3635,1,1,45,47,1.0638297872340425,0.0471603962868858,686,CVS is making a killing on the royalties.
709,3635,1,1,45,47,1.0638297872340425,0.0471603962868858,686,They either call me Bill or for the bill.
811,3635,1,1,45,47,1.0638297872340425,0.0471603962868858,686,It's for charging into the 15 items or less line with 16 items.
888,3635,1,1,45,47,1.0638297872340425,0.0471603962868858,686,"Oh that’s just from my last tour of duty, buying Halloween candy at CVS."
473,3635,0,3,44,47,1.0638297872340425,0.03604210867489022,686,And underneath you’ll find my previous work experience and two professional references.
441,3635,0,3,44,47,1.0638297872340425,0.03604210867489022,686,The current cost of the war on trump .
182,3635,1,1,45,47,1.0638297872340425,0.0471603962868858,686,"Right, it's a list.  Cuts down on dry cleaner prep time."
168,3635,0,3,44,47,1.0638297872340425,0.03604210867489022,686,"Yeah, the bottom part is the actual laundry list."
160,3635,0,3,44,47,1.0638297872340425,0.03604210867489022,686,"I may look tough.
I may be a four-star general.
But, what can I say.....
It's my 'honey-do' list."
139,3635,1,1,45,47,1.0638297872340425,0.0471603962868858,686,There was a mix-up with the medals.  They pinned a receipt printer on me.
118,3635,0,3,44,47,1.0638297872340425,0.03604210867489022,686,"Ma'am, I'll have you know that even though this uniform is printing out a receipt, neither I nor the US Armed Forces are for sale."
110,3635,0,3,44,47,1.0638297872340425,0.03604210867489022,686,I didn't know that the Army issues receipts with its orders.
78,3635,0,3,44,47,1.0638297872340425,0.03604210867489022,686,It's a note from my mother to the teacher.
74,3635,0,3,44,47,1.0638297872340425,0.03604210867489022,686,"Yes ma'am, my story does repeat--fight the Battle of the Bulge and end up with a bunch of stuff for a fruit salad."
72,3635,1,1,45,47,1.0638297872340425,0.0471603962868858,686,"My name is Lieutenant John, and this conversation is being recorded for a later use......... should it be needed."
71,3635,1,1,45,47,1.0638297872340425,0.0471603962868858,686,And that one gives us $15 off at CVS...
63,3635,0,3,44,47,1.0638297872340425,0.03604210867489022,686,And this one is my receipt from the PX.
42,3635,0,3,44,47,1.0638297872340425,0.03604210867489022,686,"It's not only my CV, but my laundry list too!"
33,3635,1,1,45,47,1.0638297872340425,0.0471603962868858,686,Damn thing just spits out every time someone mentions receipt if medals.
5,3635,0,3,44,47,1.0638297872340425,0.03604210867489022,686,"«« — #quotes 5h
ec) a

'NON
SCORAGGIATEVI.

E SPESSO L’ULTIMA
CHIAVE QUELLA
CHE APRE LA
SERRATURA'

PAULO COELHO"
1,3635,0,3,44,47,1.0638297872340425,0.03604210867489022,686,"STARVE YOUR DISTRACTIONS

FEED YOUR FOCUS"
186,3635,0,3,44,47,1.0638297872340425,0.03604210867489022,686,"I’m Sorry, but I did NOT buy the Chardonnay or all that crap about your mom."
189,3635,0,3,44,47,1.0638297872340425,0.03604210867489022,686,"Marge, do you want to pay for this
expensive 5-star cocktail  date?"
194,3635,0,3,44,47,1.0638297872340425,0.03604210867489022,686,And that is my commendation tweet
211,3635,0,3,44,47,1.0638297872340425,0.03604210867489022,686,"This is what happens when you get your medals from CVS

-Bob Greene
bob@contourventures.com
917.696.6823"
429,3635,0,3,44,47,1.0638297872340425,0.03604210867489022,686,"It’s not my rank, it’s my CVS receipt."
414,3635,0,3,44,47,1.0638297872340425,0.03604210867489022,686,You may be a General but I see you still have to do the grocery shopping.
404,3635,0,3,44,47,1.0638297872340425,0.03604210867489022,686,"""That medal was issued by CVS, for breaking up a fracas in the pharmacy line."""
398,3635,0,3,44,47,1.0638297872340425,0.03604210867489022,686,That's just my receipt badge detailing the cost of war.
382,3635,0,3,44,47,1.0638297872340425,0.03604210867489022,686,"Sticks and stones will break my bones, but not a name tag I'll be wearing."
378,3635,0,3,44,47,1.0638297872340425,0.03604210867489022,686,It’s for meritorious Service while running a tab
371,3635,1,1,45,47,1.0638297872340425,0.0471603962868858,686,"I was given this ribbon because when you’re as decorated as I am, you need a ribbon."
459,3635,0,3,44,47,1.0638297872340425,0.03604210867489022,686,That one is a running list of all the President’s tweets about my patriotism.
346,3635,1,1,45,47,1.0638297872340425,0.0471603962868858,686,It's how my wife reminds me to buy fruit cocktail.
318,3635,0,3,44,47,1.0638297872340425,0.03604210867489022,686,A printout of medals I'm receiving as we speak.
309,3635,0,3,44,47,1.0638297872340425,0.03604210867489022,686,An itemized receipt for your fruit salad?
294,3635,1,1,45,47,1.0638297872340425,0.0471603962868858,686,That one was for Distinguished Service in the CVS Takeover Wars.
282,3635,0,3,44,47,1.0638297872340425,0.03604210867489022,686,"It's called a Live, erm, Death Toll. Just a new perfomance measure... Please stay."
258,3635,0,3,44,47,1.0638297872340425,0.03604210867489022,686,Do you rent your pins or buy them?
257,3635,0,3,44,47,1.0638297872340425,0.03604210867489022,686,adfasdva
2073,3635,0,3,44,47,1.0638297872340425,0.03604210867489022,686,"Kudos on obliterating ISIS, but ixnay on the receipt, I'm trying to go paperless."
325,3635,0,3,44,47,1.0638297872340425,0.03604210867489022,686,Wow!  The size of your CVS receipt is quite impressive
902,3635,1,1,45,47,1.0638297872340425,0.0471603962868858,686,For Valor at CVS.
235,3635,0,3,44,47,1.0638297872340425,0.03604210867489022,686,"I’m the latest in robo-dating.  At the end of the evening, please pay your billing at the door."
929,3635,0,3,44,47,1.0638297872340425,0.03604210867489022,686,"As you can tell from my posture, I am very important."
1873,3635,0,3,44,47,1.0638297872340425,0.03604210867489022,686,Now who are you supposed to be? A receipt general?
1870,3635,0,3,44,47,1.0638297872340425,0.03604210867489022,686,This is how I read Twitter.
1825,3635,0,3,44,47,1.0638297872340425,0.03604210867489022,686,don’t be impressed. it’s my commander’s wife’s grocery list.
1777,3635,1,1,45,47,1.0638297872340425,0.0471603962868858,686,"Oh, I got that one for buying toothpaste at CVS."
1774,3635,1,1,45,47,1.0638297872340425,0.0471603962868858,686,It’s for going above and beyond the checkout line of duty.
1756,3635,0,3,44,47,1.0638297872340425,0.03604210867489022,686,It's the ribbon of my resentments in not receiving a star.
1750,3635,0,3,44,47,1.0638297872340425,0.03604210867489022,686,This one is for supplying toilet paper to the GIs on the front lines.
1880,3635,0,3,44,47,1.0638297872340425,0.03604210867489022,686,"when you noticed that he is a self check out, because his pocket has a $200 dollar receipt coming out of his pocket ."
1733,3635,1,1,45,47,1.0638297872340425,0.0471603962868858,686,"Just so you know, I’m re-enlisting so I don’t have to come to this party next year."
1672,3635,1,1,45,47,1.0638297872340425,0.0471603962868858,686,I lost an Army.
1659,3635,0,3,44,47,1.0638297872340425,0.03604210867489022,686,That one's for valor in the checkout line at Rite Aid.
1651,3635,0,3,44,47,1.0638297872340425,0.03604210867489022,686,"Yes, ma'am, that's our bill. Cocktails included."
1632,3635,1,1,45,47,1.0638297872340425,0.0471603962868858,686,I got this one for making it through the
1631,3635,1,1,45,47,1.0638297872340425,0.0471603962868858,686,I was stationed in the CVS reserve
1626,3635,1,1,45,47,1.0638297872340425,0.0471603962868858,686,And that is a receipt from getting all the things I wanted on a Black Friday at Walmart.  I'm rather proud of that one.
1623,3635,0,3,44,47,1.0638297872340425,0.03604210867489022,686,"I’ve got a little list...
They’ll none of them be missed!"
1725,3635,1,1,45,47,1.0638297872340425,0.0471603962868858,686,Your version of a ticker tape parade?
1594,3635,0,3,44,47,1.0638297872340425,0.03604210867489022,686,"I got this one leading the charge at Target.""
-Mel & Susanne Shuste"
1886,3635,0,3,44,47,1.0638297872340425,0.03604210867489022,686,It’s a partial list of all my losing efforts in the battle of the sexes – once again I’ll request a bigger budget.
1903,3635,0,3,44,47,1.0638297872340425,0.03604210867489022,686,We raided a CVS.
908,3635,1,1,45,47,1.0638297872340425,0.0471603962868858,686,I am happy to repost that your son is doing well in the Air Force.
2054,3635,0,3,44,47,1.0638297872340425,0.03604210867489022,686,Game of Thrones inspired me to embellish.
2032,3635,0,3,44,47,1.0638297872340425,0.03604210867489022,686,"It’s a SICONIA, awarded for service in the creation of non-intuitive acronyms."
2014,3635,0,3,44,47,1.0638297872340425,0.03604210867489022,686,I was operating out of a CVS…Norway’s Corps Værnes Station
2000,3635,0,3,44,47,1.0638297872340425,0.03604210867489022,686,The way you're drawn is so adorable it distracts people from this receipt hanging off my chest.
1998,3635,0,3,44,47,1.0638297872340425,0.03604210867489022,686,"It’s a receipt for disaster.”
Kyle Kenyon, Florid"
1995,3635,0,3,44,47,1.0638297872340425,0.03604210867489022,686,That one’s for successfully negotiating the acquisition a million tooth brushes at CVS.
1899,3635,0,3,44,47,1.0638297872340425,0.03604210867489022,686,It gives me our cost overruns in real time.
1986,3635,0,3,44,47,1.0638297872340425,0.03604210867489022,686,"All these are real Gold, right? Then why worry about the Bill? Cheers!"
1978,3635,0,3,44,47,1.0638297872340425,0.03604210867489022,686,I was in Acquisitions and Requisitions this receipt is yours as a taxpayer Helene!
1975,3635,0,3,44,47,1.0638297872340425,0.03604210867489022,686,"Awarded for the 2006 Black Friday Shopping Campaign- whatever victory we won that day, humanity lost."
1972,3635,0,3,44,47,1.0638297872340425,0.03604210867489022,686,"Seems you've mistaken me for your hubby, I'm his stunt double."""
1964,3635,0,3,44,47,1.0638297872340425,0.03604210867489022,686,I finished my career with a stint at the BX.
1962,3635,1,1,45,47,1.0638297872340425,0.0471603962868858,686,"Bill-eeding.... enough! Dates out of stock, please!"
1927,3635,0,3,44,47,1.0638297872340425,0.03604210867489022,686,You'd be surprised how much these things cost.
1924,3635,0,3,44,47,1.0638297872340425,0.03604210867489022,686,I was a security guard at CVS before joining the military.
1980,3635,0,3,44,47,1.0638297872340425,0.03604210867489022,686,"Oh. So long Medal-list! Cheers!"""
1592,3635,0,3,44,47,1.0638297872340425,0.03604210867489022,686,My other job is playing Santa Claus around the holiday.
1731,3635,1,1,45,47,1.0638297872340425,0.0471603962868858,686,And this one is for buying batteries at Radio Shack
1566,3635,0,3,44,47,1.0638297872340425,0.03604210867489022,686,I've been moonlighting as a Costco checker.
1153,3635,0,3,44,47,1.0638297872340425,0.03604210867489022,686,This one you get for your return.
1148,3635,0,3,44,47,1.0638297872340425,0.03604210867489022,686,Do your want your medals or a chest to pine them on”.
1144,3635,0,3,44,47,1.0638297872340425,0.03604210867489022,686,"General,  I don't think CVS Extra Care Bucks is a noteworthy accomplishment."
1141,3635,0,3,44,47,1.0638297872340425,0.03604210867489022,686,"No,  I didn’t get it for shopping at Bloomingdales!"
1098,3635,1,1,45,47,1.0638297872340425,0.0471603962868858,686,I was also named in the President’s honor roll
1058,3635,0,3,44,47,1.0638297872340425,0.03604210867489022,686,"...and what's more, there was no military discount on the fruit salad."
1039,3635,0,3,44,47,1.0638297872340425,0.03604210867489022,686,for when I fought my way through the PX...
1161,3635,0,3,44,47,1.0638297872340425,0.03604210867489022,686,We got the idea from CVS!
1571,3635,0,3,44,47,1.0638297872340425,0.03604210867489022,686,And you can add 10% for good service.
1009,3635,0,3,44,47,1.0638297872340425,0.03604210867489022,686,That one’s my grocery list.
1007,3635,0,3,44,47,1.0638297872340425,0.03604210867489022,686,The CVS receipts are the longest.
984,3635,1,1,45,47,1.0638297872340425,0.0471603962868858,686,"I knew it was over when he tweeted ""tanks for the memories""."
964,3635,0,3,44,47,1.0638297872340425,0.03604210867489022,686,"Spritzer, madam, is not for the feint-harted."
963,3635,0,3,44,47,1.0638297872340425,0.03604210867489022,686,Me and my men had besieged the Best Buy for weeks.
959,3635,0,3,44,47,1.0638297872340425,0.03604210867489022,686,That's quite a bit of Rogaine you've purchased. Has it helped?
952,3635,0,3,44,47,1.0638297872340425,0.03604210867489022,686,El resto de los pasadores ya están pagos. Sólo que los he comprado en línea y aún no los he recibido.
1011,3635,1,1,45,47,1.0638297872340425,0.0471603962868858,686,They don’t give you a badge for being a good conversationalist.
1165,3635,0,3,44,47,1.0638297872340425,0.03604210867489022,686,My decorations are tied to Dow Jones!
1012,3635,1,1,45,47,1.0638297872340425,0.0471603962868858,686,‘And this isn’t really a wine glass. It’s the collection cup.’
1205,3635,0,3,44,47,1.0638297872340425,0.03604210867489022,686,The gas pump receipt maker is just so much classier than a squirting boutonnière.
1196,3635,1,1,45,47,1.0638297872340425,0.0471603962868858,686,Air Force Good Caveats Medal.
1458,3635,0,3,44,47,1.0638297872340425,0.03604210867489022,686,It doesn't leave a trail like deleting e-mails does.
1437,3635,1,1,45,47,1.0638297872340425,0.0471603962868858,686,"Baby, when I paid for sex it wasn’t a chocolate bar it was a laxative. Here is the receipt."
1421,3635,0,3,44,47,1.0638297872340425,0.03604210867489022,686,And this one I got after a cash back supply run.
1383,3635,0,3,44,47,1.0638297872340425,0.03604210867489022,686,It’s the Silver Receipt for valor and savings on Black Friday
1356,3635,1,1,45,47,1.0638297872340425,0.0471603962868858,686,This list needs to be filled out in triplicate before I  can act on any household requests!
1349,3635,0,3,44,47,1.0638297872340425,0.03604210867489022,686,That one is for bravery on 'Black Friday.
1368,3635,0,3,44,47,1.0638297872340425,0.03604210867489022,686,"Ma’am, check the list. It explained each one."
1328,3635,1,1,45,47,1.0638297872340425,0.0471603962868858,686,Call me General Costco.
1537,3635,0,3,44,47,1.0638297872340425,0.03604210867489022,686,"Hmmm, no medal for armed combat and XYZ... your ticker tape is showing..."
1287,3635,1,1,45,47,1.0638297872340425,0.0471603962868858,686,It explains each patch and medal on my uniform.
1241,3635,0,3,44,47,1.0638297872340425,0.03604210867489022,686,Trump or your wife ?
1230,3635,1,1,45,47,1.0638297872340425,0.0471603962868858,686,I have one just like that from spending a few hours with my husband's credit card at Saks Fifth Avenue!
1223,3635,1,1,45,47,1.0638297872340425,0.0471603962868858,686,"Oh, so you were actually a Security Guard at a CVS Pharmacy? I recognize the coupons."
1213,3635,0,3,44,47,1.0638297872340425,0.03604210867489022,686,"hmm! hmm!  a bit stiff, but thank you for the receipt"
1331,3635,0,3,44,47,1.0638297872340425,0.03604210867489022,686,It’s my enlistment medal.
3978,3949,0,3,45,48,1.0625,0.035308292679127,686,That's the outstanding military contractors billing ribbon
2267,3949,0,3,45,48,1.0625,0.035308292679127,686,"I fought in two wars, so I get the third one at half price"
3124,3949,1,1,46,48,1.0625,0.04618658197582853,686,I still have PTSD from serving in the Back Friday sales
3092,3949,0,3,45,48,1.0625,0.035308292679127,686,I got that one for valor at the checkout
1122,3949,0,3,45,48,1.0625,0.035308292679127,686,Have you seen any good movies lately?
1982,3949,1,1,46,48,1.0625,0.04618658197582853,686,Wow industry post military is complex!
2129,3949,0,3,45,48,1.0625,0.035308292679127,686,Peace in the region hangs in the balance sheet.
2866,3949,1,1,46,48,1.0625,0.04618658197582853,686,the cold fact is that these awards can command huge prices
2534,3957,1,1,48,50,1.06,0.04435478484645721,686,You got a bug up your ass!
434,3958,1,1,49,51,1.0588235294117647,0.043492300025134954,686,I think the whole thing is generally wrong.
2627,3959,0,3,56,59,1.0508474576271187,0.028846201471076714,686,"You must know my son, he is in a well-known JROTC program."
1906,3960,0,2,42,44,1.0454545454545454,0.031765283723713976,686,It's what these medals cost me.
3512,3960,0,2,42,44,1.0454545454545454,0.031765283723713976,686,I said it's called lettuce not a grocery lis
2919,3960,0,2,42,44,1.0454545454545454,0.031765283723713976,686,There was a  sort of Soviet sag  to the old method.
2854,3960,1,0,43,44,1.0454545454545454,0.04545454545454544,686,That one is my Black Friday list.
2763,3960,0,2,42,44,1.0454545454545454,0.031765283723713976,686,"Those are my lesser known ""Honey Do"" list accomplishments."
2478,3960,0,2,42,44,1.0454545454545454,0.031765283723713976,686,No. I didn’t get it CVS.
1948,3960,0,2,42,44,1.0454545454545454,0.031765283723713976,686,Bill-eeding.... enough please!
1939,3960,0,2,42,44,1.0454545454545454,0.031765283723713976,686,"Wow, that's a major ranking."
3932,3960,0,2,42,44,1.0454545454545454,0.031765283723713976,686,"Yes, my economics are ad-supported"
3559,3960,0,2,42,44,1.0454545454545454,0.031765283723713976,686,"Thank you for your....service, I guess?"
1726,3960,0,2,42,44,1.0454545454545454,0.031765283723713976,686,"No, it really is a shopping list."
1423,3960,0,2,42,44,1.0454545454545454,0.031765283723713976,686,"Like a great comedian, every theater, every audience, I kill. So, whadda ya say, baby?"
1633,3960,0,2,42,44,1.0454545454545454,0.031765283723713976,686,It's a medals and awards printer.
645,3960,0,2,42,44,1.0454545454545454,0.031765283723713976,686,I'm Captain of the USS CVS Receipt.
922,3960,0,2,42,44,1.0454545454545454,0.031765283723713976,686,It's for valor in the defense of free markets.
1067,3960,0,2,42,44,1.0454545454545454,0.031765283723713976,686,"It's a message being issued by our new pocket printer. I'm supposed  to recycle it as soon as possible,"
1132,3960,0,2,42,44,1.0454545454545454,0.031765283723713976,686,"No, it’s not my grocery list."
1723,3960,0,2,42,44,1.0454545454545454,0.031765283723713976,686,"Yes, I always ask for the receipt."
1273,3960,0,2,42,44,1.0454545454545454,0.031765283723713976,686,Tender validation
1311,3960,0,2,42,44,1.0454545454545454,0.031765283723713976,686,I think I need my glasses. Are those from the old Cold War.
1480,3960,0,2,42,44,1.0454545454545454,0.031765283723713976,686,The twenty-first deployment was the shortest
1167,3960,0,2,42,44,1.0454545454545454,0.031765283723713976,686,"It explains the why, where, and how !"
3901,3982,0,2,43,45,1.0444444444444445,0.031067790907534747,686,Damn you Amazon!
1951,3982,0,2,43,45,1.0444444444444445,0.031067790907534747,686,So that's the medal you were awarded for getting the drinks.
3506,3982,0,2,43,45,1.0444444444444445,0.031067790907534747,686,I'm not being defensive.  It's just that these medals come with a high price!
3478,3982,1,0,44,45,1.0444444444444445,0.044444444444444446,686,"I guess you could say I was awarded it this morning after my wife discovered that I had eaten the last of the eggs, bread, and cheese."
3402,3982,0,2,43,45,1.0444444444444445,0.031067790907534747,686,"It's an honor to have it, but I carry the PTSD from shopping that Black Friday even when I'm out of uniform."
3227,3982,0,2,43,45,1.0444444444444445,0.031067790907534747,686,"This the bill for next year: $1 Trillion  
Not bad compared to the Mafia’s 
Protection racket"
3029,3982,0,2,43,45,1.0444444444444445,0.031067790907534747,686,"The President ""suggested"" I remain more flexible and it would also be a good conversation starter."
2326,3982,0,2,43,45,1.0444444444444445,0.031067790907534747,686,"I wear it as a recruitment tool to show that the Commissary is even cheaper than BJ's."""
2177,3982,0,2,43,45,1.0444444444444445,0.031067790907534747,686,"It's a corpulent wine, if a bit jammy."
2169,3982,0,2,43,45,1.0444444444444445,0.031067790907534747,686,"CVS just picked up our contract, they still have some paper systems."
1849,3982,0,2,43,45,1.0444444444444445,0.031067790907534747,686,"Commander Richard Wellman, USS CVS."
1405,3982,0,2,43,45,1.0444444444444445,0.031067790907534747,686,That one's my receipt from CVS
1464,3982,0,2,43,45,1.0444444444444445,0.031067790907534747,686,What’s the return policy on those medals”
59,3982,0,2,43,45,1.0444444444444445,0.031067790907534747,686,Earned for distinguished service to my CVS in the War Against Drugstores.
1740,3982,0,2,43,45,1.0444444444444445,0.031067790907534747,686,So.. you stopped at CVS before the ball?
197,3982,0,2,43,45,1.0444444444444445,0.031067790907534747,686,It's just the shopping list.
460,3982,0,2,43,45,1.0444444444444445,0.031067790907534747,686,"Improv Level 3? Yes, I thought I'd throw in a few of my civilian achievements for good measure."
144,3982,0,2,43,45,1.0444444444444445,0.031067790907534747,686,"No M’am, I’m sorry, but there are no Sale items."
1048,3982,0,2,43,45,1.0444444444444445,0.031067790907534747,686,"Yes, I work for Dollar General stores."
1177,3982,0,2,43,45,1.0444444444444445,0.031067790907534747,686,I don't know where else to carry my grocery store receipt.
1226,3982,0,2,43,45,1.0444444444444445,0.031067790907534747,686,"And that one I got back in '07/08 fiscal, distinguished service in accounts payable"
783,3982,0,2,43,45,1.0444444444444445,0.031067790907534747,686,Coming from Amazon.
2684,4004,0,2,44,46,1.0434782608695652,0.030400256468700027,686,"It took fifty-two tax seasons, but I've been awarded the Presidential Medal of Bookkeeping."
3547,4004,0,2,44,46,1.0434782608695652,0.030400256468700027,686,Uggh. Karen.
3281,4004,0,2,44,46,1.0434782608695652,0.030400256468700027,686,It's a list of favorable tweets from President Trump.
3059,4004,0,2,44,46,1.0434782608695652,0.030400256468700027,686,"So, that's not your grocery list?"
3036,4004,0,2,44,46,1.0434782608695652,0.030400256468700027,686,I keep track of Presidential lies about me.
2719,4004,0,2,44,46,1.0434782608695652,0.030400256468700027,686,...And then there was the dry cleaning during the Reagan years.
1947,4004,0,2,44,46,1.0434782608695652,0.030400256468700027,686,"In my defense, the ticker’s never been the same since they’ve been counting every nickel, penny, & dime spent."
3375,4004,0,2,44,46,1.0434782608695652,0.030400256468700027,686,It's a receipt list of tweets that discounted my service to the country.
1746,4004,0,2,44,46,1.0434782608695652,0.030400256468700027,686,"Oh, that one is for bravery during the Battle of CVS."
255,4004,0,2,44,46,1.0434782608695652,0.030400256468700027,686,No I am not going to tell you how much this uniform cost. I keep that kind of information close to the chest.
562,4004,0,2,44,46,1.0434782608695652,0.030400256468700027,686,The general is not thrilled that his date is more impressed by his 14k medals and the silk ribbons rather than the heroism they signify.
1808,4004,0,2,44,46,1.0434782608695652,0.030400256468700027,686,I see you keep your receipts for all those medals you've bought.
994,4004,0,2,44,46,1.0434782608695652,0.030400256468700027,686,More impressive than my medals is the money I saved this week from using coupons.
1611,4004,0,2,44,46,1.0434782608695652,0.030400256468700027,686,"Oh, I just love the General Store too!"
968,4004,0,2,44,46,1.0434782608695652,0.030400256468700027,686,"The Purple Heart, The DSC, The CMOH and the CVS..."
623,4019,1,0,46,47,1.0425531914893618,0.04255319148936171,686,"So, you sent how many people to be slaughtered for the medal of honor?"
2296,4020,0,1,39,40,1.025,0.025318484177091666,686,"No, it's not a DSC; it's a CVS."
3080,4020,0,1,39,40,1.025,0.025318484177091666,686,Did you get your medals at CVS?
2301,4020,0,1,39,40,1.025,0.025318484177091666,686,It's a reminder to stop by Trader Joe's on the way home.
2374,4020,0,1,39,40,1.025,0.025318484177091666,686,Did you get your medal at CVS and leave the receipt on?
2467,4020,0,1,39,40,1.025,0.025318484177091666,686,It's not a ticker tape.  It's a titty tape!
2506,4020,0,1,39,40,1.025,0.025318484177091666,686,"If the Daughters of the American Revolution can so it, why not the military?"
2793,4020,0,1,39,40,1.025,0.025318484177091666,686,"They told me I couldn't get medals for notarizing so I made labels instead"""
3072,4020,0,1,39,40,1.025,0.025318484177091666,686,I love my country. But I love The Stones too.
3191,4020,0,1,39,40,1.025,0.025318484177091666,686,I wish I were brave enough to tell my wife I don't want to do the grocery shopping!
3395,4020,0,1,39,40,1.025,0.025318484177091666,686,I think you can find Santa on the second floor of  the Plaza.
3320,4020,0,1,39,40,1.025,0.025318484177091666,686,"Yes, it's my Gristedes receipt from Thanksgiving.  Just when I thought I couldn't take any more, they'd send me back in."
3334,4020,0,1,39,40,1.025,0.025318484177091666,686,"Lady, just read the translation, top left to right, and down."
2213,4020,0,1,39,40,1.025,0.025318484177091666,686,You must be one of those Consumer Value Sergeants.
3397,4020,0,1,39,40,1.025,0.025318484177091666,686,I'm an officer in the CVS Army.
3518,4020,0,1,39,40,1.025,0.025318484177091666,686,I shop a lot at Costco.
3550,4020,0,1,39,40,1.025,0.025318484177091666,686,"Tweets, so I can keep up with who has been fired."
3652,4020,0,1,39,40,1.025,0.025318484177091666,686,It's a list of the medals I've won since they decided real medals cost too much...
3660,4020,0,1,39,40,1.025,0.025318484177091666,686,A second trident pin—for being ordered to retain your first trident pin?
3776,4020,0,1,39,40,1.025,0.025318484177091666,686,I got this one after Operation Buy-one-get-one
3812,4020,0,1,39,40,1.025,0.025318484177091666,686,Moscow and Ukraine were lavish in handing out medals and you might know some of these Reno ladies on my conquest list.
3303,4020,0,1,39,40,1.025,0.025318484177091666,686,That's my medal for valor while shopping Trader Joe's on the day before Thanksgiving.
2139,4020,0,1,39,40,1.025,0.025318484177091666,686,Those CVS receipts are a hoot. They’re for everything you just bought.
1761,4020,0,1,39,40,1.025,0.025318484177091666,686,Turns out it is not that to get an award. They sell them at the store.
1819,4020,0,1,39,40,1.025,0.025318484177091666,686,"On my third tour, I was stationed at the CVS in Helmand province"
3831,4020,0,1,39,40,1.025,0.025318484177091666,686,"The receipt reminds me of the lives paid for each medal. 
I keep hoping for a discount next time."
106,4020,0,1,39,40,1.025,0.025318484177091666,686,They ran out of ribbons at the White House so the President gave me his necktie.
147,4020,0,1,39,40,1.025,0.025318484177091666,686,"And this I earned at the Battle of Black Friday, Wal-Mart, 2003"
156,4020,0,1,39,40,1.025,0.025318484177091666,686,"That was a line from my pick up list, that has just bombed."
324,4020,0,1,39,40,1.025,0.025318484177091666,686,It's a list of tweets about me.
381,4020,0,1,39,40,1.025,0.025318484177091666,686,"Yes Frank, but what’s even more impressive than your accomplishments is your list making ability!"
931,4020,0,1,39,40,1.025,0.025318484177091666,686,So the doctor says I’ll be “all right.”
943,4020,0,1,39,40,1.025,0.025318484177091666,686,"...and when the smoke cleared, I knew from my position in men's outerwear that I both the 20% discount and the full value of the BOGO coupon."
982,4020,0,1,39,40,1.025,0.025318484177091666,686,My defence on the ticker tape?
1862,4020,0,1,39,40,1.025,0.025318484177091666,686,I got it at CVS.
987,4020,0,1,39,40,1.025,0.025318484177091666,686,It's my receipt for picking up my medals at CVS.
1128,4020,0,1,39,40,1.025,0.025318484177091666,686,It's the Purple Receipt for injuries suffered on black Friday.
1150,4020,0,1,39,40,1.025,0.025318484177091666,686,I have to ask. Did you get those at Rite-Aid?
1207,4020,0,1,39,40,1.025,0.025318484177091666,686,And this is my dry cleaning receipt.
1220,4020,0,1,39,40,1.025,0.025318484177091666,686,And that's for my paper cut from a CVS receipt.
1288,4020,0,1,39,40,1.025,0.025318484177091666,686,I didn’t know we had to bring our CV with us”
1418,4020,0,1,39,40,1.025,0.025318484177091666,686,That one's for procuring a CVS for the new base.
1487,4020,0,1,39,40,1.025,0.025318484177091666,686,Yes ma’am. Colonel Vincent Stephens.
1700,4020,0,1,39,40,1.025,0.025318484177091666,686,Was the wholesale or retail combat?
1805,4020,0,1,39,40,1.025,0.025318484177091666,686,"I'm not wearing my glasses. Is that a military award, or a CVS receipt?"
1085,4020,0,1,39,40,1.025,0.025318484177091666,686,"It's not a ribbon, just a receipt from CVS."
447,4065,0,0,37,37,1.0,0.02739983121755955,686,I am required to wear also this list of my awards that have been revoked.
