target_id,rank,funny,somewhat_funny,unfunny,count,score,precision,contest,caption
2528,1,4321,5753,2664,12738,2.1300832155754437,0.006459405715900614,691,"Should I check, “exceeded expectations?”"
2611,2,3548,4645,2978,11171,2.0510249753826875,0.00721574214893721,691,Let’s just give him the damn cheese.
3080,3,3548,4383,3060,10991,2.0443999636065873,0.007384215899808461,691,"Hmmmmm, we didn’t count on his thinking above the box."
754,4,3432,4070,3034,10536,2.037775246772969,0.007623549193380358,691,'What's more impressive is he's already filed the patent.'
294,5,3557,4130,3278,10965,2.0254445964432284,0.007536240943406191,691,"Oddly, this one got the placebo."
3568,6,3191,3786,3241,10218,1.9951066744959876,0.00784910451176776,691,"He doesn't just find the cheese, he offers same-day delivery."
3619,7,2582,2850,2805,8237,1.9729270365424305,0.008906094315759493,691,He also submitted a resume for your job.
3251,8,2848,3687,3124,9659,1.971425613417538,0.007995824719540606,691,It appears that his 'fight or flight' response has evolved.
1224,9,2143,3213,2369,7725,1.9707443365695794,0.00868951891666781,691,Maybe we should start with a smaller dose.
289,10,2531,3246,2903,8680,1.957142857142857,0.008480609846295525,691,I hurt his feelings last week when I told him this wasn't rocket science.
2953,11,2434,3336,2857,8627,1.9509678915034194,0.00841552802485104,691,We're going to need another grant
1627,12,2212,2417,2673,7302,1.9368666118871543,0.009543827429356097,691,Rat maze navigation trial 14: Animal failed to follow simple instructions.
2761,13,2086,3109,2697,7892,1.9225798276735935,0.008720318764473328,691,Do you suppose they’ve been toying with us all these years?
2394,14,2164,2792,2943,7899,1.9013799215090519,0.008979391845094817,691,I'll bet HE could build a better mousetrap.
3013,15,1355,1788,1866,5009,1.8979836294669594,0.01123943578891944,691,"He calls it a ""Rat Pack"""
3413,16,1879,2155,2619,6653,1.8887719825642568,0.009988826472501634,691,She’s smart. Looks like we’ll need the glass ceiling.
2152,17,1704,2530,2552,6786,1.875036840554082,0.009493881995964461,691,"Yes, that's cool.  But it's not statistically significant."
2620,18,1931,2134,2789,6854,1.8748176247446746,0.009909692453781064,691,"He flies and poops everywhere. Essentially, we've created a pigeon."
1424,19,1745,2894,2773,7412,1.8613059902860227,0.00892491089365936,691,He also left us a tiny note with suggested revisions to our experimental design.
2269,20,1530,2575,2476,6581,1.8562528491110772,0.009453604797434302,691,Now he's just showing off. He doesn't even like Swiss.
3114,21,1704,2130,2684,6518,1.849647131021786,0.009991608084624227,691,"No, I said I'd marry you when pigs fly."
3208,22,1275,2907,2295,6477,1.8425196850393701,0.00901564295579855,691,I'm going with 'Above Average'.
3367,23,1354,2248,2302,5904,1.839430894308943,0.010026719805813317,691,It appears that someone has been using old copies of Popular Mechanics to line the cages.
3218,24,1133,1783,1929,4845,1.8357069143446851,0.01117571839672451,691,Should we call the Pentagon or Disney?
2832,25,1203,1065,1987,4255,1.8157461809635722,0.0129713143979887,691,Meanwhile the guy with the MAGA hat in the human-size maze is still bumping into the first wall.
1873,26,1112,1760,2017,4889,1.8148905706688485,0.011132135630680356,691,...I think we should probably go check on the dolphins.
2126,27,1159,1987,2193,5339,1.8063307735530998,0.010516140053220751,691,"Actually, the really smart ones just stay in their cages and use drones to get the cheese."
2924,28,1007,1621,1935,4563,1.7966250273942581,0.011500623095155671,691,It's just a pilot study.
1418,29,847,1676,1780,4303,1.7831745293980943,0.011444802289588564,691,"The ""Failed to navigate the maze"" checkbox doesn't seem adequate."
3514,30,619,1106,1279,3004,1.7802929427430094,0.01393999131124066,691,He got his own funding.
2603,31,1092,2058,2297,5447,1.778777308610244,0.010259557193058835,691,Is this the batch we got from MIT?
2475,32,760,1546,1643,3949,1.7763990883768042,0.01189398368474589,691,...I’m more impressed that he thought to make a helmet
1559,33,1068,1464,2148,4680,1.7692307692307692,0.011639717338857623,691,We call him Elon Mousk.
1901,34,1225,1740,2511,5476,1.7651570489408328,0.01070226883062097,691,"What's really impressive, his degree is Art History."
2161,35,743,906,1478,3127,1.7649504317236968,0.014475442289874048,691,"Unfortunately, the drug is supposed to treat erectile disfunction."
441,36,1031,2122,2414,5567,1.75157176216993,0.010004568043024912,691,"Well, he's certainly thinking outside the box."
295,37,712,1114,1622,3448,1.736078886310905,0.013272924499512484,691,He had helicopter parents.
525,38,879,1436,2074,4389,1.7277284119389382,0.011680635089641383,691,I'm not worried. The cats are developing ground to air missiles.
3081,39,820,1498,2054,4372,1.7177493138151876,0.011496367290204897,691,"Interesting, we didn't see these results with Kraft Singles."
635,40,514,802,1243,2559,1.7151230949589684,0.015384586018742362,691,"if he won't run the maze, how will we judge his intelligence?"
1728,41,472,937,1224,2633,1.7143942271173567,0.014619821338147907,691,That explains his expense report.
2234,42,792,1510,2096,4398,1.7035015916325602,0.011373202777151125,691,Interesting. Most in the control group simply hailed an Uber.
2456,43,579,1108,1538,3225,1.7026356589147287,0.013273330940693943,691,"That, and he filed a flight plan."
2942,44,447,1106,1325,2878,1.6949270326615706,0.013478130634497609,691,This may skew our findings.
3561,45,380,739,1039,2158,1.6946246524559778,0.016174454397474856,691,I've already got tenure. You write this up.
3143,46,692,903,1812,3407,1.6712650425594364,0.013566681063953858,691,"Did he just say “fuck your cheese, I’m out”?"
3487,47,466,1238,1598,3302,1.6571774682010902,0.012399837088629807,691,"Ok, not bad, but let’s see if he can stick the landing."
3441,48,509,635,1412,2556,1.6467136150234742,0.015662208188170743,691,That's amazing.  Let's dissect him.
3522,49,461,901,1467,2829,1.6443973135383527,0.014009741401091614,691,Apparently you can win the rat race.
3235,50,340,903,1218,2461,1.6432344575375863,0.014339018532413093,691,Even stranger is that he got the placebo.
485,51,374,938,1323,2635,1.6398481973434536,0.013973527545811281,691,"Once we switched to the smoked Gouda, they really started getting creative."
2163,52,452,970,1512,2934,1.6387184730743012,0.013554564227168765,691,"If he gets the Nobel, he has to share it with us, right?"
892,53,274,564,907,1745,1.6372492836676218,0.017680957412279857,691,How can we determine his intelligence if he keeps cheating on the test?
2658,54,513,1243,1805,3561,1.6371805672563886,0.012077730530883114,691,I think the engineering department is screwing with us again.
3377,55,472,1192,1692,3356,1.636471990464839,0.012361454471220997,691,"Okay, we have to remove their Internet access."
2687,56,298,702,1072,2072,1.6264478764478765,0.015870914001535584,691,"Well, there goes our bell curve."
3167,57,206,572,822,1600,1.615,0.017581668632981058,691,I don't think 'Meets Expectations' quite covers it.
343,58,222,640,906,1768,1.6131221719457014,0.016624189151094784,691,I think we'll call this one a 'statistical outlier.'
2120,59,361,939,1428,2728,1.6088709677419355,0.013578735465134962,691,"Well, that's going to skew the results."
3351,60,241,614,952,1807,1.606530160486995,0.01672843115848126,691,Always the short cut with this one.
1201,61,327,590,1208,2125,1.5854117647058823,0.01609864740800656,691,By all accounts he excels at reaching the cheese but continually fails to pair the suitable wine.
540,62,194,584,887,1665,1.5837837837837838,0.016913476622832362,691,I upped the dose a bit.
2148,63,238,495,942,1675,1.5797014925373134,0.017756934071663667,691,I'll have what he had.
1803,64,277,481,1029,1787,1.5791829882484612,0.017608197633478397,691,"The jet pack's one thing, but does he have to sing, 'Here I come to save the day!' every time?"
3135,65,346,851,1472,2669,1.578119145747471,0.013732976855946677,691,"Call it cheating if you like, but I say he hit it out of the park."
434,66,301,739,1299,2339,1.573321932449765,0.0146530861754593,691,This is going to make the Russian mouse furious.
3410,67,191,450,813,1454,1.5722145804676755,0.018689121414574524,691,Remember how I told you it would be obvious when it is time to retire?
1387,68,196,387,791,1374,1.566957787481805,0.019662391842610753,691,I am pretty sure he just said “OK Boomer”.
1280,69,172,472,798,1442,1.565880721220527,0.018331084348116825,691,"Think we can get away with just listing this under ""possible side effects?"""
2727,70,320,794,1426,2540,1.5645669291338582,0.014002188761544227,691,"Don't know about you, but the genetically modified mice scare me."
712,71,200,461,875,1536,1.560546875,0.018169501284693072,691,"Well, technically he failed the test."
535,72,196,473,875,1544,1.5602331606217616,0.01800586742283944,691,What was our hypothesis again?
1582,73,137,312,597,1046,1.560229445506692,0.022055230817479256,691,"Forget the scientific journal, we’ve got to get this on Instagram."
3149,74,153,361,682,1196,1.5576923076923077,0.02050664634462076,691,The peer review is gonna be brutal.
315,75,181,405,791,1377,1.5570079883805374,0.019245212908671237,691,Let’s rate this one as a high achiever with good altitude.”
1132,76,188,472,883,1543,1.5495787427090084,0.017848314051079624,691,I'm afraid he wants to be mentioned as co-author.
593,77,136,306,612,1054,1.5483870967741935,0.02191503937054056,691,Tell those clods over in feline we're ready.
1327,78,173,436,837,1446,1.5408022130013832,0.018369825452975448,691,"Doesn't follow the rules. Possible signs of ADHD"""
3479,79,152,352,711,1215,1.539917695473251,0.020266192681892316,691,He's a flight risk.
1325,80,158,395,769,1322,1.537821482602118,0.01921237350273915,691,These little guys will be delivering packages for Amazon in no time!
2792,81,158,297,695,1150,1.5330434782608695,0.02134899482044548,691,"Think of all the paperwork. I say we kill him right now, replace him with another mouse and never say a word about this."
3613,82,133,242,589,964,1.5269709543568464,0.02335348879323538,691,Put him down as a cheese wiz
1550,83,167,364,802,1333,1.5236309077269317,0.01937468823463526,691,I guess it IS rocket science
2477,84,148,367,763,1278,1.5187793427230047,0.01941306404197292,691,I knew something was up when he had us count down from ten.
1981,85,161,394,827,1382,1.5180897250361796,0.018695091850939555,691,This new generation of mice doesn't understand hard work.
569,86,111,240,543,894,1.516778523489933,0.023616017226734492,691,Part drone. Part rat. It's a drat.
766,87,154,345,767,1266,1.5157977883096367,0.019742139474484083,691,He's a rat and a cheat.
896,88,205,497,1062,1764,1.5141723356009071,0.016538606217239103,691,He heard they put Gruyere in the maze next door.
2955,89,159,394,834,1387,1.5133381398702235,0.01859211115435802,691,"Looks like, while the cat's away, the mice will study advanced engineering."
1369,90,127,364,715,1206,1.5124378109452736,0.019547981176492528,691,Exhibits inability to understand maze exercise
837,91,198,451,1012,1661,1.509933774834437,0.017151204182390266,691,Don't feel discouraged if the mouse gets a PhD before you do
2982,92,159,421,872,1452,1.508953168044077,0.01797709134985285,691,Yet he still poops on the floor.
883,93,105,284,582,971,1.5087538619979404,0.021922902738684264,691,He left a note saying he rejects our premise.
1863,94,135,368,756,1259,1.5067513899920573,0.01921368285896059,691,"Last week I took its drone away, and now this."
403,95,153,393,837,1383,1.5054229934924077,0.01846553338068399,691,"Well, man had a good run."
3330,96,148,270,706,1124,1.50355871886121,0.021380089339589705,691,I don’t think this is one of ours.  This looks like a Musk rat.
3582,97,108,305,623,1036,1.502895752895753,0.021047125019899065,691,I think I know who made those charges on our credit card.
2123,98,119,275,627,1021,1.5024485798237022,0.021762956557211617,691,Close the window.
3216,99,125,290,662,1077,1.501392757660167,0.02116768634247765,691,Don't let the pigs see this
1282,100,103,312,619,1034,1.5009671179883946,0.02085364503906628,691,How many genes did you say we altered?
1815,101,162,404,888,1454,1.500687757909216,0.018039359917849572,691,"Just mark it down as, ""Did not reach the cheese."""
1741,102,103,275,584,962,1.5,0.021976650510862696,691,Motor skills appear above average.
1583,103,146,370,824,1340,1.4940298507462686,0.01869280782242453,691,It would seem that the CBD with Red Bull has far exceeded our expectations.
2368,104,137,340,767,1244,1.4935691318327975,0.01944970779408743,691,I think he got a bigger grant than we did.
2890,105,147,359,821,1327,1.492087415222306,0.018856642727309022,691,Of course he scores a zero. He failed to navigate the maze.
2061,106,136,293,724,1153,1.4900260190806591,0.02053551401718174,691,He’s overthinking it.
999,107,64,180,388,632,1.4873417721518987,0.026775210725771225,691,It was the only way we could get funding from Amazon.
2488,108,122,300,697,1119,1.486148346738159,0.020456768930498723,691,Red Bull is definitely more effective than coffee.
3331,109,111,312,678,1101,1.4850136239782017,0.020257664899936464,691,Let's see if he can pick stocks.
3065,110,138,295,751,1184,1.4822635135135136,0.020201719944587537,691,"Don't get me wrong, this is incredible, but I think we lost track of the whole curing cancer thing somewhere along the way."
711,111,118,305,699,1122,1.482174688057041,0.02025750682283288,691,Is it a bad time to mention that I forgot to label the mice?
2764,112,118,365,767,1250,1.4808,0.018735685435205773,691,I suspect this will skew our previous results.
1240,113,89,295,611,995,1.4753768844221105,0.020757490576445756,691,I'm starting to think he doesn't even care about the cheese.
306,114,112,269,667,1048,1.4704198473282444,0.021025873736044157,691,He must have been in that bunch of mice we got from MIT.
1879,115,101,230,594,925,1.467027027027027,0.022488360660257667,691,"This totally ruins our thesis, you know."
2476,116,96,223,572,891,1.4657687991021324,0.02284083767264203,691,I’ll go and check on the pigs.
2309,117,91,236,577,904,1.4623893805309736,0.02232134374121758,691,"This confirms our theory ....
He’s getting way more funding than we are”!"
2223,118,89,224,560,873,1.4604810996563573,0.022775652761100895,691,He'll hit the roof when he finds out it's vegan cheese.
2000,119,89,222,558,869,1.4602991944764097,0.022851377848292106,691,Now I'm curious to see what he'd do for a Klondike Bar.
2094,120,75,211,507,793,1.455233291298865,0.023493794822819054,691,He's no longer interested in the cheese. He's headed for the buffet.
2365,121,86,194,526,806,1.4540942928039702,0.02393812338646735,691,"Yes, but that wasn't the assignment."
1738,122,78,208,518,804,1.4527363184079602,0.02345595472668439,691,I told you not to leave the Science Channel on all night.”
2318,123,77,188,498,763,1.4482306684141546,0.024278426494209738,691,We should never have accepted that grant from Amazon.
3541,124,119,135,580,834,1.447242206235012,0.025285603138789584,691,I just hope God isn't a mouse.
1493,125,65,159,424,648,1.4459876543209877,0.026305186354737102,691,Some mice look at things the way they are and ask why.
451,126,67,195,476,738,1.4457994579945799,0.024116241478981733,691,I warned you about letting them watch Ratatouille
2415,127,65,178,448,691,1.4457308248914615,0.02511388544296703,691,"It’s ok, he has a helmet."
3464,128,71,178,469,718,1.4456824512534818,0.024907673075222805,691,He's learned how to cheat.  They're just like us now.
2657,129,69,185,472,726,1.4449035812672177,0.024552464003629985,691,You do realize he is cheating?
2836,130,107,158,572,837,1.4444444444444444,0.02451902420540096,691,"Elon, when do you want us to change you back?"
1934,131,72,173,469,714,1.4439775910364145,0.0250816943457217,691,"Did it just say 'o.k., boomer'?"
1807,132,62,192,460,714,1.442577030812325,0.024281312699667924,691,He spent his first month at Tesla’s research lab.
1298,133,28,74,192,294,1.4421768707482994,0.038625385390777846,691,Do you want to tell him the moon isn't made of cheese?
3315,134,67,175,457,699,1.44206008583691,0.02505996814498628,691,Lazy....but brilliant.
1019,135,66,173,453,692,1.4407514450867052,0.025154833234616127,691,And Professor Fletcher can't find his way back to his office after he goes to the bathroom.
309,136,61,186,452,699,1.4406294706723892,0.024559447505489905,691,I shouldn’t have asked the engineers to take over for me when I was sick.
3570,137,51,193,427,671,1.4396423248882266,0.02438401952707464,691,I guess we should cancel the wheel trial.
670,138,80,146,471,697,1.4390243902439024,0.026147163417934674,691,Well this definitely proves it……Mice are definitely smarter then The Kardashians.
2064,139,56,180,431,667,1.4377811094452773,0.024933691391812545,691,This explains why the espresso machine in the break room was torn apart.
1220,140,61,173,440,674,1.4376854599406528,0.025192447987900966,691,We've invented the pigeon
2617,141,60,171,436,667,1.4362818590704647,0.025286646272701198,691,"That gives new meaning to the term, rat pack."
2066,142,79,172,512,763,1.432503276539974,0.024369248259146912,691,You should read his report on our observation techniques.
2360,143,62,151,423,636,1.4323899371069182,0.02633513364952095,691,He's a Musk rat.
1983,144,60,148,412,620,1.4322580645161291,0.02662973598988982,691,That's my DoD grant. Your NIH mice are behind me.
2144,145,66,140,424,630,1.4317460317460318,0.026891562418695465,691,He's named it his Rat Pack.
555,146,52,124,354,530,1.430188679245283,0.028884516642661555,691,"To be fair, the cat is away."
1092,147,57,154,412,623,1.4301765650080256,0.026235093507499727,691,"I know he looks smart, but you should see what he posts on Twitter."
679,148,56,155,410,621,1.429951690821256,0.02619552724971009,691,We should warn the snake lab.
2970,149,44,178,397,619,1.4297253634894993,0.025031574151091286,691,You're the one who decided to use Popular Science as bedding
610,150,57,150,408,615,1.4292682926829268,0.026474832226680133,691,We should probably stop sampling the hallucinogens.
2489,151,59,132,393,584,1.428082191780822,0.027686142925447958,691,"Oh, to be able to do that at IKEA."
3053,152,44,116,317,477,1.4276729559748427,0.030029928064433407,691,"Except for the implications for the future of human beings, it's great."
390,153,50,145,379,574,1.4268292682926829,0.027036981715276895,691,Perhaps we've been setting the bar too low.
3310,154,39,122,309,470,1.425531914893617,0.029581730629106275,691,...I was wondering what was in that tiny Prime box he had delivered to his cage!
2341,155,38,118,300,456,1.4254385964912282,0.030058816474601555,691,Well obviously he's going to do better than the three blind one's.
1385,156,44,163,383,590,1.4254237288135594,0.0258502584326275,691,Just a smidge of testosterone and he’s already learned to showboat.
1301,156,49,153,388,590,1.4254237288135594,0.02640098504526372,691,If only all the side effects were this cool.
1227,158,57,135,396,588,1.4234693877551021,0.02731669951235748,691,Are you sure you want to try it with apes next?
3022,159,44,153,373,570,1.4228070175438596,0.026461737750969164,691,I think we underestimated the effect technology would have on Darwinism.
1159,160,48,147,380,575,1.422608695652174,0.02675762640807018,691,Amazing! but I think she's overqualified... and probably we can't sponsor her visa.
3362,161,48,146,379,573,1.4223385689354275,0.02682199706341368,691,Our subways will never be the same!
2047,162,47,151,383,581,1.4216867469879517,0.026446336413196384,691,I told you he was overqualified for the position.
1375,163,51,130,372,553,1.4195298372513563,0.02784445069464907,691,"Wait, were we supposed to build a better mouse, or a better mousetrap?"
2997,164,43,145,363,551,1.4192377495462796,0.026953067415622083,691,You're the one who used decided to use Popular Science as bedding
1028,165,61,108,380,549,1.4189435336976322,0.029150129630391087,691,President Trump will be delighted to hear that his first Space Force trial is a success.
1434,166,43,147,368,558,1.417562724014337,0.026708277058326332,691,It doesn't count until he lands.
1192,167,46,138,367,551,1.4174228675136116,0.027308012949774228,691,Remember when Mighty Mouse only needed a cape?
2193,168,42,137,352,531,1.4161958568738229,0.027512225618302705,691,... let's report that we have observed a significant development of technical skills?
3045,169,47,129,360,536,1.416044776119403,0.027962747405278928,691,Good God we have a mouse that can think outside the box
1374,170,44,127,347,518,1.415057915057915,0.02825242024482601,691,Impressive but primitive in its reliance on fossil fuels.
2773,171,48,128,364,540,1.4148148148148147,0.02793184329998577,691,That's also how they escape sinking ships.
2114,172,38,140,344,522,1.4137931034482758,0.02729529431221864,691,I’m just going to mark it as inconclusive.
3302,173,46,119,347,512,1.412109375,0.028736018910967574,691,"Who knew, the cheese is the variable."
2467,174,43,127,347,517,1.4119922630560928,0.028139978603716066,691,This is nothing. You should see what the monkeys are doing.
1398,175,45,120,345,510,1.411764705882353,0.02868037811151352,691,"From Amazon, where else?"
3137,176,43,123,342,508,1.4114173228346456,0.02848732192799081,691,"Well, it IS the Year of the Rat!"
1326,177,45,118,344,507,1.4102564102564104,0.02879190985539567,691,I guess good things do happen when you remove the glass ceiling!
2966,178,54,101,355,510,1.4098039215686275,0.029853255156745334,691,There's probably no good time to tell you that Pinky here has been offered the directorship of the lab.
3062,179,45,116,342,503,1.4095427435387673,0.028950566677820373,691,We caught him at the Tesla factory.
2270,179,49,108,346,503,1.4095427435387673,0.029492672419336275,691,"Cut the crap, Iggy, did you or did you not give him an extra dose?"
3509,181,49,109,348,506,1.4090909090909092,0.02936325670954072,691,Looks like it's time to build a better maze.
2696,182,39,112,316,467,1.4068522483940042,0.029602047653285515,691,This isn't his first maze.
1072,183,50,98,339,487,1.406570841889117,0.030314191540333567,691,He could've bought tons of cheese with what he paid for that jetpack.
3615,184,41,115,329,485,1.4061855670103092,0.029114728072330984,691,"All this time, I thought WE would win the genius grant."
2867,184,48,101,336,485,1.4061855670103092,0.030121551155165013,691,He says he's from google maps...
321,186,45,111,339,495,1.406060606060606,0.02926195980567587,691,I’m getting apprehensive about the primate trials.
3395,187,42,110,327,479,1.4050104384133613,0.029512862512406188,691,"She’s now officially smarter than a politician"""
1303,188,45,108,336,489,1.4049079754601228,0.029511271347124023,691,He's testing us.”
3139,189,33,117,302,452,1.404867256637168,0.029291995086983144,691,I think we’ve found our winner.
2399,190,44,109,334,487,1.404517453798768,0.02945252283735424,691,"Quick,  yes, but still not as quick as the mice who use Google Maps."
2587,191,39,112,320,471,1.4033970276008492,0.029400859781358188,691,Sometimes I feel as though their lives are more interesting than mine.
639,192,42,109,328,479,1.4029227557411275,0.02949864733849198,691,Let's name this one MacGyver.
1931,193,32,124,311,467,1.4025695931477515,0.028463977826236265,691,Are these the rats Tesla sent over?
3564,194,38,109,314,461,1.4013015184381779,0.02967642937865834,691,I'm not sure this side effect qualifies as 'adverse.'
1213,195,40,102,313,455,1.4,0.030264042716581147,691,He heard the moon is made of cheese
1607,195,23,74,203,300,1.4,0.036269768376773426,691,I see why they call this the Year of the Rat.
2825,197,36,113,314,463,1.3995680345572354,0.02925559034573366,691,The control group has a smaller carbon footprint.
3400,198,47,154,420,621,1.3993558776167472,0.02512034006518446,691,He's just squeaking by. Let's see if he nails the landing.
1214,199,31,120,306,457,1.3982494529540481,0.028688978805561587,691,"Your right, he didn’t solve the maze, but you have to applaud his ingenuity."
1870,200,31,113,297,441,1.3968253968253967,0.029385547252346874,691,"Well, that explains what happened to the Buzz Lightyear doll that went missing from your desk."
3061,201,32,105,291,428,1.394859813084112,0.030162644645775356,691,See what happens when you don't teach to the test?
1306,202,22,87,223,332,1.394578313253012,0.033497819221318455,691,Who left the 3D printer on?
2128,203,31,112,298,441,1.3945578231292517,0.02936724816470938,691,It’s amazing what they’ll do for gourmet cheese.
2019,204,36,100,301,437,1.3935926773455378,0.03041898576795913,691,Let me guess. Not the placebo?
1127,205,34,101,296,431,1.3921113689095128,0.03035191519535409,691,Is this animal testing us?
2883,206,34,100,295,429,1.3916083916083917,0.030446805831978233,691,"Morning shift must have used extra sharp cheddar."""
442,207,34,98,292,424,1.3915094339622642,0.030697454309997235,691,Either they're getting smarter or we've done this too often.
3274,208,36,95,296,427,1.3911007025761124,0.03090038553626671,691,It's the new iMouse from Apple.
1692,209,31,100,284,415,1.3903614457831326,0.03058910235801759,691,I’m gonna mark that down as a ‘pass’.
921,209,31,100,284,415,1.3903614457831326,0.03058910235801759,691,Didn't see that coming
2179,211,42,121,363,526,1.3897338403041826,0.027517516205619555,691,Imagine what he'd do for tenure.
3317,212,34,90,282,406,1.3891625615763548,0.0316306909473893,691,Now let's see how long it takes him to pair it with the right wine.
3292,213,33,94,286,413,1.387409200968523,0.03104684869696217,691,Those mice from the NASA labs are such show-offs
792,214,38,127,359,524,1.3874045801526718,0.027038689063066775,691,This does not support our hypothesis.
895,215,28,97,270,395,1.3873417721518988,0.031018263639021545,691,"Technically, it didn't solve the maze."
3610,216,35,89,287,411,1.3868613138686132,0.03152683484935653,691,"'A' for effort, 'F' for fuel efficiency."
2298,217,34,87,280,401,1.3865336658354115,0.03188657440293736,691,I don't care what you say-I'm recording a failure to complete the maze properly.
1164,218,33,92,284,409,1.3863080684596576,0.03125022893471673,691,I wondered what it was 3D printing.
3629,219,21,70,199,290,1.3862068965517242,0.0363507859543169,691,I’m more interested in where he got the fuel than how he made the jet pack.
2618,220,32,85,269,386,1.3860103626943006,0.03234591731981447,691,And I say give him the damned cheese.
1890,221,30,94,277,401,1.3840399002493766,0.0310716587273644,691,We might want to lower the dosage at bit...
389,222,27,93,263,383,1.3838120104438643,0.03143565347474286,691,"We do have his signed consent form, right?"
2664,223,25,100,266,391,1.3836317135549872,0.03056458734202864,691,It appears the Evel Knievel gene splicing experiment is a success.
3656,223,37,76,278,391,1.3836317135549872,0.03303908850213761,691,"See, females are more creative!"
3429,225,39,75,285,399,1.3834586466165413,0.032942268473056195,691,Smile. He hacked the lab's account and is live-streaming this flight.
391,225,32,89,278,399,1.3834586466165413,0.03157582862589043,691,"If you don't mind me asking...how did you get him to wear the goggles?"""
573,227,30,88,269,387,1.3824289405684755,0.03183571029414654,691,"Whoa, that one’s really thinking outside the box!"
3641,228,27,90,260,377,1.3819628647214854,0.031761382151689097,691,"In his defense, we never read him the rules."
2162,229,30,99,288,417,1.381294964028777,0.03021533322388307,691,I hate working with these millennials.
329,230,32,82,269,383,1.3812010443864229,0.03247990259885018,691,We call that one Elon Mousk.
2389,231,32,85,274,391,1.381074168797954,0.03200719114403585,691,Big deal. He copied the idea from a New Yorker cartoon.
2241,232,29,87,265,381,1.3805774278215224,0.031952646722713605,691,But is it statistically significant?
3378,233,27,93,267,387,1.37984496124031,0.031172994256836402,691,We knew this day was coming: The rat race has produced better rats.
2828,234,25,92,257,374,1.3796791443850267,0.03146182551200184,691,Are you sure that was the placebo?
3461,235,33,80,272,385,1.3792207792207791,0.03254967962818111,691,We've had nothing but problems ever since he read 'Who Moved My Cheese?'
3387,236,39,145,406,590,1.3779661016949152,0.024972348629765304,691,"They left a note on my clipboard asking for dairy-free, soy-free cheese."
950,237,27,86,259,372,1.3763440860215055,0.03199858930771623,691,Just write “Advanced problem-solving skills.”
3308,238,25,91,259,375,1.376,0.03136627388222742,691,We're in trouble...Didn't you say that was the dumb one?
1749,239,22,65,203,290,1.3758620689655172,0.03656126829218676,691,Does he have an exit strategy?
2717,240,29,80,259,368,1.375,0.03268142385197285,691,And I’m calling it “the rat pack.”
1339,240,37,64,267,368,1.375,0.03444626018392548,691,This one wrote ‘Epstein didn’t kill himself’ on the bottom of his cage.
1178,240,10,88,190,288,1.375,0.03253620039345959,691,And yet he still can't figure out this maze.
3299,243,25,86,252,363,1.3746556473829201,0.03205786550294427,691,"You realize that if he succeeds, we're out of a job."
1650,244,25,87,254,366,1.3743169398907105,0.03187371443593927,691,Let's wait to see the landing before we evaluate it's intelligence.
2497,245,29,67,238,334,1.374251497005988,0.03499635367559337,691,Is this a bad time to ask you out?
631,246,26,83,253,362,1.37292817679558,0.032337347540392886,691,I think we are going to need to keep a lid on this.
856,247,34,65,258,357,1.3725490196078431,0.034520488870976376,691,"So anyway, Martha and I are getting a divorce..."
2678,248,24,86,250,360,1.3722222222222222,0.03197344706317554,691,They just don't seem to delay gratification anymore.
628,249,31,71,256,358,1.3715083798882681,0.033751201290083035,691,Let's get him back in the cage before he develops a nuclear warhead.
2786,249,21,91,246,358,1.3715083798882681,0.031347350966991865,691,"A one in a billion fluke maybe, but I also just found a very small volume of Shakespeare in one of the other cages."
3158,249,28,77,253,358,1.3715083798882681,0.0330484104876607,691,I told you not to give him an Amazon gift card for Christmas.
1989,252,38,72,289,399,1.3709273182957393,0.0326322755923692,691,It's a shame we have to kill him.
370,253,22,88,246,356,1.3707865168539326,0.03170726052682832,691,Are you sure this one is from the control group?
2759,253,28,76,252,356,1.3707865168539326,0.03317080196475946,691,His name is Algernon. Why do you ask?
1332,255,27,77,250,354,1.3700564971751412,0.03305318312790128,691,One small step for mousekind...
3608,256,27,70,239,336,1.369047619047619,0.03427569347359851,691,I think we just got skewed.
1966,257,25,79,246,350,1.3685714285714285,0.03280504510213289,691,These millennial mice are ruining mazes.
3379,257,23,83,244,350,1.3685714285714285,0.03230207982697818,691,"I knew they could do it, but how did they get the funding?"
765,259,21,84,237,342,1.368421052631579,0.03228783661708186,691,Better than last week when he sent up a drone to find the exit
694,260,25,88,262,375,1.368,0.03127886189467297,691,"Yeah, but he's just doing it for the Instagram likes."
3021,261,22,84,242,348,1.367816091954023,0.03216331685616206,691,It must be an Elon Muskrat.
3280,262,25,73,237,335,1.3671641791044775,0.03380147996752359,691,Weren't we doing something with cancer?
790,263,30,67,249,346,1.3670520231213872,0.03429350046452845,691,He already has a patent and has applied to our grad program.
3542,264,29,66,243,338,1.3668639053254439,0.034618412170683024,691,Great. They have jetpacks and we still DON'T?
3040,264,26,72,240,338,1.3668639053254439,0.0338490686502524,691,Is it always this easy to identify outliers?
1963,264,21,82,235,338,1.3668639053254439,0.03252641635050668,691,Now do you believe me?
2572,267,23,80,241,344,1.3662790697674418,0.032658657054648044,691,Nature or nurture?
3392,268,29,80,268,377,1.3660477453580901,0.03203650458239351,691,Maybe we can hire him.
1082,269,17,82,218,317,1.3659305993690851,0.03276696180332028,691,That's thinking outside the box.
3050,270,27,68,239,334,1.3652694610778444,0.03437665982182537,691,"What are we testing for, again?"
515,271,23,101,279,403,1.3647642679900744,0.029331490955113972,691,I guess you can stop saying they lack initiative.
1258,272,26,72,242,340,1.3647058823529412,0.033684142702740116,691,"On the plus side, at least one of us will be getting tenure."
1980,273,23,76,236,335,1.364179104477612,0.033232357310025266,691,He's going to be so disappointed when he finds out what the moon is actually made of.
2635,274,42,78,325,445,1.3640449438202247,0.03076649442780358,691,They must have sent us one of those Elon Muskrats.
617,275,23,77,238,338,1.363905325443787,0.0330260626383713,691,He's still not getting tenure.
1475,275,15,93,230,338,1.363905325443787,0.030826191992862805,691,Let's check the dosage on that one.
498,275,31,61,246,338,1.363905325443787,0.03508828171920664,691,M-I-T P-h-D M-O-U-S-E.
992,278,28,65,240,333,1.3633633633633633,0.034688744993257054,691,He works here to fund his own research on string cheese theory.
3421,278,29,63,241,333,1.3633633633633633,0.03494852512973014,691,Maybe he can program the clock on the microwave?
3106,280,24,72,235,331,1.3625377643504533,0.03376026171764173,691,"Well, that proves it. Brie will set you free."
1973,280,22,76,233,331,1.3625377643504533,0.03321348062228122,691,We can bury this in the supplement.
2419,280,33,54,244,331,1.3625377643504533,0.036118487843903924,691,"So we give the jet packs out in the subway, and then put a giant piece of cheese in New Jersey..."
2522,280,24,72,235,331,1.3625377643504533,0.03376026171764173,691,I might have messed up the dosage.
3205,280,27,66,238,331,1.3625377643504533,0.03456421900664312,691,NASA had him for awhile.
2911,285,22,74,230,326,1.361963190184049,0.03355432629628506,691,"Houston, I think we have a problem."
926,286,21,77,231,329,1.3617021276595744,0.03306190023081781,691,The scary thing is that a cockroach taught him how to do it.
1320,287,27,63,234,324,1.3611111111111112,0.03507517548971484,691,Interesting. He picked the jet pack over the helicopter.
598,287,18,81,225,324,1.3611111111111112,0.03253105149888772,691,Swiss appears to be more motivating than Halloumi.
708,287,27,63,234,324,1.3611111111111112,0.03507517548971484,691,I guess our work is done here.
1065,290,24,70,233,327,1.3608562691131498,0.03402579376068561,691,"For this study I thought, ""Give a rat some cheese and you feed him for a day, but give a rat a jetpack..."""
1358,290,22,74,231,327,1.3608562691131498,0.03346986544458516,691,"You're impressed?  Well he hasn't got the cheese yet, has he?"
1471,292,18,81,226,325,1.36,0.032449829783705385,691,Please tell me this isn't the placebo.
2937,292,22,73,230,325,1.36,0.03360007235555001,691,"Your hypothesis ""mechanization does not improve outcomes"" is really being tested."
2171,292,26,74,250,350,1.36,0.03295266330403823,691,Her Father tested for NASA.
3126,292,28,61,236,325,1.36,0.03525514113229884,691,First day here in Los Alamos?
3103,296,25,69,237,331,1.3595166163141994,0.03399295028165608,691,Remember when we used to give the rats cocaine?
1646,297,20,73,222,315,1.3587301587301588,0.03371985367153428,691,He seems overqualified for the job.
1918,298,24,70,235,329,1.358662613981763,0.033854080699760154,691,"The last time we used brie, and he actually had a little flamethrower."
2493,299,26,63,232,321,1.3582554517133956,0.03499563600032115,691,It's that damn  Amazon Prime again.
680,299,22,71,228,321,1.3582554517133956,0.03386462636925555,691,We could just reference this one in the footnotes.
2482,301,23,68,228,319,1.3573667711598747,0.03428773865364673,691,This is why you shouldn’t get your mice from Cal Tech.
729,302,26,58,225,309,1.3559870550161812,0.035926740995740225,691,I'm calling him Elon Musk-Rat
2855,302,26,58,225,309,1.3559870550161812,0.035926740995740225,691,Score this one high on ingenuity and low on perseverance.
3498,302,18,74,217,309,1.3559870550161812,0.03350543307590516,691,I did think it was strange when he requested that tiny tool set.
2111,305,18,74,218,310,1.3548387096774193,0.03341691295375824,691,"I asked him how he calibrates weight versus thrust, and all he did was squeak."
2349,305,12,86,212,310,1.3548387096774193,0.03148675966820363,691,"Well, you're the one who taught her to read."
2539,305,22,66,222,310,1.3548387096774193,0.034643990763136435,691,We probably shouldn't use the ones who went through STEM training.
3556,305,22,66,222,310,1.3548387096774193,0.034643990763136435,691,I hope we’ve been nice to this one.
2511,309,14,83,216,313,1.354632587859425,0.03194171296650217,691,Five bucks says he can’t stick the landing
1035,310,17,72,210,299,1.354515050167224,0.03390405451561261,691,"""I sense our experimental parameters have subtly shifted."""
1273,311,14,37,133,184,1.3532608695652173,0.0456071093012119,691,"Such a shame, he just can't seem to find the cheese without cheating."
455,312,18,72,216,306,1.3529411764705883,0.03368225495963931,691,Any idea where he got those goggles?
1612,313,23,70,236,329,1.3525835866261398,0.03349945532171502,691,I feel less overqualified now.
1578,314,24,59,221,304,1.3519736842105263,0.03569133103628365,691,"In conclusion, rats these days don’t know the value of hard-earned cheese"
2226,314,23,61,220,304,1.3519736842105263,0.03538585047100093,691,A flying rat? Terry you just reinvented the pigeon.
3316,314,22,63,219,304,1.3519736842105263,0.03507770967395803,691,Allowing roller skates was a slippery slope.
536,317,21,64,217,302,1.3509933774834437,0.034911843135589565,691,This is a game changer for cats too.
1608,317,20,66,216,302,1.3509933774834437,0.03459530423323596,691,I think he's completed the pilot program.
1630,319,20,63,211,294,1.3503401360544218,0.03522992962826669,691,I don’t think this is going to prove a damn thing.
2139,320,20,71,226,317,1.3501577287066246,0.033457428979270565,691,The mouse that soared.
305,321,19,67,214,300,1.35,0.03441662246495444,691,My robotic mouse can beat your genetically modified rat.
3357,321,26,53,221,300,1.35,0.03661392781640516,691,He insists it is less about the cheese and more about getting a mouse on the moon.
666,323,19,62,205,286,1.3496503496503496,0.035553868963443654,691,I'd say it's progress. Just last week they were using stilts.
1690,324,22,58,212,292,1.3493150684931507,0.036040211549528876,691,Should we try pigs next?
740,325,19,66,213,298,1.348993288590604,0.034558969835197136,691,We’ll have to kill that one so our results look good.
2501,325,24,56,218,298,1.348993288590604,0.0361567294737503,691,I hate this fucking job.
2653,327,21,64,219,304,1.3486842105263157,0.03472006993198373,691,Looks like we have an overacheeser.
2416,328,15,73,208,296,1.347972972972973,0.03335678389593717,691,Are you sure this one got the placebo?
2016,329,16,68,204,288,1.3472222222222223,0.03430596405561793,691,Year of the Rat is off to a great start.
1207,330,19,64,211,294,1.346938775510204,0.03484847562479404,691,Why weren't we warned he's a flight risk?
1003,330,20,62,212,294,1.346938775510204,0.035180018923948744,691,Should we let the cat out of the bag?
1666,330,25,52,217,294,1.346938775510204,0.03679294935279076,691,"So, can we move on to human trials?"
1709,330,20,62,212,294,1.346938775510204,0.035180018923948744,691,I knew it was a mistake to give them the Amazon password. .
767,334,14,71,201,286,1.3461538461538463,0.0337292344875888,691,Perhaps we should scale back the dosage just a little bit?
2699,335,20,60,209,289,1.3460207612456747,0.03558531895957296,691,"Yes, he passes. I just wish he hadn't patented it."
1673,335,20,60,209,289,1.3460207612456747,0.03558531895957296,691,This is remarkable. Just three weeks ago he had to take an Uber.
637,337,13,70,195,278,1.3453237410071943,0.033967516589375184,691,I guess he passes.
293,338,21,57,209,287,1.3449477351916377,0.03607976102910873,691,"He said  we’re irrelevant, is bored and is getting the hell out of here."
3003,338,14,71,202,287,1.3449477351916377,0.03363313856521111,691,"Yes, we do see some variation in natural ability."
1289,340,12,66,183,261,1.3448275862068966,0.03496567245094315,691,Do you think he'll let us share credit on this?
3435,341,14,64,189,267,1.344569288389513,0.03526005470346702,691,"Do we describe this as ""innovative"" or ""cheating?"""
2540,342,15,65,196,276,1.3442028985507246,0.034872386333024294,691,"I think the little bastards are getting smarter, don't you?"
1492,343,13,72,200,285,1.343859649122807,0.033401540246775926,691,Did you ever feel like you're the one being experimented upon?
1331,344,18,47,177,242,1.3429752066115703,0.039399198806007785,691,What hallucinogen are we testing today?
1506,345,21,55,207,283,1.342756183745583,0.036402218984010554,691,He wont do it unless we tell him what happened to Minnie.
2627,345,17,63,203,283,1.342756183745583,0.0349982636350411,691,I don't think we can launch the drug just yet.
3622,345,24,49,210,283,1.342756183745583,0.037420634201986366,691,I love you Sandra. I've always loved you.
2829,345,19,59,205,283,1.342756183745583,0.03570714217371434,691,"It wouldn't bother me so much, but he keeps calling it the ""Rat Pack."""
3291,349,14,64,191,269,1.342007434944238,0.03504408570611377,691,I think he's earned the wine pairing.
3634,350,23,50,208,281,1.3416370106761566,0.037255020334181356,691,"Stupid rat, can’t even solve a simple maze."
3112,350,18,60,203,281,1.3416370106761566,0.03550830097194452,691,I hope all they want is our cheese.
2780,350,16,64,201,281,1.3416370106761566,0.03478506284369439,691,I still have to mark her maze run as incomplete.
312,353,12,64,182,258,1.3410852713178294,0.03516328585980647,691,Shall we move the cheese?
2174,354,19,57,203,279,1.3405017921146953,0.036023625267817876,691,Maybe we should lock the tool box at night.
1075,354,20,55,204,279,1.3405017921146953,0.03637976635975974,691,"It says here he's called ""Elon Mouske."""
1027,356,20,53,201,274,1.3394160583941606,0.03682441254865848,691,I see Acme's miniaturized its coyote jet pack
2192,356,21,51,202,274,1.3394160583941606,0.0371856775192872,691,These millennial rats are so lazy.
2925,356,18,57,199,274,1.3394160583941606,0.03609103563940145,691,"Let's not tell anyone, okay?"
1102,359,11,72,194,277,1.339350180505415,0.03316701358975781,691,Fortunately this is one of the least common side effects.
3544,359,20,54,203,277,1.339350180505415,0.03654439267968823,691,I'll just put 'inconclusive'
1247,359,11,72,194,277,1.339350180505415,0.03316701358975781,691,"Ever since they heard the moon was made of cheese, our mouse-space program has really taken off."
1321,359,21,52,204,277,1.339350180505415,0.03690058050252406,691,"He can build a jet-pack with his genetically engineered brain, but his highest aspiration is still yellow cheese."""
2663,359,14,66,197,277,1.339350180505415,0.03432974520370349,691,I still say it’s cheating.
3433,364,14,63,192,269,1.338289962825279,0.03498075607461211,691,This is what happens when we don't give them explicit instructions.
897,364,15,61,193,269,1.338289962825279,0.03537507066844497,691,I believe he’s the one who torched our hamster wheel last month.
2648,366,15,62,195,272,1.338235294117647,0.03511322211711648,691,It appears that our hypothesis was incorrect.
2045,366,19,54,199,272,1.338235294117647,0.0366260681006798,691,"Theoretically, that should not work."
1569,368,13,29,121,163,1.3374233128834356,0.04862796680848483,691,Week 65: subject is displaying symptoms of a typical millennial and has decided to ruin the whole experiment
3335,369,19,53,198,270,1.337037037037037,0.03679460792902715,691,We had to give it to him as an accommodation but it's skewing the results.
1217,369,14,63,193,270,1.337037037037037,0.03487347158079887,691,I'm still struggling to see the market for this drug.
2020,369,20,51,199,270,1.337037037037037,0.03716692081894377,691,I knew we shouldn't have named his mother Necessity.
3031,369,26,39,205,270,1.337037037037037,0.0393268481603406,691,We call it Susan Collins' Syndrome. Afraid to make a decision.
3478,369,19,53,198,270,1.337037037037037,0.03679460792902715,691,"I don't care how amazing it is, we'll still need to dissect its brain afterwards."
3581,374,14,62,192,268,1.335820895522388,0.03502395293760237,691,I see your research is taking off
2007,374,16,58,194,268,1.335820895522388,0.03581309192581294,691,Is this the one Elon sent us?
521,374,13,64,191,268,1.335820895522388,0.03462263916023322,691,Also an elevated sense of self-importance.
2612,377,15,59,192,266,1.3345864661654134,0.03557719842775984,691,You gotta give it to him: thinking outside the box.
877,377,18,53,195,266,1.3345864661654134,0.036753986239411535,691,Die Fledermaus
1257,379,19,56,206,281,1.3345195729537367,0.03574950274332323,691,wait till the subway rats get a hold of this
1146,380,21,46,197,264,1.3333333333333333,0.03807702476400732,691,His mother flew on the Space Shuttle.
590,380,17,54,193,264,1.3333333333333333,0.036532713659661084,691,"It's incredible, but he's still last."
2979,380,12,56,172,240,1.3333333333333333,0.03671798108312892,691,The mice are testing how long it will take you to learn your maze experiment isn’t working.
1745,380,15,58,191,264,1.3333333333333333,0.03573554034247653,691,Do you have any idea how hard it is to make a hat that small for a rat?
743,384,19,49,194,262,1.33206106870229,0.037489956933242495,691,"Well, it appears we've invented a pigeon."
984,384,14,59,189,262,1.33206106870229,0.03548604735587438,691,That's what we get for breeding them with opposable thumbs.
1719,384,12,63,187,262,1.33206106870229,0.03465205089714246,691,At least he's wearing a helmet.
2164,384,18,51,193,262,1.33206106870229,0.037097835625192116,691,Look–he's using a tool.
3289,384,14,59,189,262,1.33206106870229,0.03548604735587438,691,It worries me that he's not interested in the cheese anymore.
2840,389,13,60,186,259,1.332046332046332,0.03533766606134066,691,The real question is: How did they perfect jet-packs before we did?
3056,389,10,66,183,259,1.332046332046332,0.03404349945580832,691,"You had him sign an updated liability waiver, right?"
3225,389,13,60,186,259,1.332046332046332,0.03533766606134066,691,"So, his exact words were, ""Here I come to save the day?"""
934,389,14,58,187,259,1.332046332046332,0.035758647977114984,691,Definitely an outlier.
2538,389,15,56,188,259,1.332046332046332,0.036174731065201186,691,"I think your findings should take into account 
the fact that he never actually found the cheese."
1141,394,16,52,185,253,1.33201581027668,0.03717523526263527,691,"As your advisor, I must tell you that this experiment is fundamentally flawed."
3458,394,14,56,183,253,1.33201581027668,0.036321604089829304,691,"Yes, but are the results reproducible?"
3226,396,13,58,184,255,1.3294117647058823,0.03565254672204463,691,Maybe he should be the one holding the clipboard?
491,397,8,67,178,253,1.3280632411067195,0.033551598361651766,691,Is that a pass or a fail?
3419,397,11,61,181,253,1.3280632411067195,0.03492590073831393,691,"Ok Trudy, NOW will you go out with me?"
3217,397,16,51,186,253,1.3280632411067195,0.03710345705345388,691,That's going above and beyond.
3041,397,15,53,185,253,1.3280632411067195,0.036678289610210954,691,I want what he’s taking.
2868,397,18,47,188,253,1.3280632411067195,0.037939500767557185,691,No more mice from the MIT gene lab.
2256,397,15,53,185,253,1.3280632411067195,0.036678289610210954,691,Now let's try the one without an Amazon account.
1413,397,16,51,186,253,1.3280632411067195,0.03710345705345388,691,"And just like that, Bubonic is airborne."
642,397,13,57,183,253,1.3280632411067195,0.035812815241984715,691,We're going to need more grant money
813,405,19,44,187,250,1.328,0.03867359029551538,691,You DO realize we’ll NEVER be able to get this past peer review in any reputable journal?
756,406,19,43,185,247,1.3279352226720649,0.03900384941651095,691,This adds a whole new dimension to leaving the rat race.
3066,407,14,52,178,244,1.3278688524590163,0.03713643881814943,691,You'd think he'd know how to land by now.
3571,408,20,42,189,251,1.3266932270916334,0.038952653941157066,691,He has better funding.
3537,408,17,48,186,251,1.3266932270916334,0.037705327464153664,691,"Oh Edgar is smart enough, but he’s a maverick not a team player at all.”"
1964,408,13,56,182,251,1.3266932270916334,0.035975014653762453,691,I'm just surprised he managed to put on the goggles.
2127,408,20,42,189,251,1.3266932270916334,0.038952653941157066,691,Nancy took the kids. I've started drinking again.
3173,408,12,58,181,251,1.3266932270916334,0.035529272007434436,691,The NYC subway will never be the same again
1211,408,16,50,185,251,1.3266932270916334,0.03728027909255645,691,"Genetic engineering, Candace. Not mechanical engineering."
2225,408,15,52,184,251,1.3266932270916334,0.03685032834668834,691,He certainly upgraded from his pogo stick.
3339,415,6,69,173,248,1.3266129032258065,0.032959551425154575,691,Can we just call this one an outlier?
2388,416,16,47,179,242,1.3264462809917354,0.03822354597790222,691,Don’t tell the pigs.
2319,416,16,47,179,242,1.3264462809917354,0.03822354597790222,691,Statistically? Not significant at all.
810,418,17,47,185,249,1.3253012048192772,0.037889190927207536,691,What happened to the three blind ones?
3580,418,13,55,181,249,1.3253012048192772,0.036139179974291794,691,The grant from SpaceX paid up.
1262,418,10,61,178,249,1.3253012048192772,0.03476891548907089,691,We're finding unexpected results with those on the 007 Diet.
462,421,20,40,186,246,1.3252032520325203,0.03948896631823461,691,"Oh brother! I think that's 'Here I Come to Save the Day' he's humming."""
759,421,15,50,181,246,1.3252032520325203,0.03732905616721997,691,So just YouTube? He wasn't allowed to visit any other site?
1269,421,16,48,182,246,1.3252032520325203,0.037770920555963476,691,This one belongs to Elon Musk.
1062,424,15,49,179,243,1.3251028806584362,0.037640523911998756,691,Did he sign a waiver?
1186,424,16,47,180,243,1.3251028806584362,0.03808962031039409,691,"Which ehh, which box are you ticking for this?"
3566,424,12,55,176,243,1.3251028806584362,0.036259876382980706,691,"Technically, he failed."
738,427,16,57,201,274,1.3248175182481752,0.035087510653579235,691,His funding is better than ours.
1866,428,12,50,166,228,1.3245614035087718,0.037808027534656494,691,She says this whole cheese in the maze thing is beneath her.
1259,429,12,55,177,244,1.3237704918032787,0.036135536820565986,691,AmazonMouse: because Alexa cannot bring you cheese.
736,429,13,53,178,244,1.3237704918032787,0.03659929486659804,691,Stop worrying. It'll never work outside of lab conditions.
510,429,18,43,183,244,1.3237704918032787,0.03883510270156031,691,"Why WOULDN'T a rat need this, Karen?"
1706,429,12,55,177,244,1.3237704918032787,0.036135536820565986,691,"Well, that explains why he asked for a helmet."
1395,429,14,51,179,244,1.3237704918032787,0.03705724960320044,691,Let's keep this to ourselves.
1117,434,15,48,179,242,1.322314049586777,0.037692501492656336,691,Looks like our research has finally started to take off.
1221,434,14,50,178,242,1.322314049586777,0.0372348263319337,691,History may not be kind to us for this one.
2376,434,13,52,177,242,1.322314049586777,0.036771455167896566,691,We’re going to need a better maze
3322,434,15,48,179,242,1.322314049586777,0.037692501492656336,691,The cat has a helicopter.
1202,438,15,56,197,268,1.3208955223880596,0.03514879471707364,691,The 'placebo effect' is remarkable.
860,439,17,43,180,240,1.3208333333333333,0.038787370816040286,691,".... that's all well and good, but I think he missed the point of the task."
1419,439,11,55,174,240,1.3208333333333333,0.035989652872742625,691,It's really just a classic fight or flight response.
1120,439,14,49,177,240,1.3208333333333333,0.03741467124485745,691,We both knew this day would come.
1295,442,15,53,191,259,1.3204633204633205,0.03595845452283473,691,He’s pretty jazzed about that rat pack.
1600,443,12,49,167,228,1.3201754385964912,0.03771714137300733,691,Explains why he never took to the wheel.
507,444,19,41,187,247,1.319838056680162,0.03885494328897319,691,Is it weird that I wish I was him?
3259,445,12,52,174,238,1.319327731092437,0.03664160252183481,691,I never thought I'd lose my job to automation.
1796,445,18,40,180,238,1.319327731092437,0.039437930480012554,691,I really thought we'd have jet packs before them.
1478,445,14,48,176,238,1.319327731092437,0.037596828019052196,691,What do you say we just give him the cheese?
747,445,16,44,178,238,1.319327731092437,0.03852837809745235,691,Maybe it was a mistake giving him a credit card.
1080,449,13,49,173,235,1.3191489361702127,0.03743548242477931,691,I think we’re gonna need a better maze.
1093,449,11,53,171,235,1.3191489361702127,0.0364509923884597,691,He really thinks outside the box!
1083,449,15,45,175,235,1.3191489361702127,0.03839473717384159,691,IQ off the charts.  Sucks as a pilot.
2053,449,15,45,175,235,1.3191489361702127,0.03839473717384159,691,It's innovation out of frustration. We did keep moving his cheese...
2682,449,14,47,174,235,1.3191489361702127,0.03791814332891534,691,Pretty good. But the chipmunk works for peanuts.
2874,449,19,37,179,235,1.3191489361702127,0.04024471194074073,691,He has taken the pilot project seriously!
2999,449,17,41,177,235,1.3191489361702127,0.03933060310903949,691,It counts higher if he makes a fondue.
3243,449,14,47,174,235,1.3191489361702127,0.03791814332891534,691,You realize the real bioethical issue is who owns the patent.
3258,449,13,49,173,235,1.3191489361702127,0.03743548242477931,691,Imagine what he would have done for Havarti?
1421,449,16,43,176,235,1.3191489361702127,0.0388654871548599,691,"He told me it will be ""one giant leap for mousekind."""
1907,449,12,51,172,235,1.3191489361702127,0.0369465166861472,691,"After all, you did get him from the aerospace lab!"
636,460,14,45,170,229,1.3187772925764192,0.03858398635377127,691,"I guess it depends what you mean by ""progress."""
2015,461,11,54,174,239,1.3179916317991631,0.03602771826878574,691,And this experiment was funded by Elon Musk.
1124,462,12,50,171,233,1.3175965665236051,0.037123586661911664,691,She became extraordinarily motivated after we switched to gruyere...
735,462,14,46,173,233,1.3175965665236051,0.038107191220822956,691,I had no idea he had an Amazon account.
1205,462,8,58,167,233,1.3175965665236051,0.03507372256337591,691,"You think that’s cool, you should check out the cat and the litter box next door."
2440,462,16,42,175,233,1.3175965665236051,0.039066038432841725,691,Do you think he’d take a selfie with me?
2519,466,7,59,164,230,1.317391304347826,0.03481226189946896,691,"If you want to build a better mousetrap, you need a better mouse."
1095,467,9,55,167,231,1.316017316017316,0.03575717926798244,691,This will really skew the results.
1524,467,14,45,172,231,1.316017316017316,0.03829873951874344,691,This is what happens when you take away little Stuart's plane.
1584,467,8,57,166,231,1.316017316017316,0.03522686976298416,691,"Yeah, but we're testing how fast they can get t͟h͟r͟o͟u͟g͟h͟ the maze."
1602,467,11,51,169,231,1.316017316017316,0.0367948760157091,691,So I said of course we’ll get different results with mice from France. But did they listen?
1774,467,15,43,173,231,1.316017316017316,0.038787072132721576,691,Where’d he get the goggles?
2288,467,13,47,171,231,1.316017316017316,0.03780409941818712,691,Should we report this as a potential side effect?
2380,467,11,51,169,231,1.316017316017316,0.0367948760157091,691,I'm not sure the CBD infused Swiss was such a great idea.
3346,467,11,51,169,231,1.316017316017316,0.0367948760157091,691,I think we can check improves mental acuity.
2961,467,11,51,169,231,1.316017316017316,0.0367948760157091,691,He also wants crackers and fig jam...not an unreasonable request.
3247,467,11,51,169,231,1.316017316017316,0.0367948760157091,691,Maybe we should do the human testing first.
3181,467,12,49,170,231,1.316017316017316,0.03730290091823677,691,He feels cheese is beneath him.
3599,467,14,45,172,231,1.316017316017316,0.03829873951874344,691,That’s why we named him Elon Muskrat.
952,479,22,26,174,222,1.3153153153153154,0.04328636443370368,691,They never cease to amaze and then they actually cease to a maze.
1111,480,12,45,162,219,1.3150684931506849,0.03863433485489848,691,That's a pass...right?
1138,481,18,43,190,251,1.3147410358565736,0.03790015361579538,691,That's definitely a 'far exceeds expectations'.
603,482,13,46,170,229,1.314410480349345,0.03799201486391635,691,"His  union rep called.  The contract calls for Gruyere, not Swiss."
615,482,15,42,172,229,1.314410480349345,0.03898722783484233,691,I had a feeling upgrading to the aged Asiago would skew the results
801,482,15,42,172,229,1.314410480349345,0.03898722783484233,691,One small flight for a mouse; one giant flight for mousekind!
1226,482,13,46,170,229,1.314410480349345,0.03799201486391635,691,Forget about the maze.  He flew over and ate my lunch.
1446,482,7,58,164,229,1.314410480349345,0.03483620201661555,691,He keeps complaining that we moved his cheese.
1731,482,10,52,167,229,1.314410480349345,0.03644827955036074,691,"Well, now we know what happens when we make him listen to Elton John non-stop."
1877,482,11,50,168,229,1.314410480349345,0.03697002099802186,691,"In mouse years, I'm afraid he's a Millennial."
2642,482,10,52,167,229,1.314410480349345,0.03644827955036074,691,But can he land it.
769,490,12,47,167,226,1.3141592920353982,0.037809929414768656,691,That's what happens when you line the cage with DIY magazines..
3515,491,12,39,150,201,1.3134328358208955,0.04090205852550662,691,This one definitely shows signs of learning.
1254,492,12,44,161,217,1.3133640552995391,0.03883524688220432,691,"""He thinks he's outsmarting us, but we're actually testing the effect of cheese on his cholesterol."
3002,493,12,49,172,233,1.3133047210300428,0.03703150829057738,691,Let's try giving him a typewriter next.
962,494,14,43,170,227,1.3127753303964758,0.03868953694012863,691,It is really good cheese.
969,494,18,35,174,227,1.3127753303964758,0.04065488418675516,691,"Another failed intelligence test...the cheese is right there, dumb dumb!"
1453,494,13,45,169,227,1.3127753303964758,0.0381823969093397,691,NASA thinks that if we tell him that the moon is made of cheese that he'll help with the rocket.
1961,494,9,53,165,227,1.3127753303964758,0.03608262870337273,691,Did he get the drug or the placebo?
2350,494,20,31,176,227,1.3127753303964758,0.0416027556543665,691,He's applying for Trumps space force when he finishes here.
2638,494,13,45,169,227,1.3127753303964758,0.0381823969093397,691,They've been watching a lot of  YouTube videos.
1414,494,10,51,166,227,1.3127753303964758,0.036618860291449284,691,I was worried about those small Amazon deliveries.
876,501,12,46,166,224,1.3125,0.03799850169000691,691,He built a better mousepack.
3467,501,13,44,167,224,1.3125,0.03852174149210912,691,Is this the mouse we got from the Cal Tech lab ?
1057,501,16,38,170,224,1.3125,0.04005046664251431,691,The real question is where did he find those tiny goggles?
3605,501,15,55,202,272,1.3125,0.03463770675614857,691,I think I've figured out who's been ordering the Cheese Lover's Pizzas online in the middle of the night.
3150,505,8,49,152,209,1.3110047846889952,0.03739317042955839,691,Tell the President they're ready...
3101,506,10,49,163,222,1.3108108108108107,0.03710676419804066,691,his dad was a Harvard lab rat
3539,506,10,49,163,222,1.3108108108108107,0.03710676419804066,691,I think this one is from the NASA lab upstairs.
2167,506,10,49,163,222,1.3108108108108107,0.03710676419804066,691,"Yeah, it really was a rocket science."
1830,506,9,51,162,222,1.3108108108108107,0.036553347351533934,691,How does she operate the jet pack without thumbs ?
1734,506,14,41,167,222,1.3108108108108107,0.03924246342722881,691,I'd say we have a new alpha.
1438,506,8,53,161,222,1.3108108108108107,0.03599142197739335,691,What did you feed him last night?
1352,506,12,45,165,222,1.3108108108108107,0.038189546246887925,691,Can we agree that the experiment is inconclusive?
1107,506,9,51,162,222,1.3108108108108107,0.036553347351533934,691,We've got his family. He won't go rogue.
1016,506,12,45,165,222,1.3108108108108107,0.038189546246887925,691,I'll lock the door.
247,506,11,47,164,222,1.3108108108108107,0.03765204769857931,691,"‘Mondays, am I right?"
2626,506,16,37,169,222,1.3108108108108107,0.040267858511865144,691,"We got him from NASA, and nobody checked what else came in the box!"
843,517,15,38,166,219,1.3105022831050228,0.04013034477601124,691,He's not just thinking outside the box. He's headed for the window.
2176,517,16,36,167,219,1.3105022831050228,0.04064894103322787,691,"Well, if you give a mouse a jet-pack..."
651,519,13,42,165,220,1.309090909090909,0.038920099465706265,691,"So, pass or fail on the maze test?"
2302,519,12,44,164,220,1.309090909090909,0.03838311011376435,691,You’re right. Five doses is too much.
2936,519,13,42,165,220,1.309090909090909,0.038920099465706265,691,We're still using the 2019 maze for the 2020 rat.
3121,519,15,38,167,220,1.309090909090909,0.03997244229779673,691,At least he's not vaping anymore.
3626,519,11,46,163,220,1.309090909090909,0.037838500784125276,691,I think he was expecting Gruyere.
469,519,13,42,165,220,1.309090909090909,0.038920099465706265,691,The subject seems to have..ascended.
1911,525,11,50,172,233,1.3090128755364807,0.036432774603247786,691,I didn't anticipate he'd skip right over Pavlov and go straight to drone technology.
2818,526,16,56,213,285,1.3087719298245615,0.033865544360437275,691,"The weirdest thing is he still ran the maze, he's just toasting a brioche."
2944,527,15,45,183,243,1.308641975308642,0.03730812601255816,691,We're definitely going to have to reexamine our assumptions.
3373,528,14,30,144,188,1.3085106382978724,0.0440143386072733,691,His name is Rat...James Rat.
1683,528,6,46,136,188,1.3085106382978724,0.03849867082843127,691,Do we need to add this to the list of side effects?
1311,530,14,50,189,253,1.308300395256917,0.03585260823237887,691,No more joint experiments with the engineering department.
3156,531,14,37,160,211,1.3080568720379147,0.040582617521549465,691,I never thought about a roof did you?
3024,532,17,53,213,283,1.3074204946996466,0.03436632427692228,691,This is what we get for letting them unionize.
2743,533,15,37,166,218,1.3073394495412844,0.04018944717830568,691,"What's really impressive is his use of eco-friendly, cheese-based rocket fuel."
2385,533,12,43,163,218,1.3073394495412844,0.03857924129711313,691,We should never have let him watch those Macgyver reruns.”
2051,533,17,33,168,218,1.3073394495412844,0.0412279945521137,691,My theory is that our readers will be tracing the maze with their fingers and they'll fail to come up with a caption about a flying rat.
2685,536,14,38,163,215,1.3069767441860465,0.0400335478975333,691,High achiever?
1367,536,12,42,161,215,1.3069767441860465,0.03893259990044412,691,And this is why we have cats with hang-gliders.
1366,536,11,44,160,215,1.3069767441860465,0.03837028178004491,691,The problem is the exhaust always melts the cheese.
1078,536,12,42,161,215,1.3069767441860465,0.03893259990044412,691,He learned how to build it on YouTube.
548,536,14,38,163,215,1.3069767441860465,0.0400335478975333,691,They gave the grant directly to the rats.
439,536,7,52,156,215,1.3069767441860465,0.036033363420141386,691,If he wasn’t just hovering in the same spot for 20 minutes I might have been impressed.
2378,536,11,44,160,215,1.3069767441860465,0.03837028178004491,691,"You know we’re going to have to falsify the data, right?"
2008,536,13,40,162,215,1.3069767441860465,0.03948691107362131,691,He is taking a “Rat Pack “ to a higher level..
3182,536,15,36,164,215,1.3069767441860465,0.04057282056244191,691,"If you didn’t just sing “Here I come to save the day!”, who did??"
3455,536,13,40,162,215,1.3069767441860465,0.03948691107362131,691,You can blame Marvel Comics for this
3543,536,9,48,158,215,1.3069767441860465,0.0372201679419104,691,While she scored highly for completion - we have to mark her down for failure to follow instructions
1992,536,11,44,160,215,1.3069767441860465,0.03837028178004491,691,What's the protocol for this?
2200,548,12,44,166,222,1.3063063063063063,0.03808723382821435,691,The last one used Amazon Prime.
509,549,7,49,150,206,1.3058252427184467,0.03697443603905031,691,His nickname is Cheese Whiz
3510,550,21,38,203,262,1.3053435114503817,0.03777398986414644,691,I told you it was vulnerable to an airstrike.”
770,551,10,45,158,213,1.3051643192488263,0.037988067337071746,691,We might have to revisit that hypothesis
811,551,11,43,159,213,1.3051643192488263,0.038566619798142715,691,Why do we even bother to test these mice raised at NASA?
1002,551,13,39,161,213,1.3051643192488263,0.039698437852788176,691,We might have underestimated our intelligence.
1561,551,8,49,156,213,1.3051643192488263,0.036803688058518066,691,So... Points for style?
1173,551,12,41,160,213,1.3051643192488263,0.0391366205145908,691,"When you switched to the Limburger, all hell broke loose."
1878,551,12,41,160,213,1.3051643192488263,0.0391366205145908,691,I'm even more impressed that he ordered it from Amazon.
1906,551,13,39,161,213,1.3051643192488263,0.039698437852788176,691,I'll give him an A for effort.
1125,551,7,51,155,213,1.3051643192488263,0.03619696882420004,691,I didn't realize little helmets like that were even available.
3073,551,11,43,159,213,1.3051643192488263,0.038566619798142715,691,I'm sorry I doubted your jet-pack theory.
2499,551,11,43,159,213,1.3051643192488263,0.038566619798142715,691,I still think giving him all of Jeff's adderall was a bad move.
1420,561,6,63,177,246,1.3048780487804879,0.03262075913211998,691,Just give him the cheese and move on.
936,562,11,42,158,211,1.3033175355450237,0.03876555976511201,691,Think of how much exercise the cats will get!
401,562,9,46,156,211,1.3033175355450237,0.03758318171532853,691,"Ooops, one of Elon's."
1546,562,9,46,156,211,1.3033175355450237,0.03758318171532853,691,It's an impressive result... but is it statistically significant?
1922,562,9,46,156,211,1.3033175355450237,0.03758318171532853,691,"Wait, this one is from the control group?!"
3602,562,12,40,159,211,1.3033175355450237,0.0393434259048447,691,"It's not that impressive, we gave him the parts to make a teleporter."
2702,562,8,48,155,211,1.3033175355450237,0.03697781780770563,691,Is this mouse number 007?
2798,562,10,44,157,211,1.3033175355450237,0.03817894820283736,691,Didn't I say not to use the good cheese?
1105,562,12,40,159,211,1.3033175355450237,0.0393434259048447,691,Maybe we should have tried a half dose
1955,562,11,42,158,211,1.3033175355450237,0.03876555976511201,691,"I told you the maze needs a roof. And you said ""No it doesn't. It's not like mice can fly,"""
1386,562,13,38,160,211,1.3033175355450237,0.03991292647698911,691,Now if we could only get him over his fear of flying.
3372,572,17,23,148,188,1.303191489361702,0.04579175567218144,691,"We gave him a cookie, he asked for milk, yadda yadda, he's got a jet pack now."
2113,573,9,41,145,195,1.3025641025641026,0.03954162355490222,691,Now he's just showing off.
513,574,11,39,152,202,1.301980198019802,0.03988160644833233,691,Forget science journals. We should go for a TED Talk.
3210,575,13,34,152,199,1.3015075376884422,0.04151511886809534,691,"For all intents and purposes, he is now a pigeon."
1066,576,8,47,154,209,1.3014354066985645,0.03715398869585775,691,It seems the time has come to lay out some ground rules.
887,576,13,37,159,209,1.3014354066985645,0.040130437336040735,691,This is the same one that built the remote control in the Skinner box.
3046,576,11,41,157,209,1.3014354066985645,0.03896714963753323,691,I guess you could say he built a better jet pack.
3052,576,15,33,161,209,1.3014354066985645,0.041260940981633944,691,"Impressive, yes. But can he stick the landing"
3483,576,11,41,157,209,1.3014354066985645,0.03896714963753323,691,I would say the hand cream has no harmful side effects
3593,576,12,39,158,209,1.3014354066985645,0.03955307037169048,691,He’ll get it when he runs out of fuel.
3271,582,9,44,153,206,1.3009708737864079,0.03811190504069549,691,"I'm going to mark this down as a ""Partial Success""."
3347,582,15,32,159,206,1.3009708737864079,0.041673438629643095,691,"Yes, but have we cured its erectile dysfunction?"
3497,584,11,46,169,226,1.3008849557522124,0.036980375089592496,691,She wants Tuesday night off for a MENSA meeting.
1772,585,13,47,183,243,1.300411522633745,0.03620193162260515,691,He's innovating. Call Security.
1155,586,14,33,157,204,1.2990196078431373,0.04133616743927493,691,I’ll put him down as an outlier.
627,586,12,37,155,204,1.2990196078431373,0.040150820393682236,691,The one with the jetpack clearly seems faster.
1208,586,11,39,154,204,1.2990196078431373,0.039544825175295784,691,"Now, we just have to change their image, and they'll be delivering packages all over New York."
946,586,13,35,156,204,1.2990196078431373,0.04074780433872175,691,"Seems a bit complicated for a yes/no decision, doesn't it?"
1902,586,12,37,155,204,1.2990196078431373,0.040150820393682236,691,"My question is, where did she get that tiny helmet?"
1997,586,13,35,156,204,1.2990196078431373,0.04074780433872175,691,The really smart mice produced their own cheese instead of building jetpacks
2314,586,8,45,151,204,1.2990196078431373,0.03766839069726289,691,I can’t decide if I’m in awe or terrified.
2704,586,14,33,157,204,1.2990196078431373,0.04133616743927493,691,Sigh... Another failure to navigate the maze.
2714,586,10,41,153,204,1.2990196078431373,0.03892939786335881,691,But where's the progress if he can't land?
2803,586,4,53,147,204,1.2990196078431373,0.03501038327635894,691,He’s not so smart. The door to the lab is locked.
3110,586,12,37,155,204,1.2990196078431373,0.040150820393682236,691,"It works great, I’m just concerned about his carbon pawprint."
3284,586,9,43,152,204,1.2990196078431373,0.038304083827480635,691,Is that the lactose intolerant one?
3466,586,11,39,154,204,1.2990196078431373,0.039544825175295784,691,But how's his erectile dysfunction?
3529,586,7,47,150,204,1.2990196078431373,0.03702178382494041,691,I was wondering who put in the requisition for jet fuel.
1827,586,10,41,153,204,1.2990196078431373,0.03892939786335881,691,"No, we intend to learn what motivates the government to fund these experiments"
1108,586,10,41,153,204,1.2990196078431373,0.03892939786335881,691,Mighty Mouse 2.0 is amazing.
3404,602,9,45,157,211,1.2985781990521328,0.03746346251603373,691,"so, we didn’t anticipate that..."
3191,603,11,38,152,201,1.2985074626865671,0.03992827905917076,691,"There goes our best-laid plan, Dr. Steinbeck."
2509,603,9,42,150,201,1.2985074626865671,0.03866219058802574,691,Enough tests. I’m taking some right now.
1924,603,9,42,150,201,1.2985074626865671,0.03866219058802574,691,Six years at Stamford. Top my class. Think this mouse gives a shit?
2849,606,10,50,175,235,1.297872340425532,0.03546099290780142,691,Did we modify the gene for genius or for cheating?
696,607,12,36,154,202,1.297029702970297,0.040372330539529176,691,This is the one who thinks he's a bat.
3439,607,11,38,153,202,1.297029702970297,0.03975759570175234,691,An outside the box solution.
2928,607,10,40,152,202,1.297029702970297,0.039133205322015106,691,I think I know who rigged that little treadmill to power the entire building.
2698,607,10,40,152,202,1.297029702970297,0.039133205322015106,691,It’s the only way we can keep our funding from the Pentagon.
3614,611,6,44,139,189,1.2962962962962963,0.038036716905151584,691,Well...his times ARE faster...
931,612,8,43,149,200,1.295,0.03804090630839149,691,Make sure that one doesn’t get out of the lab!
795,612,8,43,149,200,1.295,0.03804090630839149,691,Hmmm   Subject noncompliant.
589,612,8,43,149,200,1.295,0.03804090630839149,691,It seems the subject got a hold of my Red Bull
1468,612,7,45,148,200,1.295,0.03737458088704692,691,He's been impossible ever since we told him that this is the Year of the Rat.
1953,612,11,37,152,200,1.295,0.039973295105708274,691,He finds the iPhone in 12 seconds.  But with the cheese he won't even try.
2769,612,8,43,149,200,1.295,0.03804090630839149,691,It IS the year of the rat!
3172,612,4,51,145,200,1.295,0.03530021993753285,691,That’s the fourth one this week. Maybe we should switch to brie.
851,612,8,43,149,200,1.295,0.03804090630839149,691,That’s one way to beat the rat race.
833,612,4,51,145,200,1.295,0.03530021993753285,691,I'll show you the chimps after lunch.
3425,612,8,43,149,200,1.295,0.03804090630839149,691,"That’s cheating, right?"
1570,622,10,31,132,173,1.2947976878612717,0.04336828143188591,691,Dumb rat -- can't read the rules.
3411,623,9,38,143,190,1.2947368421052632,0.04001348173044048,691,"Well, so much for evolution."
774,623,11,34,145,190,1.2947368421052632,0.04138198044156526,691,Do you think the maze is obsolete?
374,625,10,38,149,197,1.2944162436548223,0.039722131918054314,691,Results are conclusive: the walls aren't a deterrent.
1053,625,12,34,151,197,1.2944162436548223,0.041005396004704674,691,"Well, that was unexpected."
1206,625,10,38,149,197,1.2944162436548223,0.039722131918054314,691,Guess who just won the Nobel Prize for Physics?
1670,625,9,40,148,197,1.2944162436548223,0.03906469499972627,691,He wanted to rise above the rat race.
1894,625,7,44,146,197,1.2944162436548223,0.03771545648715256,691,"Well, let's just see how he lands it."
2382,625,10,38,149,197,1.2944162436548223,0.039722131918054314,691,He used to work at NASA.
2578,625,10,38,149,197,1.2944162436548223,0.039722131918054314,691,Family money.
3063,625,8,42,147,197,1.2944162436548223,0.038396002744139505,691,"Well, it is 2020."
3344,625,9,40,148,197,1.2944162436548223,0.03906469499972627,691,"That must be #3, Elon Mouse."
3436,625,12,34,151,197,1.2944162436548223,0.041005396004704674,691,Wow. Just wait 'til our peers review this.
3193,635,6,48,150,204,1.2941176470588236,0.03622833894420235,691,Perhaps we should rethink the variables.
1360,636,9,39,146,194,1.2938144329896908,0.03944373687690991,691,I don't have a column on my report for this one
3117,637,6,46,146,198,1.292929292929293,0.03686494647459991,691,This is what happens when you don't own your data.
906,637,11,36,151,198,1.292929292929293,0.04019197797224672,691,Imagine what he’d do for an opioid.
819,637,10,38,150,198,1.292929292929293,0.03954896876496624,691,That's Elon Mousek!
3264,640,10,37,148,195,1.2923076923076924,0.039937322536562396,691,Her CV does mention that she used to test for NASA.
2741,640,6,45,144,195,1.2923076923076924,0.03719566312043092,691,It looks like we have a new lab assistant.
2150,640,10,37,148,195,1.2923076923076924,0.039937322536562396,691,so much for that $21.6 billion wall
1588,640,13,31,151,195,1.2923076923076924,0.04187593597407749,691,"Will he use sight, smell, or GPS?"
1518,640,7,43,145,195,1.2923076923076924,0.03789967610776895,691,"Technically, it’s illegal, but there’s no precedent"
572,640,7,43,145,195,1.2923076923076924,0.03789967610776895,691,"I'm recording this as ""failed to complete the maze""."
362,640,9,39,147,195,1.2923076923076924,0.03926985659872222,691,I think we have a mole in our lab.
345,640,9,39,147,195,1.2923076923076924,0.03926985659872222,691,Apparently Petsmart sells them.
3651,640,6,45,144,195,1.2923076923076924,0.03719566312043092,691,We need to stop letting Acme Industries fund our research.
2973,640,12,33,150,195,1.2923076923076924,0.041239858384817835,691,It's his resignation letter.  He's going to be a stunt double for Disney.
415,650,8,43,151,202,1.2920792079207921,0.0377196298060129,691,Did I tell you he got a package from Amazon?
2584,651,9,38,145,192,1.2916666666666667,0.039654741780348106,691,"Well, we didn’t specify HOW she gets to the cheese."
2129,651,6,44,142,192,1.2916666666666667,0.037535129948104075,691,I don't like that we have to share this lab with the engineering department.
2946,653,10,36,147,193,1.2901554404145077,0.04015544041450777,691,He's giving it his all. Can't we do better than a three month-aged cheddar?
2668,653,8,40,145,193,1.2901554404145077,0.038788073715847506,691,Safe to say he didn't get the placebo.
2408,653,9,38,146,193,1.2901554404145077,0.039477677600570076,691,1980 called. They want their rat maze back.
1994,653,6,44,143,193,1.2901554404145077,0.037370709523488525,691,I was certain it would pick the flying car.
303,653,11,34,148,193,1.2901554404145077,0.04082195195028793,691,Do you think we can get a publication out of this?
1976,653,10,36,147,193,1.2901554404145077,0.04015544041450777,691,"Before we can draw our conclusions, we need to get a list of all the movies that were shown at the cinema multiplex where we trapped him."
1747,653,12,32,149,193,1.2901554404145077,0.04147775460629647,691,This is the annoying one
602,653,10,36,147,193,1.2901554404145077,0.04015544041450777,691,Building a better mousetrap is the least of my worries.
1616,653,9,38,146,193,1.2901554404145077,0.039477677600570076,691,It's not because he's white.
681,653,5,46,142,193,1.2901554404145077,0.036641473280156524,691,"If you think that’s something, wait until we uncork the Bordeaux."
3043,653,4,48,141,193,1.2901554404145077,0.035897426063603674,691,We did tell him to think outside the box.
1522,653,11,34,148,193,1.2901554404145077,0.04082195195028793,691,Would you rate it as 'success' or 'failure'?
1562,665,12,33,152,197,1.2893401015228427,0.040873736536742436,691,I'd bet his parents paid a consultant 50K to cheat the test.
2607,666,9,34,137,180,1.288888888888889,0.04130768178085716,691,I suppose it's just possible that he's on the way to save the day.
2791,667,11,42,169,222,1.2882882882882882,0.037105527037849015,691,I hate it when the mice are smarter than we are.
1991,668,11,44,174,229,1.2882096069868996,0.03634717455795492,691,"It sounds like he’s singing, Here I come to save the day."
1935,669,10,35,146,191,1.287958115183246,0.04037653571908574,691,Build a better maze.
2337,669,9,37,145,191,1.287958115183246,0.03968819768750652,691,I told him it was artisanal.
2459,669,8,39,144,191,1.287958115183246,0.038987708764309154,691,This one's from the E.B. White batch.
2479,669,8,39,144,191,1.287958115183246,0.038987708764309154,691,He’ll keep quiet if we make him co-author of the published study.
3283,669,8,39,144,191,1.287958115183246,0.038987708764309154,691,But can he dance?
1317,669,9,37,145,191,1.287958115183246,0.03968819768750652,691,Looks like he is one Tedtalk away from world domination.
1477,669,10,35,146,191,1.287958115183246,0.04037653571908574,691,There go our best-laid plans.
3087,676,8,36,137,181,1.287292817679558,0.04035629130662604,691,...and the only new variable is that he started reading sheets from The New Yorker on the bottom of his cage?
965,677,9,36,143,188,1.2872340425531914,0.04008515856165976,691,We didn't foresee this when we borrowed him from the NASA lab.
1232,677,9,36,143,188,1.2872340425531914,0.04008515856165976,691,She probably saw it on YouTube.
1430,677,9,36,143,188,1.2872340425531914,0.04008515856165976,691,"If he hovers and toasts it, I’m quitting."
1487,677,10,34,144,188,1.2872340425531914,0.04078859191426422,691,I'm so sick of proving rats are smarter then I am.
478,677,6,42,140,188,1.2872340425531914,0.03789659690009749,691,"Impressive results, the control group haven't advanced beyond hoverboards."
1689,677,10,34,144,188,1.2872340425531914,0.04078859191426422,691,He won't touch it now that he's a vegan.
1618,677,8,38,142,188,1.2872340425531914,0.039369158531500636,691,Let's see how he does with the flying cat.
3637,677,11,32,145,188,1.2872340425531914,0.04148009792398465,691,"I feel oddly shaken, but not stirred."
3526,677,8,38,142,188,1.2872340425531914,0.039369158531500636,691,Let's put this one in the tobacco study.
3345,677,10,34,144,188,1.2872340425531914,0.04078859191426422,691,"I mean, I'd be more impressed if it was hydroelectric."
3116,677,9,36,143,188,1.2872340425531914,0.04008515856165976,691,"If he’s that smart, you’d think he’d just make his own cheese."
1951,677,9,36,143,188,1.2872340425531914,0.04008515856165976,691,And here we have Lab Mouse number 007.
3104,677,9,36,143,188,1.2872340425531914,0.04008515856165976,691,"You used the engineering manual to bed the cage, didn't you?"
1987,677,11,32,145,188,1.2872340425531914,0.04148009792398465,691,"Poor little thing, do you think he knows he's a guinea pig?"
3014,677,7,40,141,188,1.2872340425531914,0.03863989324575644,691,"Don't worry: ""Mice Can Cheat"" is a fine conclusion."""
2285,677,8,38,142,188,1.2872340425531914,0.039369158531500636,691,"Must be the Tang."""
2891,677,9,36,143,188,1.2872340425531914,0.04008515856165976,691,"First,  close the windows.  Then call the Pentagon!"
2738,677,6,42,140,188,1.2872340425531914,0.03789659690009749,691,Last time I borrow a lab rat from NASA.
2701,677,11,32,145,188,1.2872340425531914,0.04148009792398465,691,What say? Time to buy shares of that brain boosting supplement maker?
2478,677,5,44,139,188,1.2872340425531914,0.03713842704226315,691,What did you put in the cheese?
1634,677,8,38,142,188,1.2872340425531914,0.039369158531500636,691,"We might not get this in Nature, but what about Popular Mechanics?"
2504,698,9,42,158,209,1.2870813397129186,0.03739022689663538,691,No more rats from the AI lab.
2391,699,8,35,135,178,1.2865168539325842,0.04077723600540698,691,You'd really think he'd just leave.
1077,699,10,31,137,178,1.2865168539325842,0.04230535333002531,691,"Sure it's impressive, but why's he still here?"
3603,701,13,28,148,189,1.2857142857142858,0.042629512940055694,691,He said he’s tired of the rat race.
938,701,8,38,143,189,1.2857142857142858,0.039189780834512945,691,Who says rats aren't exactly rocket scientists?
499,701,9,36,144,189,1.2857142857142858,0.03990145626649486,691,So he cheats! Doesn't that mean he's even smarter?
353,701,7,40,142,189,1.2857142857142858,0.03846494029018263,691,I'm starting to feel like they're winning.
2017,705,10,35,148,193,1.2849740932642486,0.04001242010546338,691,I smell a rat.
2327,706,13,27,146,186,1.2849462365591398,0.04309241013415437,691,So are we hypothesizing the intelligence of mice or the quality of the cheese?
824,706,8,37,141,186,1.2849462365591398,0.039577046596874436,691,This is nothing. Yesterday he was spotted in Wisconsin.
65,706,8,37,141,186,1.2849462365591398,0.039577046596874436,691,She said she needed space
2043,706,11,31,144,186,1.2849462365591398,0.04172182322999045,691,"Now, let’s see if he can stick the landing."
908,706,5,43,138,186,1.2849462365591398,0.03730917716899919,691,This skews everything.
1290,706,8,37,141,186,1.2849462365591398,0.039577046596874436,691,We may have to separate him from the others.
2893,706,8,37,141,186,1.2849462365591398,0.039577046596874436,691,"Man, my cat is going to be pissed when he hears that I started this."
3187,706,8,37,141,186,1.2849462365591398,0.039577046596874436,691,He's taking all the fun out this.
3270,706,9,35,142,186,1.2849462365591398,0.04030465551395981,691,You must write very good grant proposals.
3275,706,14,25,147,186,1.2849462365591398,0.04376160931613428,691,Iran won't know what hit them.
3659,706,12,29,145,186,1.2849462365591398,0.042412653446847325,691,Is he allowed to do that?
2425,706,8,37,141,186,1.2849462365591398,0.039577046596874436,691,I have my doubts about peer review.
816,718,8,35,136,179,1.2849162011173185,0.04058037068504375,691,"Whoa, disruptive!"
414,719,6,46,152,204,1.2843137254901962,0.03594624889820159,691,We're hesitant to acknowledge his accomplishments lest he start looking for better opportunities elsewhere.
326,720,2,52,144,198,1.2828282828282829,0.03364780753016978,691,Looks like your genetic engineering experiment really took off!
715,721,6,40,138,184,1.2826086956521738,0.03826556700250879,691,"What do you think, NSF or FAA?"
644,721,9,34,141,184,1.2826086956521738,0.040527067643134705,691,"Impressive, yes, but still hasn't mastered landings"
720,721,10,32,142,184,1.2826086956521738,0.041253360384261924,691,Algernon is getting good at this.
1740,721,10,32,142,184,1.2826086956521738,0.041253360384261924,691,okay zoomer
1044,721,7,38,139,184,1.2826086956521738,0.0390339614856866,691,That's one giant leap for micekind!
839,721,11,30,143,184,1.2826086956521738,0.04196708560570256,691,I think he’s beyond cheese.
1743,721,11,30,143,184,1.2826086956521738,0.04196708560570256,691,"I think our species is in trouble"""
3538,721,8,36,140,184,1.2826086956521738,0.0397875191549893,691,End the research; jetpacks are not in our grant funding.
2847,721,10,32,142,184,1.2826086956521738,0.041253360384261924,691,We'll need to observe his social visits from friends and family members more closely.
2588,721,8,36,140,184,1.2826086956521738,0.0397875191549893,691,"Well, you know what they say about the best-laid schemes of mice and men..."
2562,721,8,36,140,184,1.2826086956521738,0.0397875191549893,691,I suggest we falsify the data.
2549,721,5,42,137,184,1.2826086956521738,0.03748142322245667,691,Better than last week with the pole vaulting.
2431,721,9,34,141,184,1.2826086956521738,0.040527067643134705,691,I follow him on Instagram
2172,721,10,32,142,184,1.2826086956521738,0.041253360384261924,691,You can always tell the mice from NASA
1990,721,8,36,140,184,1.2826086956521738,0.0397875191549893,691,This is what happens when you bring out the good cheese
1836,721,10,32,142,184,1.2826086956521738,0.041253360384261924,691,Does your clipboard have a box for that?
802,721,7,38,139,184,1.2826086956521738,0.0390339614856866,691,"It's not really in the spirit of the game, is it?"
576,721,11,30,143,184,1.2826086956521738,0.04196708560570256,691,Why does he get a jet pack and I have to take the subway to work?
853,721,7,38,139,184,1.2826086956521738,0.0390339614856866,691,let's walk back the hormone experiments
436,721,9,34,141,184,1.2826086956521738,0.040527067643134705,691,I wonder what will happen when we get to the pigs.
640,741,10,33,145,188,1.2819148936170213,0.04063808341998782,691,"So this counts as completing the maze, right?"
2222,742,10,31,140,181,1.281767955801105,0.04169146012033802,691,He works for Amazon.
673,742,11,29,141,181,1.281767955801105,0.04242128240837102,691,It appears to be a 21st Century mouse vs. a 20th Century maze
547,742,4,43,134,181,1.281767955801105,0.03701153498215837,691,We never should have given him an Amazon account.
382,742,4,43,134,181,1.281767955801105,0.03701153498215837,691,Mark this one down as an outlier.
1451,742,6,39,136,181,1.281767955801105,0.038634549695131686,691,He has a masters from MIT.
1750,742,5,41,135,181,1.281767955801105,0.03783174693218073,691,I would dial the dose back a touch. For our sake.
2028,742,11,29,141,181,1.281767955801105,0.04242128240837102,691,"Well he’s out, you know the rules..... no helmets."
779,742,9,33,139,181,1.281767955801105,0.04094863236740271,691,"Yeah, but it’s still cheating."
2191,742,8,35,138,181,1.281767955801105,0.040192078057195144,691,I think it's safe to say he's our alpha.
2641,742,7,37,137,181,1.281767955801105,0.0394210068916388,691,Mark it invalid - he's outside trial parameters.
2981,742,5,41,135,181,1.281767955801105,0.03783174693218073,691,Next time let's just use the mice from MIT to feed the snakes.
3369,742,4,43,134,181,1.281767955801105,0.03701153498215837,691,Good thing the animal rights people have been too busy with climate change.
1447,742,10,31,140,181,1.281767955801105,0.04169146012033802,691,"Sure he set a new record for running the maze, but he didn't follow the rules so we'll have to consider the drug a failure."
920,755,6,39,137,182,1.2802197802197801,0.03845286423083239,691,I thought Red Bull was supposed to give them wings
1533,755,5,41,136,182,1.2802197802197801,0.03765514572617853,691,I didn't even see her put it on.
683,757,7,45,159,211,1.2796208530805686,0.035709392022103575,691,"Well, he IS the fastest, but we really can’t record that because he is obviously cheating."
1392,758,10,32,144,186,1.2795698924731183,0.0408648034255157,691,Best time yet
2181,758,8,36,142,186,1.2795698924731183,0.03941683500067503,691,We could just hand it to him.
2837,758,7,38,141,186,1.2795698924731183,0.03867252568300446,691,But can he teach his methodology to others?
901,761,5,40,134,179,1.2793296089385475,0.038010236667947006,691,"What do you know, that Smartwater really works after all."
583,761,10,30,139,179,1.2793296089385475,0.04193604159601526,691,"The experiment was a success, the humans suspect nothing"
933,761,8,34,137,179,1.2793296089385475,0.04041151058135504,691,I worry that switching to the Emmenthaler may have skewed the results.
1575,761,7,36,136,179,1.2793296089385475,0.0396272568925619,691,"Well, it looks like Amazon has scaled back on their drone delivery expectations “."
1832,761,8,34,137,179,1.2793296089385475,0.04041151058135504,691,I bet you didn’t see that coming.
2018,761,9,32,138,179,1.2793296089385475,0.04118083153731656,691,I knew we shouldn't of accepted these free mice from NASA.
2026,761,8,34,137,179,1.2793296089385475,0.04041151058135504,691,So that's what happens if you give it a cookie
2134,761,3,44,132,179,1.2793296089385475,0.03632129808084495,691,That’s nothing—he built a portal gun to get to the smoked Gouda.
2559,761,8,34,137,179,1.2793296089385475,0.04041151058135504,691,I wonder what else he got for Christmas.
2585,761,8,34,137,179,1.2793296089385475,0.04041151058135504,691,Let's just say this data point should be excluded and move on.
2886,761,9,32,138,179,1.2793296089385475,0.04118083153731656,691,Maybe the gene therapy was a little too effective.
3361,761,9,32,138,179,1.2793296089385475,0.04118083153731656,691,I'd say that intelligence gene modification was a success!
1329,761,5,40,134,179,1.2793296089385475,0.038010236667947006,691,Are we counting the six weeks it took him to build that?
361,761,5,40,134,179,1.2793296089385475,0.038010236667947006,691,They’ll never convince me that genetically modified mice don’t skew results.
716,761,6,38,135,179,1.2793296089385475,0.03882716562139475,691,"we're gonna need more cheese"""
314,761,8,34,137,179,1.2793296089385475,0.04041151058135504,691,The strangest part is he's only the control group
280,777,7,46,162,215,1.2790697674418605,0.03527635300541277,691,Maybe we’re not using the right cheese.
1006,778,6,37,133,176,1.2784090909090908,0.039212191048199195,691,If you give a mouse a jetpack...
2334,779,4,42,134,180,1.2777777777777777,0.03700080992583732,691,I like to remember simpler times.
2155,779,6,38,136,180,1.2777777777777777,0.03864202929492082,691,My bad....I taught Alexa to speak mouse.
2731,781,6,34,126,166,1.2771084337349397,0.040646928119378284,691,"He thinks this is a ""Micky Mouse"" operation."
1909,782,9,41,163,213,1.2769953051643192,0.03665082229860594,691,They seem to be evolving more quickly than anticipated.
629,783,10,29,138,177,1.2768361581920904,0.04218413707081378,691,"0932 fails the maze, but his coolness is off the charts."
3157,783,6,37,134,177,1.2768361581920904,0.03902173854222927,691,"We'll it's no flying pig, but I still didn't think I'd ever see this."
2920,783,10,29,138,177,1.2768361581920904,0.04218413707081378,691,I told you cheese gives you gas!
2894,783,8,33,136,177,1.2768361581920904,0.04063371444544116,691,"With the time it took to get that thing on and fire up the jet pack, he’s actually slower than the other rats."
2705,783,7,35,135,177,1.2768361581920904,0.03983588098995524,691,So this is how the plague became airborne...
2625,783,8,33,136,177,1.2768361581920904,0.04063371444544116,691,42; but I have no idea what that means.
2316,783,6,37,134,177,1.2768361581920904,0.03902173854222927,691,I haven't seen him since he escaped from the maze and stole our mind enhancing drugs.
2233,783,4,41,132,177,1.2768361581920904,0.03734023845776228,691,This is the one doing intermittent fasting?
1435,783,9,31,137,177,1.2768361581920904,0.04141618143940155,691,You forgot his water bottle.
987,783,8,33,136,177,1.2768361581920904,0.04063371444544116,691,I got tired of watching them just walk through the maze.
561,783,10,29,138,177,1.2768361581920904,0.04218413707081378,691,Five points off for environmental impact.
538,783,7,35,135,177,1.2768361581920904,0.03983588098995524,691,"If they still don't believe in evolution after this, we should give up."
2713,783,7,35,135,177,1.2768361581920904,0.03983588098995524,691,His name is Bond. Rat Bond.
413,783,11,27,139,177,1.2768361581920904,0.04293835995700094,691,Millennial.
3625,783,7,35,135,177,1.2768361581920904,0.03983588098995524,691,You picked a lazy one. Put him back and grab a mouse that will run.
81,783,7,35,135,177,1.2768361581920904,0.03983588098995524,691,Did I win?
356,783,7,35,135,177,1.2768361581920904,0.03983588098995524,691,Does he know the prize is just a piece of cheese?
1640,800,12,26,143,181,1.276243093922652,0.04298123182568344,691,Very impressive but 407-b made a nice fondue so he gets my vote.
349,801,6,36,132,174,1.2758620689655173,0.039412426161213016,691,"Trouble is, once he touches down, it’s the same old rat race again."
990,801,7,34,133,174,1.2758620689655173,0.04024649182187619,691,It's time to retire this one.  He's catching on to us.
3327,801,6,36,132,174,1.2758620689655173,0.039412426161213016,691,I told you-engineers don't understand behavioral research!
3321,801,4,40,130,174,1.2758620689655173,0.037688961246000276,691,You need to control more variables!
786,801,7,34,133,174,1.2758620689655173,0.04024649182187619,691,"Amid severe budget cuts, auditions for the next James Bond movie continued."
2188,801,4,40,130,174,1.2758620689655173,0.037688961246000276,691,"Okay, but I'm not impressed with his lateral thrust control."
2121,801,3,42,129,174,1.2758620689655173,0.03679697041533762,691,You say he did this after how many attempts?
1101,801,8,32,134,174,1.2758620689655173,0.041063619811502555,691,Equally impressive is the fact that he built that from the water bottle.
1264,801,9,30,135,174,1.2758620689655173,0.04186480192332103,691,Is he one of the lab rats we got form MIT?
417,801,6,36,132,174,1.2758620689655173,0.039412426161213016,691,Exactly how does this help funding for Spaceforce?
2213,801,10,28,136,174,1.2758620689655173,0.04265093677909294,691,Who are the rocket scientists now?!
1147,812,4,44,141,189,1.2751322751322751,0.0358604378585762,691,"Brings a whole new meaning to ""Rat Pack,"" doesn't it?"
1968,812,8,36,145,189,1.2751322751322751,0.0388731290833164,691,So amphetamines do give them a lift
1168,814,8,31,132,171,1.2748538011695907,0.04150665719915627,691,The good news for us is that a mouse can't be named on a patent.
2038,814,5,37,129,171,1.2748538011695907,0.03894103546434098,691,"The funny thing is, he doesn't even like cheese"
2107,814,4,39,128,171,1.2748538011695907,0.03804740192747277,691,She still has to stick the landing.
461,814,9,29,133,171,1.2748538011695907,0.04232732027252226,691,"With all due respect to Sammy, Dean and Frank... let’s just call it The Rat Pack."
2898,818,11,29,146,186,1.2741935483870968,0.04141360373848074,691,So your biggest concern is that each mouse gets a jetpack rather than where this one came from?
2325,819,9,36,152,197,1.2741116751269035,0.03848833795421494,691,He's just acting cocky now.
3360,820,6,35,131,172,1.2732558139534884,0.039614702506835624,691,"If we move fast, we can probably get a Netflix deal out of this."
3607,820,11,25,136,172,1.2732558139534884,0.04369578852391668,691,I can hardly wait to section his brain!
2670,820,8,31,133,172,1.2732558139534884,0.041295563523383386,691,He will get the cheese before we get the grant
2662,820,3,41,128,172,1.2732558139534884,0.03695032187535087,691,He’s been working on his landing.
1854,820,7,33,132,172,1.2732558139534884,0.040463861786901166,691,"Ever since we introduced the VR app, none of the rats want to do the real maze."
1691,820,7,33,132,172,1.2732558139534884,0.040463861786901166,691,This one's thinking outside the maze.
1532,820,3,41,128,172,1.2732558139534884,0.03695032187535087,691,Im thinking we should anesthetize the smart-ass. You?
961,820,7,33,132,172,1.2732558139534884,0.040463861786901166,691,What if he just grabs the cheese and goes?
928,820,7,33,132,172,1.2732558139534884,0.040463861786901166,691,Let's just clock it at five seconds and call it a day.
587,820,7,33,132,172,1.2732558139534884,0.040463861786901166,691,Maybe the test didn't really challenge the subject.
400,820,6,35,131,172,1.2732558139534884,0.039614702506835624,691,Now that's one giant leap for ratkind.
357,820,4,39,129,172,1.2732558139534884,0.037859288724121386,691,We’re going to need a better mousetrap.
3520,832,8,47,176,231,1.2727272727272727,0.03411050945422041,691,We are going to need a three dimensional maze.
621,832,9,39,161,209,1.2727272727272727,0.0369817723651627,691,So much for the plan to develop a better mousetrap
2390,834,4,38,127,169,1.272189349112426,0.03822237451264706,691,I’m recording this result as an outlier.
1576,834,5,36,128,169,1.272189349112426,0.03913300769835788,691,I really don't think he's coming back.
1943,836,6,34,130,170,1.2705882352941176,0.03981900452488688,691,well at least he’s wearing a helmet
3494,836,7,32,131,170,1.2705882352941176,0.04068374080179009,691,I’m concerned that he’s one of the three blind ones.
1356,836,6,34,130,170,1.2705882352941176,0.03981900452488688,691,They left a note that said they'd rather look for pizza in the subway.
3168,836,8,30,132,170,1.2705882352941176,0.04153047567632133,691,"Instinct, my ass!"
1520,836,7,32,131,170,1.2705882352941176,0.04068374080179009,691,"First the movie Cats, now this."
3120,836,6,34,130,170,1.2705882352941176,0.03981900452488688,691,"Sure, the engineering is impressive, but it just goes to show he lacks a sense of direction."
2972,836,10,26,134,170,1.2705882352941176,0.04317415544570702,691,Now that's what I call thinking outside the box!
2938,836,10,26,134,170,1.2705882352941176,0.04317415544570702,691,"For me, this just underscores how amazing you look in that lab coat Cynthia."
2859,836,6,34,130,170,1.2705882352941176,0.03981900452488688,691,I knew we shouldn't have watched Mission Impossible in the lab!
2189,836,7,32,131,170,1.2705882352941176,0.04068374080179009,691,"Oh, Mr. Musk is going to heart emoji this!"
2142,836,7,32,131,170,1.2705882352941176,0.04068374080179009,691,It hardly seems fair to the others.
1229,836,7,32,131,170,1.2705882352941176,0.04068374080179009,691,I promise I told Amazon not to send Stuart Little
1609,836,7,32,131,170,1.2705882352941176,0.04068374080179009,691,These millennial rats get so bored with lever-pressing.
2131,836,7,32,131,170,1.2705882352941176,0.04068374080179009,691,I'm visualizing a Nobel Prize here but we may need to tweek the hypothesis.
1139,836,9,28,133,170,1.2705882352941176,0.04236028864603965,691,The Mouse that Soared. Amazing!
1253,836,5,36,129,170,1.2705882352941176,0.03893506744669494,691,Looks like we finally have a cheese wiz we can be proud to serve.
317,836,4,38,128,170,1.2705882352941176,0.038030590750137004,691,"Yes, he’s very clever, to but I still say it’s cheating."
1026,836,6,34,130,170,1.2705882352941176,0.03981900452488688,691,Do are we to conclude that the mouse will  always choose the jet pack over the intellectual challenge of the maze?
3134,854,12,36,174,222,1.2702702702702702,0.037169804766286604,691,Still didn’t find the cheese in the maze.
1441,855,6,33,128,167,1.2694610778443114,0.0402333624070992,691,How are we going to spin it this time...
1959,855,7,31,129,167,1.2694610778443114,0.041120169229633574,691,"If we need it, your cat's in your office, right?"
2951,855,6,33,128,167,1.2694610778443114,0.0402333624070992,691,Maybe we'll get tenure if we pretend we invented it.
1190,855,10,25,132,167,1.2694610778443114,0.043672679310432345,691,"I don't think he got the point of the experiment."""
2070,855,4,37,126,167,1.2694610778443114,0.038398355652235185,691,That's.... amazing?
654,855,10,25,132,167,1.2694610778443114,0.043672679310432345,691,"We've moved beyond the classic maze to one of full immersion virtual reality. Unfortunately, it still wants the real cheese."
2247,855,3,39,125,167,1.2694610778443114,0.03744714742010159,691,"But Susan, would you say this is slightly more intelligent or greatly more intelligent?"
2362,855,5,35,127,167,1.2694610778443114,0.03932656333431975,691,One giant step for mousekind.
2575,863,7,32,132,171,1.2690058479532165,0.040476067493057086,691,"Brenda, I know you said when pigs fly, but..."
3044,863,4,38,129,171,1.2690058479532165,0.037840635445104555,691,This is game changer.
1231,865,5,34,125,164,1.2682926829268293,0.039729710180000224,691,We need to update our paradigm.
2330,865,3,38,123,164,1.2682926829268293,0.037799688792532954,691,"Damn, even I didn't think of that."
3325,865,6,32,126,164,1.2682926829268293,0.04066038084024853,691,"Welp, the plague is airborne now"
1045,865,7,30,127,164,1.2682926829268293,0.04157022094193494,691,"Yeah well, he’s built these devices before. They look terrific but they never really work."
2443,869,8,30,134,172,1.2674418604651163,0.04110605080244584,691,"So, where do you want to go for lunch?"
1505,870,5,34,126,165,1.2666666666666666,0.03952165323156656,691,"Well yes, the learning curve is somewhat quicker than expected."
1489,870,9,26,130,165,1.2666666666666666,0.043099888563495836,691,"He thinks he can outsmart us, but the cheese is just a hologram."
2824,870,3,38,124,165,1.2666666666666666,0.037605071654517735,691,He’s not allowed to use that.
2034,870,8,28,129,165,1.2666666666666666,0.0422337609523278,691,Its a new Apple  mouse.  You tell them they got  the product request wrong?
2101,870,6,32,127,165,1.2666666666666666,0.04044590095625991,691,Today's mice are not the same as the one's before the internet.
2771,870,10,24,131,165,1.2666666666666666,0.043948950205814366,691,Guess we'll have to do a better job of hiding the cheese.
1422,870,3,38,124,165,1.2666666666666666,0.037605071654517735,691,"Well, seems like a good time to break for lunch."
3230,870,9,26,130,165,1.2666666666666666,0.043099888563495836,691,She's always been a prodigy.
3408,870,9,26,130,165,1.2666666666666666,0.043099888563495836,691,I told you we shouldn't have let him watch that James Bond movie.
3636,870,7,30,128,165,1.2666666666666666,0.04134949496875358,691,We gotta stop using mice from the engineering department.
2117,870,3,38,124,165,1.2666666666666666,0.037605071654517735,691,Do you reckon it'll be easier to get clearance from the FAA than from the FDA?
2295,870,6,32,127,165,1.2666666666666666,0.04044590095625991,691,The one time your boss observes you...
3647,870,6,32,127,165,1.2666666666666666,0.04044590095625991,691,It says her that one of the common side effects is 'Mighty Mouse Syndrome'.
3122,870,3,38,124,165,1.2666666666666666,0.037605071654517735,691,He deserves more than cheese.
2343,870,6,32,127,165,1.2666666666666666,0.04044590095625991,691,His helicopter is in the shop again.
2871,870,6,32,127,165,1.2666666666666666,0.04044590095625991,691,We’re going to have to allocate more of our budget to the cheese.
1790,870,8,28,129,165,1.2666666666666666,0.0422337609523278,691,WOW! ...He applied what he learned!
1382,870,6,32,127,165,1.2666666666666666,0.04044590095625991,691,We'll have to disqualify him for failure to follow rules.
284,870,5,34,126,165,1.2666666666666666,0.03952165323156656,691,Her resume did specifically mention breaking through the glass ceiling.
989,870,6,32,127,165,1.2666666666666666,0.04044590095625991,691,He's ahead in the ratrace.
907,870,8,28,129,165,1.2666666666666666,0.0422337609523278,691,"Well, at least he didn’t use a GPS."
365,870,4,36,125,165,1.2666666666666666,0.03857526725959011,691,I think their technology is more advanced than we thought.
1017,870,5,34,126,165,1.2666666666666666,0.03952165323156656,691,He doesn't do cheddar.
1676,893,6,32,128,166,1.2650602409638554,0.040233595659601044,691,I think we'd better stop lining their cages with grant-proposal forms.
1050,893,8,28,130,166,1.2650602409638554,0.042009295637463806,691,"And from now on, he'd like to be called 'Edam Musk'."
1925,895,5,27,108,140,1.2642857142857142,0.04373459415815174,691,I spent two weeks building this maze!
1237,896,6,30,123,159,1.2641509433962264,0.04132664881900787,691,I quit.
1936,897,5,33,125,163,1.2638036809815951,0.039718219855370746,691,What is this Kobayashi Maru he keeps talking about?
2203,897,7,29,127,163,1.2638036809815951,0.04158145875937288,691,"Cross out ED and put in ""improves intelligence"""
1721,897,4,35,124,163,1.2638036809815951,0.038753020868580505,691,You're right; it's time to put a lid on it.
626,897,9,25,129,163,1.2638036809815951,0.043364714188327,691,"You give a mouse a cookie, he'll ask for a jet pack, I guess."""
1318,897,3,37,123,163,1.2638036809815951,0.03776316014850592,691,"Come on, jet packs always skew the test results."
1251,897,6,31,126,163,1.2638036809815951,0.040660513406971355,691,Let's see them try to ban animal testing now.
1242,897,9,25,129,163,1.2638036809815951,0.043364714188327,691,We'll be needing a lot more cheese from here on out.
1222,897,9,25,129,163,1.2638036809815951,0.043364714188327,691,He's a jetpackrat.
1069,897,6,31,126,163,1.2638036809815951,0.040660513406971355,691,"Say he doesn’t use it to get to the cheese, but uses it to take the cheese.  Then what?"
918,897,6,31,126,163,1.2638036809815951,0.040660513406971355,691,"Well, that’s one small flight for mouse..."
3234,897,5,33,125,163,1.2638036809815951,0.039718219855370746,691,"The drug was originally developed as a cure for male pattern baldness, but marketing are quite excited about the possibilities."
808,897,6,31,126,163,1.2638036809815951,0.040660513406971355,691,"I swear, I was only gone for 10 minutes."
3334,897,6,31,126,163,1.2638036809815951,0.040660513406971355,691,"She designed this maze, which looks remarkably like our lab complex."
2029,897,5,33,125,163,1.2638036809815951,0.039718219855370746,691,Perhaps we shouldn't borrow mice from the Drone Lab anymore.
1542,897,10,23,130,163,1.2638036809815951,0.044229388404930715,691,"I hate to say it’s stupid, but really... this is the 23rd time and it still cannot run the maze."
3020,897,5,33,125,163,1.2638036809815951,0.039718219855370746,691,I knew it was a mistake to lend him out to the Jet Propulsion Lab !
1655,913,8,26,126,160,1.2625,0.042970938694972025,691,He’s thinking outside of the box!
3578,913,6,30,124,160,1.2625,0.04110071614856033,691,He's been trained to think outside the box.
3527,913,8,26,126,160,1.2625,0.042970938694972025,691,It started after we put the cheese on the top shelf.
866,913,7,28,125,160,1.2625,0.04204622718063757,691,I think we’ve created a Muenster!
995,913,9,24,127,160,1.2625,0.043876165791102366,691,"I know that gadget must have been expensive, but then he is a ""prime"" member so shipping was free."
3358,913,7,28,125,160,1.2625,0.04204622718063757,691,"Impressive, yes.  But he's completely ruining my dataset."
3017,913,7,28,125,160,1.2625,0.04204622718063757,691,If it can't work out the maze route then we count it as another fail.
2987,913,6,30,124,160,1.2625,0.04110071614856033,691,My guess is that he’s a Musk-rat.
731,913,8,26,126,160,1.2625,0.042970938694972025,691,I think we stop using Marvel movie loops as our stimuli.
2621,913,6,30,124,160,1.2625,0.04110071614856033,691,"Cheese, the great motivator."
2407,913,5,32,123,160,1.2625,0.040132935548290886,691,"Sure, he’s off the charts on the technical side, but it’s at the expense of his artistic merit score if you ask me."
2268,913,8,26,126,160,1.2625,0.042970938694972025,691,So imported cheese does make a difference?
2097,913,4,34,122,160,1.2625,0.03914123354624906,691,"Wait, I’m not giving him a Pass until he actually eats the cheese..."
1843,913,6,30,124,160,1.2625,0.04110071614856033,691,"Oh, that’s just Chuck E. Yeager."
1244,913,5,32,123,160,1.2625,0.040132935548290886,691,Amazingly advanced?  Yes.  But also cheating.
1795,913,5,32,123,160,1.2625,0.040132935548290886,691,When he said he's over this whole maze thing.  I didn't understand what he meant.
1776,913,7,28,125,160,1.2625,0.04204622718063757,691,Why didn’t we put a top on it?
2524,913,6,30,124,160,1.2625,0.04110071614856033,691,"Well, he did pay for the lab"
723,913,6,30,124,160,1.2625,0.04110071614856033,691,Great. Now he'll want a share of our funding.
2526,913,5,32,123,160,1.2625,0.040132935548290886,691,"I want to publish too, but will it pass peer review?”"
568,913,9,24,127,160,1.2625,0.043876165791102366,691,That seals it.  I'm doubling my daily dose of B12.
722,913,6,30,124,160,1.2625,0.04110071614856033,691,There's no natural law against it.
2598,935,3,34,116,153,1.261437908496732,0.03909366407576878,691,I read 70% of published results weren’t reproducible.
1753,936,5,39,144,188,1.2606382978723405,0.03626237313572433,691,You said its name was Elon Muskrat?
3519,937,5,36,136,177,1.2598870056497176,0.03760159911715133,691,I asked for a vertical mouse for my computer.
531,938,6,28,120,154,1.2597402597402598,0.04202375107555406,691,Just as I suspected.
506,939,4,33,121,158,1.259493670886076,0.039324682857435705,691,I don't know. Maybe we should raise the height of the walls?
734,939,5,31,122,158,1.259493670886076,0.04033678639804298,691,"And that's zero points for delayed gratification!"""
873,939,9,23,126,158,1.259493670886076,0.044153810223525845,691,Did I ever tell you that Stuart Little was my first crush? I want to be scared but this is super sexually confusing for me.
2281,939,7,27,124,158,1.259493670886076,0.042288386669252824,691,"So Carol, what's for lunch?"
3633,939,7,27,124,158,1.259493670886076,0.042288386669252824,691,Just give it a second. He still won’t find the cheese.
1568,939,7,27,124,158,1.259493670886076,0.042288386669252824,691,Where do you suppose he got the rocket fuel ?
1643,945,6,32,132,170,1.2588235294117647,0.039405504175705416,691,Is that for the Amazon contract?
3371,945,4,36,130,170,1.2588235294117647,0.037597426385232564,691,You should see what the one with water-skis can do
3214,947,5,35,134,174,1.2586206896551724,0.03795397980801837,691,Can you double-check that this is the control group?
1114,948,5,29,117,151,1.2582781456953642,0.04145645994811443,691,He wins.
1713,949,3,34,118,155,1.2580645161290323,0.03866077066903695,691,This is definitely an outlier.
1707,949,8,24,123,155,1.2580645161290323,0.043744612142876955,691,A little gene-splicing – and he's already way ahead of you.
1408,949,5,30,120,155,1.2580645161290323,0.04077044946829279,691,It seems she is aware of our status change from College to University.
1771,949,6,28,121,155,1.2580645161290323,0.04178536502662134,691,Shows initiative. Failed to find the cheese.
3245,949,7,26,122,155,1.2580645161290323,0.04277620729996249,691,They don't learn the maze and they don't want to exercise. These rats are just like my kids with their tech toys.
1869,949,6,28,121,155,1.2580645161290323,0.04178536502662134,691,I’m going to check “Thinks outside the box” on that one.
3169,949,4,32,119,155,1.2580645161290323,0.039729615770672154,691,Red Bull is now underwriting the study.
3113,949,7,26,122,155,1.2580645161290323,0.04277620729996249,691,Gee whiz - Why didn't we think of that?
3070,949,4,32,119,155,1.2580645161290323,0.039729615770672154,691,Apparently our maze is old school.
2856,949,5,30,120,155,1.2580645161290323,0.04077044946829279,691,I thought you gave him the jet pack.
2656,949,6,28,121,155,1.2580645161290323,0.04178536502662134,691,They were bred for the space program.
2548,949,8,24,123,155,1.2580645161290323,0.043744612142876955,691,"So that's what happens when you give a mouse an Amazon Prime account!"""
2338,949,4,32,119,155,1.2580645161290323,0.039729615770672154,691,I wondered how the cow jumped over the moon.
2086,949,5,30,120,155,1.2580645161290323,0.04077044946829279,691,Let’s call that an outlier.
1957,949,5,30,120,155,1.2580645161290323,0.04077044946829279,691,We may be witnessing the origin story of the next Marvel comics superhero.
1270,949,3,34,118,155,1.2580645161290323,0.03866077066903695,691,I told you we shouldn't have shown them Mission Impossible
3627,949,8,24,123,155,1.2580645161290323,0.043744612142876955,691,"Don't be offended, but I've always been attracted to black women"
1100,949,7,26,122,155,1.2580645161290323,0.04277620729996249,691,We have been encouraging  them to think outside the box.
2506,949,7,26,122,155,1.2580645161290323,0.04277620729996249,691,"He's rejected the cheese, but seems to be eyeing the liquor cabinet."
1004,949,8,24,123,155,1.2580645161290323,0.043744612142876955,691,Now this is truly a mazing.
737,949,7,26,122,155,1.2580645161290323,0.04277620729996249,691,Let’s switch back to the Roquefort.
672,949,2,36,117,155,1.2580645161290323,0.03756152297448139,691,"Subject #007 lives up to his name, I see."
1052,949,7,26,122,155,1.2580645161290323,0.04277620729996249,691,This experiment seems cheesy.
2464,972,4,34,125,163,1.2576687116564418,0.03851849814474893,691,They never bothered to use the jet pack for the Stilton.
430,973,4,38,137,179,1.2569832402234637,0.03638400005634969,691,"While I admire the innovation, I don't see how this will help.  He's still a blind mouse."
888,974,5,30,121,156,1.2564102564102564,0.04054202128420999,691,"Don't worry, we can market this to Amazon and make a bundle!"
1603,974,6,28,122,156,1.2564102564102564,0.04154959056053535,691,"Well, B.F. Skinner is not here, is he?"
2694,974,5,30,121,156,1.2564102564102564,0.04054202128420999,691,"Meh, not so impressive. The previous specimen had Amazon Fresh deliver it right to him."
368,974,4,32,120,156,1.2564102564102564,0.039508764899330175,691,I spent a week building this maze.
818,974,6,28,122,156,1.2564102564102564,0.04154959056053535,691,"Well, Tonya, what did we learn?"
459,979,5,25,107,137,1.2554744525547445,0.04399197431622221,691,Oh it definitely didn't do that for the Muenster...
1742,980,5,29,119,153,1.2549019607843137,0.04098189814585094,691,"Of course, he's outgrown his maze; I told you the reward was too generous."
1855,980,5,29,119,153,1.2549019607843137,0.04098189814585094,691,I think we're going to need higher walls.
1526,980,5,29,119,153,1.2549019607843137,0.04098189814585094,691,"Shouldn't we be concerned, Henry?""
""No, Janice, he is wearing a helmet."
1462,980,4,31,118,153,1.2549019607843137,0.03991887603166448,691,We need to develop a retirement plan.
1397,980,7,25,121,153,1.2549019607843137,0.04302922959626292,691,"Is it just me, or do you get the impression we're underestimating their cognitive skills?"
1234,980,3,33,117,153,1.2549019607843137,0.03882676076658846,691,Should we tell him this won't get him the participation compensation?
1183,980,5,29,119,153,1.2549019607843137,0.04098189814585094,691,"Personally, I would have walked."
1660,980,6,27,120,153,1.2549019607843137,0.04201803526632825,691,"I think we did it, Meghan. We have indisputable evidence. They’ll have to take Trump University serious now!"
3381,980,3,33,117,153,1.2549019607843137,0.03882676076658846,691,Are they allowed to do that?
3036,980,6,27,120,153,1.2549019607843137,0.04201803526632825,691,It's not his first rodeo.
2926,980,7,25,121,153,1.2549019607843137,0.04302922959626292,691,"He said with just a little more funding, he can get it out of the prototype stage."
2882,980,8,23,122,153,1.2549019607843137,0.04401720017962765,691,"Don't tell the boss about this. If she finds out how smart this rat is, there go our jobs."
2865,980,5,29,119,153,1.2549019607843137,0.04098189814585094,691,I just checked.  There is nothing in the rules agains it.
2863,980,5,29,119,153,1.2549019607843137,0.04098189814585094,691,They were promised cheese; what did you expect?
2118,980,4,31,118,153,1.2549019607843137,0.03991887603166448,691,We really need to stop buying rats from Richard Branson
2816,980,7,25,121,153,1.2549019607843137,0.04302922959626292,691,Evolution just took a flying leap.
2194,980,6,27,120,153,1.2549019607843137,0.04201803526632825,691,He's training to be the mascot for the Space Force
2747,980,6,27,120,153,1.2549019607843137,0.04201803526632825,691,I guess we should make the next maze a little harder.
1160,980,5,29,119,153,1.2549019607843137,0.04098189814585094,691,Just wait until he tries to go over water.
2582,980,7,25,121,153,1.2549019607843137,0.04302922959626292,691,I hate smart ass mice!
2239,980,9,21,123,153,1.2549019607843137,0.044983477229521916,691,"First I take your cheese, then I take your research grant!"
3383,980,6,27,120,153,1.2549019607843137,0.04201803526632825,691,He will attempt to cure cancer next.
1143,980,7,25,121,153,1.2549019607843137,0.04302922959626292,691,OK. Send in a request for a maze lid.
3133,980,5,29,119,153,1.2549019607843137,0.04098189814585094,691,"That’s one small step for a mouse, one giant leap for mousekind."
1085,980,5,29,119,153,1.2549019607843137,0.04098189814585094,691,The pepperjack seems to have the biggest kick.
829,980,6,27,120,153,1.2549019607843137,0.04201803526632825,691,Using jet fuel? In this economy?
827,980,8,23,122,153,1.2549019607843137,0.04401720017962765,691,I can’t say whether this experiment was a failure or a success.
764,980,5,29,119,153,1.2549019607843137,0.04098189814585094,691,This gives new meaning to Rat Pack.
714,980,7,25,121,153,1.2549019607843137,0.04302922959626292,691,I denied their request for gouda.
369,980,6,27,120,153,1.2549019607843137,0.04201803526632825,691,Guess that settles its fight for flight response.
322,980,4,31,118,153,1.2549019607843137,0.03991887603166448,691,We're gonna need a better maze
307,980,6,27,120,153,1.2549019607843137,0.04201803526632825,691,I told you not to use the NASA mice.
1089,980,7,25,121,153,1.2549019607843137,0.04302922959626292,691,They're not THAT smart. They still can't figure out the afterburner. Don't look at the ceiling if you have a weak stomach.
1986,1013,7,35,151,193,1.2538860103626943,0.03693792401113342,691,Do you think it can find a way to get us out of here?
3463,1014,7,25,122,154,1.2532467532467533,0.042780938132409324,691,Our next grant application is to NASA
1962,1014,2,35,117,154,1.2532467532467533,0.037493952557325336,691,You wanted the other kind of pack rat?
1556,1016,5,32,129,166,1.2530120481927711,0.038865573729434784,691,"After all the training and student loans, it's come to this."
1755,1017,6,32,136,174,1.2528735632183907,0.038609804490614755,691,Isn't he lactose intolerant?
838,1018,7,24,120,151,1.2516556291390728,0.043285124869849506,691,Is that a Tesla logo?
847,1018,5,28,118,151,1.2516556291390728,0.04119467918915452,691,There’s one  way to beat the rat race.
867,1018,6,26,119,151,1.2516556291390728,0.04225283202636141,691,The cheese is to fly for
3586,1018,4,30,117,151,1.2516556291390728,0.04010861968139528,691,I blame the Millennials.
3501,1018,2,34,115,151,1.2516556291390728,0.03784310942887364,691,I told you using the Gouda would make a difference
942,1018,4,30,117,151,1.2516556291390728,0.04010861968139528,691,"Same dose as the other rats, except this ones got style."
1480,1018,5,28,118,151,1.2516556291390728,0.04119467918915452,691,Did you download the GPS app into the helmet?
1700,1018,3,32,116,151,1.2516556291390728,0.0389923217056417,691,We have to stop letting the undergrads design our experiments.
2675,1018,4,30,117,151,1.2516556291390728,0.04010861968139528,691,He says one more cheese maze and he'll vaporize us.
2100,1018,4,30,117,151,1.2516556291390728,0.04010861968139528,691,They did demand a double blind study!
2108,1018,5,28,118,151,1.2516556291390728,0.04119467918915452,691,Another project funded by the Pentagon?
3465,1018,4,30,117,151,1.2516556291390728,0.04010861968139528,691,What kind of cheese are we using?
2420,1018,5,28,118,151,1.2516556291390728,0.04119467918915452,691,"Now that he easily solved it, he thinks he's the big cheese."
2492,1018,5,28,118,151,1.2516556291390728,0.04119467918915452,691,Where’d she get the helmet?
3386,1018,6,26,119,151,1.2516556291390728,0.04225283202636141,691,I can't wait to see what happens when we double the dose of this new drug.
2565,1018,5,28,118,151,1.2516556291390728,0.04119467918915452,691,Well I think she’s disqualified.
2593,1018,4,30,117,151,1.2516556291390728,0.04010861968139528,691,No! Don’t tell the boss...the little guy has earned it.
2976,1018,4,30,117,151,1.2516556291390728,0.04010861968139528,691,Do you think we have gone a bit too far with our behavioral testing?
815,1018,5,28,118,151,1.2516556291390728,0.04119467918915452,691,Now he wants his own Youtube channel
591,1018,2,34,115,151,1.2516556291390728,0.03784310942887364,691,There's our proof.  IQ testing is necessary.  All mice are not created equal.
632,1018,6,26,119,151,1.2516556291390728,0.04225283202636141,691,So that's what he meant by having a 'power lunch'.
508,1018,5,28,118,151,1.2516556291390728,0.04119467918915452,691,I didn't know that he was one of the three blind ones.
404,1018,3,32,116,151,1.2516556291390728,0.0389923217056417,691,"Yes it is cheating, but look at him fly!"
246,1018,3,32,116,151,1.2516556291390728,0.0389923217056417,691,‘Its only a small step sir’
812,1018,4,30,117,151,1.2516556291390728,0.04010861968139528,691,Can't we please just give him the cheese?
1115,1043,6,25,117,148,1.25,0.04274438190247978,691,I think we should still count this as failing the maze
1073,1043,6,25,117,148,1.25,0.04274438190247978,691,That Pet CBD oil is amazing...
977,1043,6,25,117,148,1.25,0.04274438190247978,691,Do you think he'll like that cheese?
929,1043,7,23,118,148,1.25,0.04380651604022256,691,And he's selling our cheese
848,1043,5,27,116,148,1.25,0.04165517399877003,691,"The control group is using hang gliders."""
477,1043,5,27,116,148,1.25,0.04165517399877003,691,Maybe we shouldn't have used the mice from Mensa!
433,1043,8,21,119,148,1.25,0.044843500208385956,691,Mice these days are so lazy.
341,1043,5,27,116,148,1.25,0.04165517399877003,691,He's certainly got better funding that we do.
2099,1043,6,25,117,148,1.25,0.04274438190247978,691,Not to mention we'll need a better trap.
2516,1043,8,21,119,148,1.25,0.044843500208385956,691,Letting him watch every episode of Pinky and the Brain seems to have paid off
2278,1043,6,25,117,148,1.25,0.04274438190247978,691,He's part of the control group that includes pepperoni.
2985,1043,3,31,114,148,1.25,0.039386497612168274,691,Algernon always was an overachiever.
1596,1043,4,29,115,148,1.25,0.040536709998599686,691,Let’s roll him back to triple espressos in the morning.
3034,1043,5,27,116,148,1.25,0.04165517399877003,691,This is always the easy part. He now has 15 seconds complete the raclette stage.
3199,1043,7,23,118,148,1.25,0.04380651604022256,691,This rodent is pure Evel!
3211,1043,6,25,117,148,1.25,0.04274438190247978,691,Lining their nests with that Asimov novel is skewing our data
3385,1043,7,23,118,148,1.25,0.04380651604022256,691,"You ever think how, in a way, we're all just working to get that cheddar?"
2125,1043,6,25,117,148,1.25,0.04274438190247978,691,You shouldn't have named him Elon Mousk.
3412,1043,3,31,114,148,1.25,0.039386497612168274,691,This one is in our 'Not Exposed to Social Media' subgroup.
3506,1043,4,29,115,148,1.25,0.040536709998599686,691,Sometimes you're the cheese and sometimes you're the rat.
2753,1043,2,33,113,148,1.25,0.03820166921478828,691,Do you remember when flubber was the state of the art?
1580,1043,4,29,115,148,1.25,0.040536709998599686,691,"Note that when it comes to cheese, Buzz is highly motivated."
3131,1065,9,31,157,197,1.248730964467005,0.03767709409141356,691,"Don’t get excited, the engine appears to be powered fossil fuels."
1601,1066,6,33,142,181,1.2486187845303867,0.03749857975462066,691,This one must be getting help from the outside
922,1067,6,32,139,177,1.2485875706214689,0.03803320921213854,691,I knew those JPL lab rats were gonna be a problem.
1009,1068,5,31,129,165,1.2484848484848485,0.038835659779569306,691,They go to extremes for Gruyere.
1563,1069,7,24,122,153,1.2483660130718954,0.042780314320937096,691,"Well, so much for pavlovian conditioning. I think she made the labyrinth irrelevant."
2426,1070,5,27,117,149,1.2483221476510067,0.0414086712909991,691,They’re getting tired of the daily rind.
3128,1070,3,31,115,149,1.2483221476510067,0.03915722940852179,691,I guess there is such a thing as too much funding.
3119,1070,4,29,116,149,1.2483221476510067,0.04029867661001796,691,Do you think they will still say the findings aren't generalizable?
2566,1070,7,23,119,149,1.2483221476510067,0.04354385721569028,691,Let’s put him in a cancer study.
864,1070,7,23,119,149,1.2483221476510067,0.04354385721569028,691,Holy shit. Dad is gonna kill us.
549,1070,3,31,115,149,1.2483221476510067,0.03915722940852179,691,What? You told me to think outside of the box!
3265,1070,5,27,117,149,1.2483221476510067,0.0414086712909991,691,Technology makes this generation so lazy!
1313,1077,7,22,117,146,1.2465753424657535,0.04407410326605941,691,I raised the dosage of Adderall for this one
1470,1077,5,26,115,146,1.2465753424657535,0.04187576812582842,691,"I suspect, they were only doing it because it meant so much to us."
1808,1077,3,30,113,146,1.2465753424657535,0.039555446319679236,691,I told you we shouldn't let him get deliveries from Amazon.
1809,1077,4,28,114,146,1.2465753424657535,0.04073213282948226,691,Want to go back to my place?
1979,1077,5,26,115,146,1.2465753424657535,0.04187576812582842,691,"Well, sure, if he's going to cheat."
2284,1077,6,24,116,146,1.2465753424657535,0.04298899007208366,691,"I figured a dose of cocaine that size would have killed him. But instead he became, like, insanely tight."
2317,1077,5,26,115,146,1.2465753424657535,0.04187576812582842,691,"Apparently, he was too stupid to figure it out."
2396,1077,3,30,113,146,1.2465753424657535,0.039555446319679236,691,"My mistake, I thought management said to research autono-MOUSE drones."
2405,1077,9,18,119,146,1.2465753424657535,0.04616788062372357,691,He's cheated before.
2941,1077,5,26,115,146,1.2465753424657535,0.04187576812582842,691,Still think STEM is right for you?
3192,1077,4,28,114,146,1.2465753424657535,0.04073213282948226,691,"After his bankruptcies, fraudulent charity,  fraudulent university, and a dozen sexual assault accusations, this looks acceptable."
3328,1077,6,24,116,146,1.2465753424657535,0.04298899007208366,691,Interesting.
296,1077,6,24,116,146,1.2465753424657535,0.04298899007208366,691,That one's Elon Muskrat.
2291,1090,4,30,121,155,1.2451612903225806,0.039202283865001686,691,We're going to need a harder maze.
471,1090,5,28,122,155,1.2451612903225806,0.04025675397735821,691,"If you give a mouse a jet pack, he will shatter your research."
3624,1092,6,25,120,151,1.2450331125827814,0.0419890529381387,691,Are you sure you put the L.S.D. in HIS water?
1341,1093,4,27,112,143,1.2447552447552448,0.041179286026284054,691,I think we should just give him our job and call it a day.
1939,1093,6,23,114,143,1.2447552447552448,0.04350539863182021,691,"Despite all his rage, he is still just a rat in a maze."""
2551,1093,5,25,113,143,1.2447552447552448,0.04235831268917647,691,Algernon seems to be making great strides!
2090,1093,4,27,112,143,1.2447552447552448,0.041179286026284054,691,I told you we should've set some ground rules.
2115,1093,5,25,113,143,1.2447552447552448,0.04235831268917647,691,I really hate the scientific method.
2577,1093,6,23,114,143,1.2447552447552448,0.04350539863182021,691,He's on loan from the jet propulsion lab.
2591,1093,3,29,111,143,1.2447552447552448,0.0399654918823099,691,There's always one smart-ass in the cage
2652,1093,6,23,114,143,1.2447552447552448,0.04350539863182021,691,Does that mean it's technically a bat?
2809,1093,2,31,110,143,1.2447552447552448,0.03871366018804529,691,Any idea how we score this one?
3382,1093,5,25,113,143,1.2447552447552448,0.04235831268917647,691,"Don’t forget, we’re calculating rat intelligence
with a truncated mean, discarding the high and
low ends. So just ignore this little guy."
3579,1093,5,25,113,143,1.2447552447552448,0.04235831268917647,691,Who studies behaviour any more anyway?
3635,1093,5,25,113,143,1.2447552447552448,0.04235831268917647,691,"Given that she designed and built her own jet pack, her ability to learn and navigate the maze seems like a profound misallocation of resources."
383,1093,4,27,112,143,1.2447552447552448,0.041179286026284054,691,Our critics are going to have a tough time reproducing the research data on this one.
869,1093,6,23,114,143,1.2447552447552448,0.04350539863182021,691,Let's clone this one.
408,1107,4,26,109,139,1.2446043165467626,0.041904567364428186,691,"Um, these results are going to be difficult to reproduce."
532,1107,3,28,108,139,1.2446043165467626,0.040641460990527734,691,He’s a transfer from the MIT lab.
2351,1107,7,20,112,139,1.2446043165467626,0.04548390934897567,691,I'll bet B.F. Skinner never imagined this.
1982,1110,5,21,101,127,1.2440944881889764,0.045708924357428474,691,I guess he was thinking outside the box.
1769,1111,4,28,116,148,1.2432432432432432,0.040248380363222376,691,Did you use the good cheese again?
1941,1111,5,26,117,148,1.2432432432432432,0.041374639396855886,691,We need to invent a better maze for this one.
2523,1113,4,34,136,174,1.2413793103448276,0.03639001565224627,691,It’s Elon Mousk
2922,1114,5,31,134,170,1.2411764705882353,0.037828162549369895,691,Clearly he's the over-achiever
3067,1115,3,28,110,141,1.2411347517730495,0.04013744019435515,691,That has to be my late husband—his kind of trick for sure.
1018,1115,9,16,116,141,1.2411347517730495,0.047105380169549065,691,The Helmut was his idea.
1040,1115,4,26,111,141,1.2411347517730495,0.0413803241643798,691,Apparently they're smarter than we thought they were.
1046,1115,5,24,112,141,1.2411347517730495,0.04258695047244958,691,R&D is doing well I see?
1054,1115,4,26,111,141,1.2411347517730495,0.0413803241643798,691,"Well, I guess this proves your theory that when we take away their sense of smell the rat can adapt."""
1288,1115,7,20,114,141,1.2411347517730495,0.044903035484589564,691,What kind of cheese did you put in there?
1770,1115,8,18,115,141,1.2411347517730495,0.04601738495747046,691,They go a little crazy for the Boursin
1775,1115,4,26,111,141,1.2411347517730495,0.0413803241643798,691,"Evolution, time to build a better mouse trap or find a new job."
1833,1115,6,22,113,141,1.2411347517730495,0.04376031847617875,691,"Greatest leap in mouse tech, and he still just wants the cheese."
1932,1115,5,24,112,141,1.2411347517730495,0.04258695047244958,691,There's got to be an easier way to grill cheese.
1954,1115,3,28,110,141,1.2411347517730495,0.04013744019435515,691,Smart?  Smart!  He hasn't even patented it yet!
2074,1115,3,28,110,141,1.2411347517730495,0.04013744019435515,691,It's only a matter of time before he figures out drone delivery.
2087,1115,3,28,110,141,1.2411347517730495,0.04013744019435515,691,Do you think the mouse would mind if I ate the cheese?  I skipped lunch today...
2119,1115,4,26,111,141,1.2411347517730495,0.0413803241643798,691,I didn't give it to him. I thought you gave it to him.
2154,1115,6,22,113,141,1.2411347517730495,0.04376031847617875,691,Association doesn't mean causation.
2166,1115,4,26,111,141,1.2411347517730495,0.0413803241643798,691,I think Karen has spent too much time watching the Jetsons during her breaks
2186,1115,8,18,115,141,1.2411347517730495,0.04601738495747046,691,It's the prototype for a micro-delivery service to cat-free households.
2639,1115,5,24,112,141,1.2411347517730495,0.04258695047244958,691,"Well, looks like our hypothesis about income inequality in this population is confirmed."
2677,1115,6,22,113,141,1.2411347517730495,0.04376031847617875,691,This won't cure cancer.
2751,1115,3,28,110,141,1.2411347517730495,0.04013744019435515,691,You let him watch Star Wars didn't you?
2776,1115,3,28,110,141,1.2411347517730495,0.04013744019435515,691,I'm afraid the experimental design makes no allowance for this level of adaptive  behavior.
2808,1115,7,20,114,141,1.2411347517730495,0.044903035484589564,691,"Is this that ""Rat Pack"" people are always talking about?"
1000,1115,7,20,114,141,1.2411347517730495,0.044903035484589564,691,I feel like one of the Three Blind Mice.
973,1115,5,24,112,141,1.2411347517730495,0.04258695047244958,691,These NASA Rats cut straight to the cheese.
755,1115,5,24,112,141,1.2411347517730495,0.04258695047244958,691,Year of the rat? 2020 is year of the gear of the rat.
3072,1115,4,26,111,141,1.2411347517730495,0.0413803241643798,691,"He’s smart, but a total cheater."
3144,1115,4,26,111,141,1.2411347517730495,0.0413803241643798,691,Pretty soon he’s going to want more than cheese.
3473,1115,5,24,112,141,1.2411347517730495,0.04258695047244958,691,His air-to-fuel mixture is way off. Rookie move!
2846,1115,7,20,114,141,1.2411347517730495,0.044903035484589564,691,Tweet the President: Space Corps passed first test.
3278,1115,7,20,114,141,1.2411347517730495,0.044903035484589564,691,This may be how the keep getting in.
3306,1115,6,22,113,141,1.2411347517730495,0.04376031847617875,691,This must be the one in Mensa.
3033,1115,4,26,111,141,1.2411347517730495,0.0413803241643798,691,"Well, he did after all solve the problem"
302,1115,5,24,112,141,1.2411347517730495,0.04258695047244958,691,"That's one giant leap for Mickey, but sadly, the end of our maze experiments."
318,1115,7,20,114,141,1.2411347517730495,0.044903035484589564,691,"Clever yes, but the rat didn't learn the maze."
3324,1115,6,22,113,141,1.2411347517730495,0.04376031847617875,691,"In 2020, mice did it. In 2016, pigs."
3054,1115,4,26,111,141,1.2411347517730495,0.0413803241643798,691,It’s the complete lack of respect for old school that hurts the most.
558,1115,6,22,113,141,1.2411347517730495,0.04376031847617875,691,call the cat in here...
609,1115,6,22,113,141,1.2411347517730495,0.04376031847617875,691,"Okay, I guess we’d better make the maze harder."
665,1115,4,26,111,141,1.2411347517730495,0.0413803241643798,691,You mean the drugs were supposed to be for the mice?
699,1115,3,28,110,141,1.2411347517730495,0.04013744019435515,691,"From our experiments, we've concluded that jetpacks are an effective way of getting cheese"
702,1115,4,26,111,141,1.2411347517730495,0.0413803241643798,691,"I told you NOT to use rats from New York City,...the ""rat race"" takes on a whole new meaning there."
710,1115,3,28,110,141,1.2411347517730495,0.04013744019435515,691,"Quite frankly, I don’t know if I’ve ever witnessed a better laid scheme."
396,1115,7,20,114,141,1.2411347517730495,0.044903035484589564,691,Let's just count that one as experimental error.
2945,1115,5,24,112,141,1.2411347517730495,0.04258695047244958,691,I blame climate change.
1853,1159,6,18,101,125,1.24,0.04738313297284785,691,I thought the Pavlovian Resistance Squad was only a rumor.
882,1160,6,23,117,146,1.2397260273972603,0.0427058293693113,691,What hath God rat
1152,1161,5,24,113,142,1.2394366197183098,0.042320062146136025,691,It's not cheating; he's just thinking outside the box.
1915,1161,4,26,112,142,1.2394366197183098,0.04112295635269635,691,"He has the technology, but SHOULD he have the technology."
2361,1161,5,24,113,142,1.2394366197183098,0.042320062146136025,691,"As you can see , mature male rat #007 draws inspiration from his namesake."
2557,1161,5,24,113,142,1.2394366197183098,0.042320062146136025,691,I guess this will be a three blind study.
1079,1165,9,21,133,163,1.2392638036809815,0.042487912862297,691,Now let’s see if he can find the cheese.
1781,1166,4,25,109,138,1.2391304347826086,0.04184766294183874,691,We need to let  Amazon know that we have finished testing Ratpack pick up service.
1203,1166,4,25,109,138,1.2391304347826086,0.04184766294183874,691,This is a blatant disqualification.
1199,1166,2,29,107,138,1.2391304347826086,0.03923842310924015,691,If we could only get it to not melt the cheese when he lands
1022,1166,7,19,112,138,1.2391304347826086,0.04548171568976626,691,CRISPR may be having unintended consequences...
974,1166,5,23,110,138,1.2391304347826086,0.04309307852185475,691,The gouda made him gassy so I went with it on this one.
805,1166,3,27,108,138,1.2391304347826086,0.0405640280408239,691,I think subject 5 has outgrown the maze.
781,1166,6,21,111,138,1.2391304347826086,0.044303498047984134,691,These young mice are in such a hurry these days.
1416,1166,2,29,107,138,1.2391304347826086,0.03923842310924015,691,Stupid mouse.  He's going to burn the cheese with his rocket pack.
347,1166,5,23,110,138,1.2391304347826086,0.04309307852185475,691,I’ll let you be lead author on the journal paper.
281,1166,3,27,108,138,1.2391304347826086,0.0405640280408239,691,His sponsor is Elon Musk.
1823,1166,4,25,109,138,1.2391304347826086,0.04184766294183874,691,Check out Elon Mousk over here.
1364,1166,3,27,108,138,1.2391304347826086,0.0405640280408239,691,I wonder how the monkeys are doing
1874,1166,5,23,110,138,1.2391304347826086,0.04309307852185475,691,Cheating little rat!
2057,1166,5,23,110,138,1.2391304347826086,0.04309307852185475,691,See what!?
2586,1166,2,29,107,138,1.2391304347826086,0.03923842310924015,691,The Behavioral Research Lab just got awesome!
2763,1166,5,23,110,138,1.2391304347826086,0.04309307852185475,691,He locates the cheese in seconds ... he spends most of his time showing off for the female mice in cage 42.
3037,1166,5,23,110,138,1.2391304347826086,0.04309307852185475,691,I guess our work is done?
3161,1166,5,23,110,138,1.2391304347826086,0.04309307852185475,691,That's the 'Elon Musk-Rat'.
3380,1166,6,21,111,138,1.2391304347826086,0.044303498047984134,691,4.92 seconds - I win - take off your shirt.
3521,1166,3,27,108,138,1.2391304347826086,0.0405640280408239,691,We might need to rethink our test parameters.
3588,1166,3,27,108,138,1.2391304347826086,0.0405640280408239,691,Algernon?
1897,1166,7,19,112,138,1.2391304347826086,0.04548171568976626,691,Intelligence has become very hard to measure.
1371,1166,3,27,108,138,1.2391304347826086,0.0405640280408239,691,"But, he's from the control group!"
533,1189,2,27,101,130,1.2384615384615385,0.040574065102673786,691,why do we always get the leftovers from NASA?
1624,1190,8,17,114,139,1.2374100719424461,0.046325443235386586,691,It says to put a farmers wife at the end of the maze.
3428,1190,2,29,108,139,1.2374100719424461,0.038993078919510205,691,"Well, that is thinking out of the maze."
776,1192,2,28,105,135,1.237037037037037,0.03963265178621323,691,"Geeez, Marge, I think this one has gone and disqualified himself!"
3007,1193,5,17,92,114,1.236842105263158,0.04874234413978753,691,He's clearly in the placebo group because the others built drones.
831,1194,3,25,103,131,1.2366412213740459,0.04173576960964363,691,Should I write this one down as risk aversion or risk-seeking behavior?
1156,1195,7,21,120,148,1.2364864864864864,0.043264352955627354,691,"I guess we need a code for ""jet-packed"" now."
2332,1196,5,22,109,136,1.2352941176470589,0.04332993214109077,691,I've only seen this behavior in seals before.
1200,1196,2,28,106,136,1.2352941176470589,0.03937874596442371,691,He's going to want a nice Barolo with that.
1292,1196,3,26,107,136,1.2352941176470589,0.040738410567967114,691,"Well, no more denying; the time has come to upgrade our lab equipment."
1319,1196,0,32,104,136,1.2352941176470589,0.03650781710789266,691,"Yes, technically, he is cheating, but he did find the cheese in record time."
1426,1196,3,26,107,136,1.2352941176470589,0.040738410567967114,691,Definitely not part of the placebo group.
3177,1196,7,18,111,136,1.2352941176470589,0.04577497070560295,691,The test paradigm didn't cover this.
1649,1196,2,28,106,136,1.2352941176470589,0.03937874596442371,691,We'll need a different intelligence test.
1838,1196,5,22,109,136,1.2352941176470589,0.04332993214109077,691,OSHA compliance overseer. He’ll be out of here soon enough.
3165,1196,3,26,107,136,1.2352941176470589,0.040738410567967114,691,"Yeah it’s impressive but he’s ignoring the cheese. He’s heading toward the fridge. My lunch is in there, Linda."
2078,1196,4,24,108,136,1.2352941176470589,0.04205413841083768,691,I think they're catching on.
2132,1196,5,22,109,136,1.2352941176470589,0.04332993214109077,691,"I don't like cheese , bitch."
2858,1196,4,24,108,136,1.2352941176470589,0.04205413841083768,691,It’s a Federal government mouse. That explains its cheating.
2998,1196,3,26,107,136,1.2352941176470589,0.040738410567967114,691,We shouldn't have let him see that the cheese is plastic.
2817,1196,3,26,107,136,1.2352941176470589,0.040738410567967114,691,Looks like he just joined the Jet Rat Pack
2750,1196,4,24,108,136,1.2352941176470589,0.04205413841083768,691,He's auditioning for the sequel: The Mouse That Soared
2695,1196,3,26,107,136,1.2352941176470589,0.040738410567967114,691,I knew they were up to something when they asked for jet engine fuel.
2681,1196,2,28,106,136,1.2352941176470589,0.03937874596442371,691,Did you put smart water in his bottle?
2590,1196,4,24,108,136,1.2352941176470589,0.04205413841083768,691,"Well, he did say he was lactose intolerant."
3012,1196,4,24,108,136,1.2352941176470589,0.04205413841083768,691,Maybe we shouldn't have let them watch that episode of 'How It's Made'.
3042,1196,4,24,108,136,1.2352941176470589,0.04205413841083768,691,I’d suspect he’s overthinking this.
2480,1196,3,26,107,136,1.2352941176470589,0.040738410567967114,691,We should never have implied that the moon is made of cheese.
2411,1196,5,22,109,136,1.2352941176470589,0.04332993214109077,691,"Biology 101, question your assumptions."
3107,1196,5,22,109,136,1.2352941176470589,0.04332993214109077,691,"Why are you offended, Tina? I'm just trying to explain how a maze works."
1135,1196,4,24,108,136,1.2352941176470589,0.04205413841083768,691,"Well, he did build that better mouse trap last time."
2313,1196,5,22,109,136,1.2352941176470589,0.04332993214109077,691,"Truly, the cheese has been moved."
1063,1196,4,24,108,136,1.2352941176470589,0.04205413841083768,691,I think he has claustrophobia
1581,1196,6,20,110,136,1.2352941176470589,0.04456922123197992,691,The economics of same day delivery just got a lot better.
945,1196,3,26,107,136,1.2352941176470589,0.040738410567967114,691,"One small step for mice, one giant leap for moon cheese"
3649,1196,8,16,112,136,1.2352941176470589,0.04694976469560254,691,This one must be a Muskrat.
3601,1196,3,26,107,136,1.2352941176470589,0.040738410567967114,691,"Well, we didn't control for THIS variable..."
3595,1196,5,22,109,136,1.2352941176470589,0.04332993214109077,691,M.I.T . Mouse
3554,1196,3,26,107,136,1.2352941176470589,0.040738410567967114,691,"Seal the lab, now!"
3503,1196,8,16,112,136,1.2352941176470589,0.04694976469560254,691,We should remember never to start the experiment with Elon Mouse.
3477,1196,4,24,108,136,1.2352941176470589,0.04205413841083768,691,Now the others are whining they want one just like it.
3329,1196,5,22,109,136,1.2352941176470589,0.04332993214109077,691,He has an unfair advantage. Should we kick him out?
3297,1196,3,26,107,136,1.2352941176470589,0.040738410567967114,691,The same mouse that could do this couldn't make its own cheese?
3295,1196,5,22,109,136,1.2352941176470589,0.04332993214109077,691,We injected this one with venture capital.
3253,1196,5,22,109,136,1.2352941176470589,0.04332993214109077,691,"We just don't calculate for rapid technological leaps, do we?"
1055,1196,5,22,109,136,1.2352941176470589,0.04332993214109077,691,The gene-spliced opposable thumb seems to have worked.
3239,1196,4,24,108,136,1.2352941176470589,0.04205413841083768,691,"It proves there is hope for advancing Trump’s decision making skills, as long as he likes cheese."
3222,1196,7,18,111,136,1.2352941176470589,0.04577497070560295,691,I told you mouse is better than joystick...
2910,1196,5,22,109,136,1.2352941176470589,0.04332993214109077,691,"For energy level, just write “jet fuel”."
476,1196,3,26,107,136,1.2352941176470589,0.040738410567967114,691,"Technology is not exactly killing behavioral psychology, but it sure is speeding up getting results."
537,1196,5,22,109,136,1.2352941176470589,0.04332993214109077,691,"If he can navigate the labyrinthine bureaucracy of the next experiment, then I’m ready to put him in charge of the lab."
579,1196,6,20,110,136,1.2352941176470589,0.04456922123197992,691,I don't understand these Millennial mice. How is building a jetpack easier than just running the maze?
614,1196,5,22,109,136,1.2352941176470589,0.04332993214109077,691,I just feel like we’re hitting a wall with this study.
619,1196,5,22,109,136,1.2352941176470589,0.04332993214109077,691,PETA insists the corners must be rounded.
686,1196,6,20,110,136,1.2352941176470589,0.04456922123197992,691,"Wow, that escalated quickly."
690,1196,9,14,113,136,1.2352941176470589,0.04809587161956923,691,The power of cheese stinking outside the box.
691,1196,3,26,107,136,1.2352941176470589,0.040738410567967114,691,We gotta up our game.
832,1196,4,24,108,136,1.2352941176470589,0.04205413841083768,691,Is this the one that went to MIT?
3224,1196,4,24,108,136,1.2352941176470589,0.04205413841083768,691,He says Elon Musk had better cheese.
2991,1196,5,22,109,136,1.2352941176470589,0.04332993214109077,691,We don’t award points for creativity.
3100,1249,3,24,101,128,1.234375,0.04221414840770096,691,You think he's ready for the next rat race?
446,1250,4,25,112,141,1.2340425531914894,0.041057818564589114,691,Maybe we underestimated his intelligence.
1345,1251,4,24,109,137,1.2335766423357664,0.04178135975060226,691,"Well, technically he found it fastest."
1995,1251,5,22,110,137,1.2335766423357664,0.04304676793401593,691,This one took the placebo.
2214,1253,1,29,103,133,1.2330827067669172,0.038316144290870935,691,They’ve evolved.
2143,1253,1,29,103,133,1.2330827067669172,0.038316144290870935,691,"He's bending the rules. But you have to admit, he's progressing quite rapidly."
2138,1253,1,29,103,133,1.2330827067669172,0.038316144290870935,691,This adds a third dimension to our study. I’ll fix the spreadsheet.
2081,1253,5,21,107,133,1.2330827067669172,0.043861276537850824,691,That's 'cause he used to handle deliveries for Amazon.
2076,1253,7,17,109,133,1.2330827067669172,0.04638592364753896,691,They're learning.
2072,1253,3,25,105,133,1.2330827067669172,0.04118214718083957,691,If you give a mouse ‘an introduction to thermodynamics’
2048,1253,4,23,106,133,1.2330827067669172,0.04254280683002801,691,Subject exhibits remarkable improvement in attitude - not to mention altitude and airspeed.
2450,1253,4,23,106,133,1.2330827067669172,0.04254280683002801,691,"After a review of your subjects' test scores, we have to let you go. Not a simple maze completed."
1730,1253,3,25,105,133,1.2330827067669172,0.04118214718083957,691,She won’t even do the maze if it’s Brie.
1717,1253,2,27,104,133,1.2330827067669172,0.03977496800591531,691,The interns call him Elon Muskrat.
1708,1253,6,19,108,133,1.2330827067669172,0.045141253262205396,691,Natural selection?
1698,1253,1,29,103,133,1.2330827067669172,0.038316144290870935,691,It doesn't change the fact that the scientific method requires a negative hypothesis.
1452,1253,2,27,104,133,1.2330827067669172,0.03977496800591531,691,where did you say you got him from?
1349,1253,3,25,105,133,1.2330827067669172,0.04118214718083957,691,And that's just with half-dose.
1293,1253,3,25,105,133,1.2330827067669172,0.04118214718083957,691,We've lost control of our control group.”
1841,1253,4,23,106,133,1.2330827067669172,0.04254280683002801,691,At the Jet Propulsion Lab they learned about grilled cheese.
1868,1253,4,23,106,133,1.2330827067669172,0.04254280683002801,691,I think the brain study team will want to see this.
3655,1253,7,17,109,133,1.2330827067669172,0.04638592364753896,691,Onto the human trials...
3638,1253,4,23,106,133,1.2330827067669172,0.04254280683002801,691,"Aw, too bad. I like it when we stump ‘em."
2469,1253,5,21,107,133,1.2330827067669172,0.043861276537850824,691,"It is a new record, but he cheated!"
2515,1253,4,23,106,133,1.2330827067669172,0.04254280683002801,691,What's the reward now?
2719,1253,5,21,107,133,1.2330827067669172,0.043861276537850824,691,I'm not sure genetically enhanced rats was such a great idea!
1268,1253,4,23,106,133,1.2330827067669172,0.04254280683002801,691,I told you that the independent variable shouldn’t have been Mythbusters
2775,1253,3,25,105,133,1.2330827067669172,0.04118214718083957,691,I knew we shouldn't have played Elton John during the study.
2812,1253,4,23,106,133,1.2330827067669172,0.04254280683002801,691,I told you we shouldn’t use NASA’s leftover mice.
2242,1253,4,23,106,133,1.2330827067669172,0.04254280683002801,691,"As long as this mouse doesn't explode, the Pfizer backpack should be ready for human trials."
2815,1253,3,25,105,133,1.2330827067669172,0.04118214718083957,691,Do you think that's cheating?
2843,1253,4,23,106,133,1.2330827067669172,0.04254280683002801,691,"We are similar species after all, it was just a matter of time."
2914,1253,6,19,108,133,1.2330827067669172,0.045141253262205396,691,His other startup bores the holes into the cheese.
2917,1253,3,25,105,133,1.2330827067669172,0.04118214718083957,691,"The Institutional Review Board has requested more information about our research protocol."""
2967,1253,3,25,105,133,1.2330827067669172,0.04118214718083957,691,She knows how to get to it.  The problem is she hates limburger.
3162,1253,3,25,105,133,1.2330827067669172,0.04118214718083957,691,Do you still think the world will beat a path to our lab now?
3185,1253,2,27,104,133,1.2330827067669172,0.03977496800591531,691,At least I am tenured.
3194,1253,5,21,107,133,1.2330827067669172,0.043861276537850824,691,I see now why you named him ‘Elon.’
3307,1253,2,27,104,133,1.2330827067669172,0.03977496800591531,691,His resume claims he used to deliver packages for Amazon.
3355,1253,6,19,108,133,1.2330827067669172,0.045141253262205396,691,It would appear that the key to Evolution is upgrading the cheese.
2264,1253,5,21,107,133,1.2330827067669172,0.043861276537850824,691,"Looks like Bob read ""Who Moved My Cheese"" to the mice again last night."
1238,1253,2,27,104,133,1.2330827067669172,0.03977496800591531,691,"Say what you will,but he remembered where to find the cheese."
2852,1253,4,23,106,133,1.2330827067669172,0.04254280683002801,691,He’s only hurting himself by cheating..
1116,1253,7,17,109,133,1.2330827067669172,0.04638592364753896,691,"Ok, now that we’ve successfully trained a rat to use a jet pack, tell me again how this will benefit man-kind?"
1172,1253,3,25,105,133,1.2330827067669172,0.04118214718083957,691,I'm surprised the group with goggles is doing so well!
94,1253,4,23,106,133,1.2330827067669172,0.04254280683002801,691,"| heard once you should dress | for the job you want and not |  the job you have, so...”"
196,1253,4,23,106,133,1.2330827067669172,0.04254280683002801,691,"Rough day, huh?"
381,1253,6,19,108,133,1.2330827067669172,0.045141253262205396,691,Watching Mandalorian has really affected this one.
559,1253,3,25,105,133,1.2330827067669172,0.04118214718083957,691,If this succeeds it could really kill the maze business!
578,1253,3,25,105,133,1.2330827067669172,0.04118214718083957,691,It's on his bucket list.
600,1253,4,23,106,133,1.2330827067669172,0.04254280683002801,691,I certainly hope it isn't from the control group.
604,1253,4,23,106,133,1.2330827067669172,0.04254280683002801,691,Do you think the report should at least footnote that we reduced the jet thrust?
304,1253,2,27,104,133,1.2330827067669172,0.03977496800591531,691,Can we go back to building better traps now?
692,1253,3,25,105,133,1.2330827067669172,0.04118214718083957,691,He's got a thing for smoked Swiss.
842,1253,4,23,106,133,1.2330827067669172,0.04254280683002801,691,I try to ignore him but he just keeps mocking me.
885,1253,6,19,108,133,1.2330827067669172,0.045141253262205396,691,Where did he find goggles that small?
912,1253,3,25,105,133,1.2330827067669172,0.04118214718083957,691,Who gave him the helmet?
943,1253,6,19,108,133,1.2330827067669172,0.045141253262205396,691,No wonder Mickey didn't want the job!
951,1253,3,25,105,133,1.2330827067669172,0.04118214718083957,691,"Well, Bob did say to think outside the box."
649,1253,5,21,107,133,1.2330827067669172,0.043861276537850824,691,I thought I warned you about buying rats from 5-star restaurants
1023,1253,4,23,106,133,1.2330827067669172,0.04254280683002801,691,Now we know why Swiss cheese has holes
625,1310,3,24,102,129,1.2325581395348837,0.04192501483097662,691,I think we underestimated the female rats.
3314,1310,2,26,101,129,1.2325581395348837,0.040454701056488566,691,"RatBond: “The Quantum of Cheddar”,  I’ve written a great script."
763,1312,3,26,109,138,1.2318840579710144,0.040217665300038834,691,"These rats are from the upper east side, let's use brie."
1388,1312,2,28,108,138,1.2318840579710144,0.03888025307773796,691,He calls himself Elon Mouse.
330,1314,2,27,105,134,1.2313432835820894,0.039515326330159174,691,We’re going to need a peer review.
351,1314,4,23,107,134,1.2313432835820894,0.04225994221774406,691,This will take the replication crisis to a whole new level.
577,1314,3,25,106,134,1.2313432835820894,0.0409106571153901,691,This one thinks out of the box.
3654,1314,3,25,106,134,1.2313432835820894,0.0409106571153901,691,At least we now know who has been stealing the lab's rocket fuel.
1517,1314,5,21,108,134,1.2313432835820894,0.043567459954432904,691,"Ok, let's stop here and talk to the dolphins first."
1993,1314,4,23,107,134,1.2313432835820894,0.04225994221774406,691,Subject seems to have used other methods of solving the maze..
2088,1314,5,21,108,134,1.2313432835820894,0.043567459954432904,691,"Despite our efforts to disrupt it, their jet propulsion program has reached beta testing."
2209,1314,4,23,107,134,1.2313432835820894,0.04225994221774406,691,He makes a delicious queso
2323,1314,3,25,106,134,1.2313432835820894,0.0409106571153901,691,Trump wants to weaponize Pizza Rat.
1507,1314,2,27,105,134,1.2313432835820894,0.039515326330159174,691,"Okay, no more French cheeses."
2012,1314,2,27,105,134,1.2313432835820894,0.039515326330159174,691,"Quick, get the copyright on ""jet-pack-lab-rat""..."
1110,1314,6,19,109,134,1.2313432835820894,0.044836864492459355,691,"Go get the Parmesan.  Wait, no...the Parmigiano-Reggiano."
3215,1326,5,27,128,160,1.23125,0.038873560358790825,691,Another failure. Over ten minutes and it still isn't at the cheese.
2864,1327,5,21,109,135,1.2296296296296296,0.043277474829418086,691,I don't think we can allow them to play video games anymore
944,1328,5,20,106,131,1.2290076335877862,0.04410642855716718,691,"At least they get free healthcare out of these trials."""
2960,1328,2,26,103,131,1.2290076335877862,0.03991312570796216,691,"It’s progress, but it’s no hoverboard."
503,1328,4,22,105,131,1.2290076335877862,0.04275438255865931,691,He knows where the cheese is.  He just wanted a faster way to get to it.
553,1328,4,22,105,131,1.2290076335877862,0.04275438255865931,691,"The results are clear, your intelligence potion does not improve maze performance."
611,1328,6,18,107,131,1.2290076335877862,0.04541824360501837,691,"Life, uh, finds a way."
3164,1328,3,24,104,131,1.2290076335877862,0.041358160209031186,691,We may need to revise the grades beyond pass/fail.
732,1328,4,22,105,131,1.2290076335877862,0.04275438255865931,691,We need to pump the brakes on the Marvel movies.
826,1328,5,20,106,131,1.2290076335877862,0.04410642855716718,691,Dairy intolerant I'm afraid.
2570,1328,4,22,105,131,1.2290076335877862,0.04275438255865931,691,"Okay fine, honey. I’m sorry I said your animal behavior research isn’t rocket science."
1187,1328,2,26,103,131,1.2290076335877862,0.03991312570796216,691,Yeh....show me the cheese!
1400,1328,3,24,104,131,1.2290076335877862,0.041358160209031186,691,Now I see why you named him Elon Mouse.
1595,1328,6,18,107,131,1.2290076335877862,0.04541824360501837,691,I told you he was an over-a-cheeser.
1732,1328,2,26,103,131,1.2290076335877862,0.03991312570796216,691,"I think this one wants a scholarship"""
753,1328,2,26,103,131,1.2290076335877862,0.03991312570796216,691,Did you use gruyere this time?
1859,1328,4,22,105,131,1.2290076335877862,0.04275438255865931,691,"We're researchers, not referees - so what if they cheat?"
3175,1328,3,24,104,131,1.2290076335877862,0.041358160209031186,691,We made no progress on our cancer research but we did build this adorable jet pack
3223,1328,4,22,105,131,1.2290076335877862,0.04275438255865931,691,Do you see the glasses too?
3606,1328,5,20,106,131,1.2290076335877862,0.04410642855716718,691,Oh great...that's ruined the experiment and now we've learnt nothing.
3469,1328,6,18,107,131,1.2290076335877862,0.04541824360501837,691,She says she’s Mouse;: Minnie Mouse.
2283,1328,5,20,106,131,1.2290076335877862,0.04410642855716718,691,Call Malcom Gladwell.
3391,1328,3,24,104,131,1.2290076335877862,0.041358160209031186,691,Get better cheese – she only took the wine.
344,1349,7,21,125,153,1.2287581699346406,0.041984578747553784,691,This is the mouse we injected with the Chuck Norris strain.
2826,1350,2,27,107,136,1.2279411764705883,0.03900576987192144,691,He goes by Elon Mouse.
596,1351,5,20,107,132,1.2272727272727273,0.04380538243518159,691,You see? Circumvention is human nature.
597,1351,4,22,106,132,1.2272727272727273,0.042464704276476285,691,"Ok, now let's put the roof on."
1344,1351,3,24,105,132,1.2272727272727273,0.04108029562070666,691,"Have the test subjects demonstrated any additional human-like capacities, such as for vengeance?"
2395,1351,5,20,107,132,1.2272727272727273,0.04380538243518159,691,"Well, if nothing else, we've proven that necessity really is the mother of invention."
2693,1351,4,22,106,132,1.2272727272727273,0.042464704276476285,691,What we get for accepting a NASA grant.
2805,1351,5,20,107,132,1.2272727272727273,0.04380538243518159,691,This should boost our chances for that Amazon research grant.
2959,1351,8,14,110,132,1.2272727272727273,0.04760139486721281,691,Now that's REALLY thinking out of the maze
1151,1351,3,24,105,132,1.2272727272727273,0.04108029562070666,691,It says the maze endowment ran out in 1974.
557,1359,1,27,100,128,1.2265625,0.03876609989073171,691,I think our days here are numbered.
545,1359,4,21,103,128,1.2265625,0.04326551731953711,691,"Not funny, Ralph. Now take off that silly costume."
1351,1359,3,23,102,128,1.2265625,0.04181953482362248,691,Game changer!
894,1359,2,25,101,128,1.2265625,0.040321731073965326,691,"Dr. Bleetstein, this looks to be the sign of an elevated intellect."
1260,1359,4,21,103,128,1.2265625,0.04326551731953711,691,Didn't I say there'd be trouble if we let Peabody from Aeronautics recommend interns for us?
1209,1359,6,17,105,128,1.2265625,0.046021386127029565,691,So much for training him to run the maze.
1037,1359,5,19,104,128,1.2265625,0.04466471185388032,691,"This one has a ""Jetsons"" disorder."
996,1359,2,25,101,128,1.2265625,0.040321731073965326,691,This Millennial strain of rat seeks instant gratification.
970,1359,3,23,102,128,1.2265625,0.04181953482362248,691,I’m thinking Algernon just one-upped Charlie.
1681,1359,7,15,106,128,1.2265625,0.047339195991441825,691,I just asked him if he had any other smart ideas.
2221,1359,4,21,103,128,1.2265625,0.04326551731953711,691,"Until he sticks that landing, we’ll never know if we succeeded in making him lactose intolerant."
2336,1359,1,27,100,128,1.2265625,0.03876609989073171,691,For the love of cheeses!
871,1359,3,23,102,128,1.2265625,0.04181953482362248,691,I blame You-Tube
2430,1359,5,19,104,128,1.2265625,0.04466471185388032,691,When you give a mouse a cookie...
2546,1359,3,23,102,128,1.2265625,0.04181953482362248,691,You can ignore outfliers.
2605,1359,3,23,102,128,1.2265625,0.04181953482362248,691,Did you get these mice from NASA?
2712,1359,2,25,101,128,1.2265625,0.040321731073965326,691,"Maybe we should have set some guidelines?"""
2957,1359,3,23,102,128,1.2265625,0.04181953482362248,691,"I'll never accept funding from AARP again,"
3555,1359,2,25,101,128,1.2265625,0.040321731073965326,691,What did you expect? When you give a mouse venture capital...
3567,1359,3,23,102,128,1.2265625,0.04181953482362248,691,He says he ordered the whole charcuterie.
947,1359,2,25,101,128,1.2265625,0.040321731073965326,691,I didn't even know they made helmets that small.
1677,1359,4,21,103,128,1.2265625,0.04326551731953711,691,"What a shame, Rosco failed to run the course. I thought he had promise."
2544,1359,6,17,105,128,1.2265625,0.046021386127029565,691,This could be a new record.
411,1359,2,25,101,128,1.2265625,0.040321731073965326,691,"Janet, pass me my iPhone. This will go viral."
428,1359,3,23,102,128,1.2265625,0.04181953482362248,691,"His great, great grandfather was the pioneer mazer.  Just let him fly, get his cheese, and leave it out of the report."
269,1359,4,21,103,128,1.2265625,0.04326551731953711,691,Enjoy your launch break.
155,1359,2,25,101,128,1.2265625,0.040321731073965326,691,"To the moon, Alice"
320,1359,3,23,102,128,1.2265625,0.04181953482362248,691,What exactly did you put in the cheese?
2289,1387,6,21,119,146,1.226027397260274,0.04211075657243671,691,We exclude the outliers.
453,1388,5,18,102,125,1.224,0.045243427610377675,691,"But he still didn’t actually memorize the maze, so he gets an F. That should discourage the others from cheating."
1674,1388,2,24,99,125,1.224,0.04074151405804571,691,Told you.
3180,1388,4,20,101,125,1.224,0.04379424030475889,691,Dock 2 points for recklessness and disregarding lab emissions requirements.
1723,1391,3,22,101,126,1.2222222222222223,0.0419960525565808,691,That proves his IQ is over 120.  We can't use him in any other experiments.  Put him back in the sewer.
2474,1391,2,24,100,126,1.2222222222222223,0.04045595510367997,691,He's from Mouse Team 6?
1467,1391,3,22,101,126,1.2222222222222223,0.0419960525565808,691,What are we doing wrong? Why can't they invent hoverboards?
1463,1391,2,24,100,126,1.2222222222222223,0.04045595510367997,691,This is the one they call 'Elon Mouse'
1835,1391,4,20,102,126,1.2222222222222223,0.04348163471305125,691,"But is he really _thinking_ Dana, that's the question"
1886,1391,2,24,100,126,1.2222222222222223,0.04045595510367997,691,"Nothing special, just a fight or flight response."
2036,1391,0,28,98,126,1.2222222222222223,0.037184890068181126,691,We increased her research budget this quarter.
2095,1391,2,24,100,126,1.2222222222222223,0.04045595510367997,691,She actually came to us from Amazon's lab.
1218,1391,2,24,100,126,1.2222222222222223,0.04045595510367997,691,Now does he go for the Swiss or salvation?
1829,1391,3,22,101,126,1.2222222222222223,0.0419960525565808,691,The scary part is his fleas told him how to make it.
2521,1391,2,24,100,126,1.2222222222222223,0.04045595510367997,691,Think we'll have to penalize him for going off course.
2536,1391,3,22,101,126,1.2222222222222223,0.0419960525565808,691,"He can launch, but he can't cut the cheese.  Not exactly amazing."
2690,1391,1,26,99,126,1.2222222222222223,0.03885486039566791,691,The third time’s the cheese.
2770,1391,4,20,102,126,1.2222222222222223,0.04348163471305125,691,I think he's the one that was gnawing on the Physics Textbook.
2783,1391,4,20,102,126,1.2222222222222223,0.04348163471305125,691,Ras in crise
2796,1391,6,16,104,126,1.2222222222222223,0.04631005086682023,691,You should never have named him Geronimo.
2807,1391,4,20,102,126,1.2222222222222223,0.04348163471305125,691,You agreed to not give him an HOV lane
2822,1391,3,22,101,126,1.2222222222222223,0.0419960525565808,691,So far he's the only one who thought outside the box!
3212,1391,5,18,103,126,1.2222222222222223,0.044918110871933946,691,I told you not to name him MacGyver.
3341,1391,5,18,103,126,1.2222222222222223,0.044918110871933946,691,I have no answer for this.
3354,1391,2,24,100,126,1.2222222222222223,0.04045595510367997,691,Too bad he's lactose intolerant.
3398,1391,6,16,104,126,1.2222222222222223,0.04631005086682023,691,This beats carrying a slice of pizza down subway stairs.
3502,1391,4,20,102,126,1.2222222222222223,0.04348163471305125,691,He’s part of the test group that watched Iron Man.
3525,1391,5,18,103,126,1.2222222222222223,0.044918110871933946,691,"Well, we are studying evolution, after all."
3540,1391,5,18,103,126,1.2222222222222223,0.044918110871933946,691,Don't be too impressed. It's no flying car.
3640,1391,4,20,102,126,1.2222222222222223,0.04348163471305125,691,The brain serum seems to work better since we added cheese to the equation.
941,1391,2,24,100,126,1.2222222222222223,0.04045595510367997,691,We are testing a prototype for Amazon
870,1391,0,28,98,126,1.2222222222222223,0.037184890068181126,691,Better dial back the NZT.
2103,1391,2,24,100,126,1.2222222222222223,0.04045595510367997,691,This participant was funded by Elon Musk.
410,1391,6,16,104,126,1.2222222222222223,0.04631005086682023,691,I can retire now.  They finally solved the maze.
814,1391,5,18,103,126,1.2222222222222223,0.044918110871933946,691,next time we’ll see what the little fucker does when we put his ass in the dishwasher — try to MacGyver your way out of that one you little shit
310,1391,3,22,101,126,1.2222222222222223,0.0419960525565808,691,I think we’re taking this 3 blind mice thing a little too seriously !
336,1391,2,24,100,126,1.2222222222222223,0.04045595510367997,691,"I think it's learned to ""think outside the box""."
3368,1391,4,26,123,153,1.2222222222222223,0.03848505245308902,691,It's not the vertical mouse I asked for.
376,1391,3,22,101,126,1.2222222222222223,0.0419960525565808,691,I see he's learned how to think outside the box.
337,1391,6,16,104,126,1.2222222222222223,0.04631005086682023,691,So does this mean we can go home now?
388,1391,3,22,101,126,1.2222222222222223,0.0419960525565808,691,Research shows that making the wall into a maze won't work either.
2255,1428,3,27,119,149,1.221476510067114,0.03790930873447808,691,"Yeah the human race is doomed, but on the plus side his results are off the charts"
1958,1429,2,25,104,131,1.2213740458015268,0.03950675977134783,691,I guess that's one way to get the cheese...
421,1429,5,19,107,131,1.2213740458015268,0.043739038671647655,691,"Does he know what comes next?"""
2535,1431,4,22,110,136,1.2205882352941178,0.04134342127394495,691,So the space rats came in with their own equipment?
2386,1431,5,20,111,136,1.2205882352941178,0.04264048480620878,691,Suicidal.  Lactose and gluten intolerant.
1908,1433,2,24,101,127,1.220472440944882,0.04017426392494601,691,He transferred from the aerospace program.
1126,1433,2,24,101,127,1.220472440944882,0.04017426392494601,691,"Rat pack"" has a certain swing to it"
565,1433,1,26,100,127,1.220472440944882,0.03858739567473215,691,The rat did really think outside the box
2823,1433,5,18,104,127,1.220472440944882,0.04459736105163467,691,That's cheating - don't record it.
2661,1433,3,22,102,127,1.220472440944882,0.04170078966715258,691,We didn't anticipate he'd invent the Rat Jet Pack
241,1433,4,20,103,127,1.220472440944882,0.043173374153718636,691,Sharon and I broke up. I told her I needed some space.
796,1439,9,13,119,141,1.2198581560283688,0.04622770672939547,691,Kill them all. Destroy your notes. The world must never know.
3406,1439,4,23,114,141,1.2198581560283688,0.04037840086593826,691,Looks like the treatment worked.
2321,1441,5,17,101,123,1.2195121951219512,0.04550512530337219,691,"You know, we got rid of natural selection a while back."
2369,1441,3,21,99,123,1.2195121951219512,0.042475362108238664,691,"In hindsight, we probably shouldn't have lined the cage with an Elon Musk essay."
2498,1441,1,25,97,123,1.2195121951219512,0.039212196362565434,691,We got fooled again...
2296,1441,7,13,103,123,1.2195121951219512,0.048345387282813346,691,"If our research  is correct, it clearly shows Swiss cheese is brain food."
2292,1441,2,23,98,123,1.2195121951219512,0.040876354594082794,691,Have we tried cheddar yet?
2215,1441,8,11,104,123,1.2195121951219512,0.04970469286546306,691,"No, still no signs of flight shame."
2147,1441,2,23,98,123,1.2195121951219512,0.040876354594082794,691,"Marry me, and take me away from this rat race."
2102,1441,4,19,100,123,1.2195121951219512,0.04401631978653827,691,I think Mr. Bezos will like these results.
2085,1441,4,19,100,123,1.2195121951219512,0.04401631978653827,691,Whatever happened to our luddite rats?
2054,1441,3,21,99,123,1.2195121951219512,0.042475362108238664,691,I still think this round of tests on the effects of  GMO cheese are  not 100% conclusive.
2001,1441,3,21,99,123,1.2195121951219512,0.042475362108238664,691,"He said he needed to have ""the big picture""."
1850,1441,4,19,100,123,1.2195121951219512,0.04401631978653827,691,‘We call this experiment A Few Good Mice and Men.”
1817,1441,6,15,102,123,1.2195121951219512,0.04694674057057004,691,"As impressive as that is, it kind of defeats the purpose.  Don't you think?"""
1756,1441,6,15,102,123,1.2195121951219512,0.04694674057057004,691,He's sponsored by Elon Musk.
1729,1441,4,19,100,123,1.2195121951219512,0.04401631978653827,691,"These mice were smart to start with, but now it looks like they've gotten into technology."
2301,1441,6,15,102,123,1.2195121951219512,0.04694674057057004,691,"I told you to order the new mice from the Genetic Testing Lab, not the Jet Propulsion Lab."
2527,1441,4,19,100,123,1.2195121951219512,0.04401631978653827,691,There's nothing to explain once we label it as experimental error.
2889,1441,3,21,99,123,1.2195121951219512,0.042475362108238664,691,"Generation Y, they were born with technology in their hands."
2683,1441,3,21,99,123,1.2195121951219512,0.042475362108238664,691,At least it's not using a drone.
3028,1441,7,13,103,123,1.2195121951219512,0.048345387282813346,691,Maybe we should go back to the Gen-X rats. These millennials don't like to follow the rules.
2962,1441,2,23,98,123,1.2195121951219512,0.040876354594082794,691,This one is from the Upper East Side.
3174,1441,2,23,98,123,1.2195121951219512,0.040876354594082794,691,"'He sure has trained us."""
2834,1441,6,15,102,123,1.2195121951219512,0.04694674057057004,691,"Martha, does my coat make me look frumpy?"
3304,1441,2,23,98,123,1.2195121951219512,0.040876354594082794,691,There’s nothing on the checklist for creative technology
3396,1441,7,13,103,123,1.2195121951219512,0.048345387282813346,691,I agree he cheated but I am clueless about how to log this into our research results.  Wait ... it's like HE is testing US!
2754,1441,4,19,100,123,1.2195121951219512,0.04401631978653827,691,Did you grab one of the gene-editted ones?
3401,1441,3,21,99,123,1.2195121951219512,0.042475362108238664,691,Fascinating.  I did not see that coming.
1711,1441,3,21,99,123,1.2195121951219512,0.042475362108238664,691,Maybe some crackers?
3417,1441,6,15,102,123,1.2195121951219512,0.04694674057057004,691,We're going to need a lot more cheese!
3508,1441,2,23,98,123,1.2195121951219512,0.040876354594082794,691,"I guess it is Limburger."""
3518,1441,5,17,101,123,1.2195121951219512,0.04550512530337219,691,Actually he knows how to solve the maze.   The jump pack is just to make the fondue.
3524,1441,1,25,97,123,1.2195121951219512,0.039212196362565434,691,He insists on diet and exercise.
3560,1441,4,19,100,123,1.2195121951219512,0.04401631978653827,691,So that's what happened to the missing drone kit!
2912,1441,3,21,99,123,1.2195121951219512,0.042475362108238664,691,"And we've been spending all of time 
trying to build a better mousetrap."
2589,1441,6,15,102,123,1.2195121951219512,0.04694674057057004,691,"He thinks he's here to be a contestant on ""The Amazing Race""."
1656,1441,3,21,99,123,1.2195121951219512,0.042475362108238664,691,Why didn’t we think of that?
2636,1441,5,17,101,123,1.2195121951219512,0.04550512530337219,691,Give him an A++ for effort.
1598,1441,3,21,99,123,1.2195121951219512,0.042475362108238664,691,Looks like we are finally able to prove that the cheese stands alone!
1604,1441,6,15,102,123,1.2195121951219512,0.04694674057057004,691,"Yes, I'm sure you build great walls, but I just don't see how that will solve the problem..."
278,1441,2,23,98,123,1.2195121951219512,0.040876354594082794,691,I told him that this could be the game changer. Do you agre?
406,1441,3,21,99,123,1.2195121951219512,0.042475362108238664,691,Don't you think it would be better to start them at the OTHER end?
483,1441,3,21,99,123,1.2195121951219512,0.042475362108238664,691,It’s unbelievable! I can’t believe he didn’t cite your 2016 paper on rocket propulsion.
487,1441,4,19,100,123,1.2195121951219512,0.04401631978653827,691,He always insists on doing cardio first.
551,1441,3,21,99,123,1.2195121951219512,0.042475362108238664,691,"Well, we did hear he wants to transfer to the NASA testing lab."
574,1441,5,17,101,123,1.2195121951219512,0.04550512530337219,691,If we could only figure out how he got the funding
730,1441,3,21,99,123,1.2195121951219512,0.042475362108238664,691,I didn't realize what an incentive 20 year old cheddar would be.
878,1441,1,25,97,123,1.2195121951219512,0.039212196362565434,691,"But then, it’s failing to complete the maze."
880,1441,6,15,102,123,1.2195121951219512,0.04694674057057004,691,I told you this would make him an asshole. It always does.
248,1441,7,13,103,123,1.2195121951219512,0.048345387282813346,691,"Darn it, | forgot the flag."
976,1441,5,17,101,123,1.2195121951219512,0.04550512530337219,691,He’s thinking out of the box!
1030,1441,4,19,100,123,1.2195121951219512,0.04401631978653827,691,"Thinking outside of the box, I'd say"
1097,1441,5,17,101,123,1.2195121951219512,0.04550512530337219,691,He keeps cheating!
1162,1441,5,17,101,123,1.2195121951219512,0.04550512530337219,691,He seems to be headed for the door.
1180,1441,3,21,99,123,1.2195121951219512,0.042475362108238664,691,He's one of the ones we got  from NASA...
1233,1441,3,21,99,123,1.2195121951219512,0.042475362108238664,691,I'm not sure how to grade this
1376,1441,2,23,98,123,1.2195121951219512,0.040876354594082794,691,This VR Set can not fool me enough!
972,1441,3,21,99,123,1.2195121951219512,0.042475362108238664,691,He’s been binge watching James Bond movies in his off hours.
2892,1498,5,18,105,128,1.21875,0.04428108477108411,691,American? No thank you!
2219,1499,5,17,102,124,1.217741935483871,0.045171358137465624,691,"I was going to name him Elon Mouse-k, but it felt too on the nose."
2199,1499,3,21,100,124,1.217741935483871,0.042168600982961026,691,Better send this one back to NASA.
1826,1499,4,19,101,124,1.217741935483871,0.043695780716468284,691,Well he left the cheese. Who wants a sandwich?
1338,1499,6,15,103,124,1.217741935483871,0.04660023540224536,691,How do we measure his intelligence if he's going to cheat.
3145,1499,6,15,103,124,1.217741935483871,0.04660023540224536,691,"Hmm...Not smart enough for the maze, but this they can do."
3160,1499,2,23,99,124,1.217741935483871,0.0405839939544974,691,We will throw this outlier data out.
3552,1499,1,25,98,124,1.217741935483871,0.038934948590401156,691,We may want to rethink those genetic modifications....
2708,1499,1,25,98,124,1.217741935483871,0.038934948590401156,691,Well this is going to skew the data. Let's put a roof on the maze and start again.
2571,1499,2,23,99,124,1.217741935483871,0.0405839939544974,691,"And believe it or not, he's fueling it with cheese."
1342,1508,3,25,115,143,1.2167832167832169,0.03861568458818178,691,Maybe next time you won’t doubt my hypothesis Carolyn.
2006,1509,4,18,98,120,1.2166666666666666,0.04456973469931287,691,Now we know how that equipment account got drained so quickly.
2236,1510,3,26,119,148,1.2162162162162162,0.03779710464758923,691,I think he was expecting a mild Brie.
2505,1510,2,28,118,148,1.2162162162162162,0.0365608049197987,691,Amazing difference using green cheese.
2537,1510,8,16,124,148,1.2162162162162162,0.043454164777694045,691,The last one headed straight for the moon. Go figure.
3123,1513,2,18,82,102,1.2156862745098038,0.04542226432881113,691,He' never tried this hard. I think he knows he's going to the medical study lab next week.
1423,1514,2,22,97,121,1.2148760330578512,0.04100428582425275,691,We have to stop getting our mice from DARPA.
1697,1514,2,22,97,121,1.2148760330578512,0.04100428582425275,691,He's definitely the brightest one in his cohort.
1834,1514,2,22,97,121,1.2148760330578512,0.04100428582425275,691,"I left for five minutes, came back and this one was hovering over the cheese!"
1384,1514,2,22,97,121,1.2148760330578512,0.04100428582425275,691,I guess this is the opposite of building a better mousetrap?
1880,1514,3,20,98,121,1.2148760330578512,0.0426508206578604,691,"Jokes on him.  We didn't use real cheese"""
1960,1514,3,20,98,121,1.2148760330578512,0.0426508206578604,691,"On the plus side, it looks like your intelligence enhancing cheese is a success!"
1914,1514,2,22,97,121,1.2148760330578512,0.04100428582425275,691,Everything evolves.
2105,1514,2,22,97,121,1.2148760330578512,0.04100428582425275,691,You said you had blocked their access to Amazon.
1845,1514,2,22,97,121,1.2148760330578512,0.04100428582425275,691,Maybe we shouldn't have used your weed-infused cheese?
2003,1514,5,16,100,121,1.2148760330578512,0.04576652266070564,691,He ordered it right after we took away his drone.
2534,1514,4,18,99,121,1.2148760330578512,0.04423611137544672,691,Elon is thinking outside the maze again.
2342,1514,4,18,99,121,1.2148760330578512,0.04423611137544672,691,"I don't know if this is what he meant when he said, ""double blind""."
3562,1514,2,22,97,121,1.2148760330578512,0.04100428582425275,691,We really should have thought out giving them access to Amazon Prime.
3343,1514,2,22,97,121,1.2148760330578512,0.04100428582425275,691,He actually already had a patent pending for the Rat Pack when I got here.
3342,1514,4,18,99,121,1.2148760330578512,0.04423611137544672,691,I think you’ve come up with the right blend of ginkgo biloba to espresso.
3035,1514,2,22,97,121,1.2148760330578512,0.04100428582425275,691,Evolution. I guess...
2986,1514,2,22,97,121,1.2148760330578512,0.04100428582425275,691,This one’s going above and beyond.
2913,1514,2,22,97,121,1.2148760330578512,0.04100428582425275,691,How do I score THIS!?
2271,1514,3,20,98,121,1.2148760330578512,0.0426508206578604,691,"That's so Gen Z, am I right?"
2814,1514,3,20,98,121,1.2148760330578512,0.0426508206578604,691,Perhaps we shouldn’t have named him’Elon’.
2774,1514,2,22,97,121,1.2148760330578512,0.04100428582425275,691,"Well Linda, you said make the maze easier..."
2755,1514,5,16,100,121,1.2148760330578512,0.04576652266070564,691,The rats from Google Labs are  game changers.
2647,1514,2,22,97,121,1.2148760330578512,0.04100428582425275,691,Perhaps it was emboldened by the Chinese Lunar Year of The Rat calendar on the wall.
1300,1514,3,20,98,121,1.2148760330578512,0.0426508206578604,691,Darn Millenials.
2462,1514,2,22,97,121,1.2148760330578512,0.04100428582425275,691,I think he's hovering near a solution.
2422,1514,1,24,96,121,1.2148760330578512,0.0392888076826602,691,"Yes, but where did he fuel up?"
2781,1514,2,22,97,121,1.2148760330578512,0.04100428582425275,691,"Well, we could just fudge the data and say he built it himself."
1287,1514,6,14,101,121,1.2148760330578512,0.04724738768741441,691,Look's like your dosage made him too smart for his own gouda.
2614,1514,4,18,99,121,1.2148760330578512,0.04423611137544672,691,This mouse was donated by that actress in the college admissions scandal
1166,1514,1,24,96,121,1.2148760330578512,0.0392888076826602,691,"Doc, if i could suggest adding a roof to the design next time?"
1076,1514,3,20,98,121,1.2148760330578512,0.0426508206578604,691,"Yes, STEM really does work."
1047,1514,2,22,97,121,1.2148760330578512,0.04100428582425275,691,"So, I guess we can leave early for lunch today?"
1043,1514,0,26,95,121,1.2148760330578512,0.03749492448709696,691,Does it illustrate a natural tendency towards creative problem solving or is it our artisanal cheese choice is too motivational?
982,1514,4,18,99,121,1.2148760330578512,0.04423611137544672,691,I told you not to put them next to the jetpacks.
903,1514,5,16,100,121,1.2148760330578512,0.04576652266070564,691,Hire the handicapped they said
835,1514,6,14,101,121,1.2148760330578512,0.04724738768741441,691,Impressive. The assembly instructions are in pagalog.
798,1514,3,20,98,121,1.2148760330578512,0.0426508206578604,691,"Hey, the test rats deliver the package 90.6% of the time...except when it’s cheese!"
797,1514,1,24,96,121,1.2148760330578512,0.0392888076826602,691,"Well, he did have to learn to use the jet-pack first."
721,1514,1,24,96,121,1.2148760330578512,0.0392888076826602,691,I guess naming him Orville was a good call
518,1514,3,20,98,121,1.2148760330578512,0.0426508206578604,691,Naming him Elon Mousk was a mistake.
252,1514,4,18,99,121,1.2148760330578512,0.04423611137544672,691,Going down.
1235,1514,4,18,99,121,1.2148760330578512,0.04423611137544672,691,"Clearly, this is not her first rodeo."
2574,1556,3,21,102,126,1.2142857142857142,0.04156791017675276,691,Somehow he moved the cheese. I smell a rat!
1818,1557,3,19,95,117,1.2136752136752136,0.04348009532891287,691,Is this all you got done?
3086,1557,3,19,95,117,1.2136752136752136,0.04348009532891287,691,"Thirty years with JPL, and it has come to this."
2643,1559,1,24,97,122,1.2131147540983607,0.03900522303517854,691,I think we have to accept that we've been outsmarted by a mouse.
3547,1559,4,18,100,122,1.2131147540983607,0.043907361736680285,691,"It’s amazing what they can do with a water bottle, wheel, and cedar chips."
3311,1559,4,18,100,122,1.2131147540983607,0.043907361736680285,691,"He just hovers over it, his Carbon Footprint is high but is cholesterol is low."
1644,1559,0,26,96,122,1.2131147540983607,0.037228005951704314,691,"Yes, of course it skews the results."
1417,1559,6,14,102,122,1.2131147540983607,0.04689160274978323,691,Just think if our Elon applied himself to something constructive.
1175,1559,4,18,100,122,1.2131147540983607,0.043907361736680285,691,I'm sure it's just a phase.
1149,1559,1,24,97,122,1.2131147540983607,0.03900522303517854,691,"This isn't publishable,is it?"
612,1559,4,18,100,122,1.2131147540983607,0.043907361736680285,691,"""The smart ones focus on the journey not the designation."""
279,1559,5,16,101,122,1.2131147540983607,0.045423995988459524,691,"Must have escaped from a different lab, don't you think?"
180,1559,3,20,99,122,1.2131147540983607,0.04233643133037792,691,"Sir, I think you may have  misunderstood our courtesy shuttle system..."
3616,1559,2,22,98,122,1.2131147540983607,0.04070491887853253,691,But can it handle China's new surface-to-air mousetraps?
3618,1559,4,18,100,122,1.2131147540983607,0.043907361736680285,691,He’s Bonding.
3097,1571,3,19,96,118,1.2118644067796611,0.043148059304753364,691,You shouldn't have asked for same-day delivery.
3513,1571,3,19,96,118,1.2118644067796611,0.043148059304753364,691,We need to find another source for animals other than NASA.
1396,1571,3,19,96,118,1.2118644067796611,0.043148059304753364,691,"No more mice from Elon Musk, okay?"
2059,1571,1,23,94,118,1.2118644067796611,0.039648782055418656,691,He’s been watching The Big Bang Theory.
1585,1571,1,23,94,118,1.2118644067796611,0.039648782055418656,691,Swiss...why is it always Swiss?
1657,1571,1,23,94,118,1.2118644067796611,0.039648782055418656,691,"Which supplement did he get?"""
1669,1571,5,15,98,118,1.2118644067796611,0.046384093448669866,691,This will make Adderall worthless.
3374,1571,3,19,96,118,1.2118644067796611,0.043148059304753364,691,Rat with a jet pack is already trending...
1712,1571,3,19,96,118,1.2118644067796611,0.043148059304753364,691,We’re going to need a bigger maze budget.
1768,1571,5,15,98,118,1.2118644067796611,0.046384093448669866,691,He seems to like the virtual reality version better.
1779,1571,4,17,97,118,1.2118644067796611,0.04479530749320431,691,Should we accept that the end justifies the means?
2024,1571,2,21,95,118,1.2118644067796611,0.041435377036082355,691,I knew is would happen...we need a 3D maze
1996,1571,3,19,96,118,1.2118644067796611,0.043148059304753364,691,It’s confirmed—he’s a pack rat.
1881,1571,3,19,96,118,1.2118644067796611,0.043148059304753364,691,It wasn't supposed to be smart
1920,1571,5,15,98,118,1.2118644067796611,0.046384093448669866,691,"I don't know. He seemed fine, then he just said ""Fuck it"" and walked out of the maze."
1714,1571,3,19,96,118,1.2118644067796611,0.043148059304753364,691,Let’s not give that lab rat so much time in the lab.
1967,1571,2,21,95,118,1.2118644067796611,0.041435377036082355,691,Is that the overachiever?
2866,1571,4,17,97,118,1.2118644067796611,0.04479530749320431,691,He said that he wanted to think outside the box!
2929,1571,2,21,95,118,1.2118644067796611,0.041435377036082355,691,It appears the mouse has elevated his game.
2851,1571,4,17,97,118,1.2118644067796611,0.04479530749320431,691,We will need to observe social visits from friends and family members more closely.
2841,1571,3,19,96,118,1.2118644067796611,0.043148059304753364,691,"We’ll, there’s nothing in the rule book that forbids it’s use."
2831,1571,5,15,98,118,1.2118644067796611,0.046384093448669866,691,"Once again, Rocket Mouse seems to have the edge over the other subjects."
2692,1571,4,17,97,118,1.2118644067796611,0.04479530749320431,691,Now THAT'S thinking outside the box!
2634,1571,4,17,97,118,1.2118644067796611,0.04479530749320431,691,"As irresistibly charming as these clipboards are, next time we video-tape."
2630,1571,3,19,96,118,1.2118644067796611,0.043148059304753364,691,Time to re-evaluate our hypothesis.
2608,1571,3,19,96,118,1.2118644067796611,0.043148059304753364,691,"In this test, we’re dealing with it’s aversion to melted cheese."
2110,1571,4,17,97,118,1.2118644067796611,0.04479530749320431,691,I am surmising our experiment has been contaminated with the LSD trials.
2553,1571,3,19,96,118,1.2118644067796611,0.043148059304753364,691,I hate when he pulls this James Bond stuff.
2992,1571,2,21,95,118,1.2118644067796611,0.041435377036082355,691,All our hard work is taking off.
2458,1571,2,21,95,118,1.2118644067796611,0.041435377036082355,691,I TOLD you the virtual reality glasses were a bad idea!
3348,1571,1,23,94,118,1.2118644067796611,0.039648782055418656,691,They're evolving.
2261,1571,2,21,95,118,1.2118644067796611,0.041435377036082355,691,Well he’ll never have to worry about going hungry.
2122,1571,2,21,95,118,1.2118644067796611,0.041435377036082355,691,You say this one was sent over from NASA?
3047,1571,4,17,97,118,1.2118644067796611,0.04479530749320431,691,"You said ""Let's try the drones.""  Now look what's happened!"
1305,1571,5,15,98,118,1.2118644067796611,0.046384093448669866,691,That's not the half of it. It runs off droppings!
2487,1571,2,21,95,118,1.2118644067796611,0.041435377036082355,691,"Don't worry, rats are notoriously bad at aerodynamics."
1274,1571,1,23,94,118,1.2118644067796611,0.039648782055418656,691,What's the second-place prize?
527,1571,2,21,95,118,1.2118644067796611,0.041435377036082355,691,Relax...We  are going to win the anti-Nobel for most useless invention !
1165,1571,3,19,96,118,1.2118644067796611,0.043148059304753364,691,"I didn't expect this, Skinner. It's thinking outside the box."
3154,1571,1,23,94,118,1.2118644067796611,0.039648782055418656,691,We also need to build a better mousetrap.
1236,1571,7,11,100,118,1.2118644067796611,0.049408635159690094,691,What are we smoking?
79,1571,3,19,96,118,1.2118644067796611,0.043148059304753364,691,"And that’s when I told  my wife. Honey, I need some space"
216,1571,1,23,94,118,1.2118644067796611,0.039648782055418656,691,Walking in the club like excuse me sir
253,1571,4,17,97,118,1.2118644067796611,0.04479530749320431,691,All the best for the SpaceX demo Mr.Musk!
262,1571,3,19,96,118,1.2118644067796611,0.043148059304753364,691,"I am not sure if this is enough but this is the highest we can  go, sir"
298,1571,4,17,97,118,1.2118644067796611,0.04479530749320431,691,Whoa! What the hell? That's not Gouda!
420,1571,4,17,97,118,1.2118644067796611,0.04479530749320431,691,Great.  Now they'll ALL want one.
534,1571,3,19,96,118,1.2118644067796611,0.043148059304753364,691,Can we both agree to never mention this to the IRB?
3313,1571,4,17,97,118,1.2118644067796611,0.04479530749320431,691,We should probably dial back the Red Bull dosage.
634,1571,3,19,96,118,1.2118644067796611,0.043148059304753364,691,"Yea, but how does this improve his cognitive skills?"
3516,1571,3,19,96,118,1.2118644067796611,0.043148059304753364,691,I'm hungry.
697,1571,2,21,95,118,1.2118644067796611,0.041435377036082355,691,The force is strong with this one but he's really going to skew our results.
705,1571,3,19,96,118,1.2118644067796611,0.043148059304753364,691,"In his defense, Burns said often, not always."
725,1571,4,17,97,118,1.2118644067796611,0.04479530749320431,691,"Time to harvest that sweet, sweet adrenochrome."
741,1571,2,21,95,118,1.2118644067796611,0.041435377036082355,691,"He can fly now, that's why we keep the door closed."
937,1571,4,17,97,118,1.2118644067796611,0.04479530749320431,691,These millennnial mice are a pain in the ass.
959,1571,2,21,95,118,1.2118644067796611,0.041435377036082355,691,Andy Kaufman could have a field day with this.
542,1571,4,17,97,118,1.2118644067796611,0.04479530749320431,691,Jesus Christ that's Jason Bourne.
2676,1629,1,24,98,123,1.2113821138211383,0.038725587590846496,691,I think the jet pack is almost ready for Shark Tank!
1912,1630,3,22,108,133,1.2105263157894737,0.04001115072838613,691,"Hmm, kinda makes me feel dumb."
2106,1630,3,22,108,133,1.2105263157894737,0.04001115072838613,691,He tried a zip line.
2471,1632,2,21,96,119,1.2100840336134453,0.041124261655553385,691,We didn't control for that
3262,1632,2,21,96,119,1.2100840336134453,0.041124261655553385,691,Did you leave the Amazon app open on your phone?
3443,1632,1,23,95,119,1.2100840336134453,0.03935447933103889,691,"Sorry but I think it's too late to try to copyright ""The Rat Pack""."
2356,1632,2,21,96,119,1.2100840336134453,0.041124261655553385,691,"Under ""Male / Female"" it says ""All Male"""
2344,1632,4,17,98,119,1.2100840336134453,0.04445294819591745,691,"I'm titling my journal article, ""Mrs. Frisby and the Rats of NIMH: The Next Generation."""
338,1632,2,21,96,119,1.2100840336134453,0.041124261655553385,691,He bought it on Amazon
2063,1632,4,17,98,119,1.2100840336134453,0.04445294819591745,691,Weird. That subject is from the control group.
1800,1632,2,21,96,119,1.2100840336134453,0.041124261655553385,691,Do they get extra points for thinking out of the box?
1744,1632,2,21,96,119,1.2100840336134453,0.041124261655553385,691,Rat #007?
379,1632,5,15,99,119,1.2100840336134453,0.04602710567270303,691,He said it was a Christmas present
1592,1632,3,19,97,119,1.2100840336134453,0.0428209615727119,691,He is officially joining the new rat race.
881,1632,3,19,97,119,1.2100840336134453,0.0428209615727119,691,The white one is demanding his GPS.
397,1632,2,21,96,119,1.2100840336134453,0.041124261655553385,691,How come they got the jetpacks in 2020?
3241,1632,2,21,96,119,1.2100840336134453,0.041124261655553385,691,There are holes in your experiment.
3650,1632,4,17,98,119,1.2100840336134453,0.04445294819591745,691,That's amazing!I didn't know that they made jetpacks that small.
456,1632,3,19,97,119,1.2100840336134453,0.0428209615727119,691,We told it the moon was made of cheese.
954,1648,3,20,101,124,1.2096774193548387,0.04172109251328217,691,"Wait, it the goal to get the cheese or to get out of the maze?"
633,1649,1,23,96,120,1.2083333333333333,0.03906439654592997,691,"I take it Agent 006 1/2's training is progressing on schedule, Q?"
2177,1650,4,16,96,116,1.206896551724138,0.04501747350125653,691,We should have thought of that.
2280,1650,4,16,96,116,1.206896551724138,0.04501747350125653,691,I warned you not to watch MacGyver during your lunch breaks
2253,1650,3,18,95,116,1.206896551724138,0.043320294123598405,691,It’s a millennial mouse.
2252,1650,2,20,94,116,1.206896551724138,0.041553854760705604,691,It's a shame they defunded the state's Gifted & Talented Program.
2249,1650,0,24,92,116,1.206896551724138,0.037773969483114914,691,Make a note. No more lab rats on space missions.
2238,1650,4,16,96,116,1.206896551724138,0.04501747350125653,691,It's for a new speed dating app.
2217,1650,7,10,99,116,1.206896551724138,0.0497629182512452,691,We have named him Elon Mouse
2198,1650,3,18,95,116,1.206896551724138,0.043320294123598405,691,She says it's called a RAT PACK and she got it from Amazon.
2180,1650,2,20,94,116,1.206896551724138,0.041553854760705604,691,Now that’s a rat pack...
2170,1650,0,24,92,116,1.206896551724138,0.037773969483114914,691,Has the intern been in here again?
2141,1650,3,18,95,116,1.206896551724138,0.043320294123598405,691,Maybe we should stick with cheese and lose the Red bull.
2042,1650,2,20,94,116,1.206896551724138,0.041553854760705604,691,"Well, looks like the space program has been cut again."
2032,1650,2,20,94,116,1.206896551724138,0.041553854760705604,691,He's really flying through this one
2002,1650,2,20,94,116,1.206896551724138,0.041553854760705604,691,All that for a cracker?
1988,1650,0,24,92,116,1.206896551724138,0.037773969483114914,691,And yet he didn't even finish the maze.
1985,1650,4,16,96,116,1.206896551724138,0.04501747350125653,691,Did you notify the FAA about this flight?
1949,1650,3,18,95,116,1.206896551724138,0.043320294123598405,691,We've been underestimating them for years.
1942,1650,2,20,94,116,1.206896551724138,0.041553854760705604,691,Did you remember to attach his parachute?
1926,1650,4,16,96,116,1.206896551724138,0.04501747350125653,691,He used to work at a NASA facility.
1921,1650,4,16,96,116,1.206896551724138,0.04501747350125653,691,"It doesn't matter where we put the cheese or how we change the maze, he's always the fastest finisher."
1814,1650,1,22,93,116,1.206896551724138,0.03970891345771823,691,He’s cheating...
1797,1650,2,20,94,116,1.206896551724138,0.041553854760705604,691,"With Disney+, now everyone's looking for the next Marvel spin-off"
1766,1650,5,14,97,116,1.206896551724138,0.04665295229583647,691,"No surprise there, that's mouse 007."
1739,1650,4,16,96,116,1.206896551724138,0.04501747350125653,691,"They observed the changes the unearned advantage had caused the rat. Left  better situated than 99% of his kind, he chose a tasty treat over emptying the cages."
1724,1650,3,18,95,116,1.206896551724138,0.043320294123598405,691,"He technically  failed the test, but I would say the experiment was an astounding success!"
1715,1650,4,16,96,116,1.206896551724138,0.04501747350125653,691,"Gee, I'm hungry ..."
1710,1650,4,16,96,116,1.206896551724138,0.04501747350125653,691,Another vegan.
1680,1650,3,18,95,116,1.206896551724138,0.043320294123598405,691,Ok. We need a roof.
1637,1650,0,24,92,116,1.206896551724138,0.037773969483114914,691,We have to stop watching DYI...
2307,1650,1,22,93,116,1.206896551724138,0.03970891345771823,691,Imagine what they could do for brie instead of cheddar
2429,1650,4,16,96,116,1.206896551724138,0.04501747350125653,691,That’s the last time I’m buying mice from JPL!
2508,1650,5,14,97,116,1.206896551724138,0.04665295229583647,691,"well, it is good cheese."
1617,1650,3,18,95,116,1.206896551724138,0.043320294123598405,691,Is that allowed?
3658,1650,1,22,93,116,1.206896551724138,0.03970891345771823,691,The other three blind mice ran after the farmer's wife.
3657,1650,5,14,97,116,1.206896551724138,0.04665295229583647,691,Does this count as he found the cheese or not?
3642,1650,4,16,96,116,1.206896551724138,0.04501747350125653,691,Say hello to our new overlords
3557,1650,3,18,95,116,1.206896551724138,0.043320294123598405,691,The ways and means of maze and weans.
3531,1650,5,14,97,116,1.206896551724138,0.04665295229583647,691,Where'd he get the parts?
3484,1650,3,18,95,116,1.206896551724138,0.043320294123598405,691,At least it's not the drone again.
3459,1650,4,16,96,116,1.206896551724138,0.04501747350125653,691,Think of the cheese as tenure.
3453,1650,2,20,94,116,1.206896551724138,0.041553854760705604,691,"Now do you see why we call him ""The Brain?"""
3444,1650,2,20,94,116,1.206896551724138,0.041553854760705604,691,"Technology perfectly suited for humans, being that it’s less efficient and more expensive than walking, of course."
3420,1650,2,20,94,116,1.206896551724138,0.041553854760705604,691,We shouldn’t be surprised; it’s an imported Swiss.
3390,1650,4,16,96,116,1.206896551724138,0.04501747350125653,691,Must have gotten inspired by the Elton John biopic.
3364,1650,5,14,97,116,1.206896551724138,0.04665295229583647,691,Think of it as he's improving our odds for the next grant submission.
3338,1650,6,12,98,116,1.206896551724138,0.04823300732277486,691,I somehow doubt the world will beat a path to our door.
3279,1650,2,20,94,116,1.206896551724138,0.041553854760705604,691,"As long as he doesn't start vaping, I'll allow it."
3249,1650,1,22,93,116,1.206896551724138,0.03970891345771823,691,Well he didn't have breakfast...
3242,1650,2,20,94,116,1.206896551724138,0.041553854760705604,691,I think he's been gunning for my job...
3206,1650,5,14,97,116,1.206896551724138,0.04665295229583647,691,The scariest thing is that I think he also know who moved his cheese.
3201,1650,2,20,94,116,1.206896551724138,0.041553854760705604,691,We need to stop using rats from the early acceptance program.
3186,1650,4,16,96,116,1.206896551724138,0.04501747350125653,691,Now we need a 3-D maze!
3140,1650,4,16,96,116,1.206896551724138,0.04501747350125653,691,"Maybe Space Force could use mice, not men."
3127,1650,2,20,94,116,1.206896551724138,0.041553854760705604,691,Talk about taking the initiative.
2801,1650,2,20,94,116,1.206896551724138,0.041553854760705604,691,She's always been our top lab animal.
2787,1650,4,16,96,116,1.206896551724138,0.04501747350125653,691,I'm thinking it's going to invalidate the results of the study...
2729,1650,4,16,96,116,1.206896551724138,0.04501747350125653,691,Fuck. He found the cheese.
2728,1650,3,18,95,116,1.206896551724138,0.043320294123598405,691,"I have no idea who sent it. All the package said was:


To: Maze Lab 

From: Gene Modification 

Contents: One rat and control unit."
2724,1650,4,16,96,116,1.206896551724138,0.04501747350125653,691,He CLAIMS he’s lactose intolerant.
2615,1650,5,14,97,116,1.206896551724138,0.04665295229583647,691,Looks like Jerry is avoiding his problems again
2564,1650,2,20,94,116,1.206896551724138,0.041553854760705604,691,It looks impressive but he took 100 times longer than average to find the cheese. Progress?
2532,1650,6,12,98,116,1.206896551724138,0.04823300732277486,691,This one learned to think outside the box.
2503,1650,2,20,94,116,1.206896551724138,0.041553854760705604,691,This certainly supports my theory that vegans think out of the box.
1613,1650,3,18,95,116,1.206896551724138,0.043320294123598405,691,"Gracy, it isn't too late to stop this madness..."
1793,1650,2,20,94,116,1.206896551724138,0.041553854760705604,691,It didn't work.
291,1650,2,20,94,116,1.206896551724138,0.041553854760705604,691,We're going to need more cheese.
685,1650,2,20,94,116,1.206896551724138,0.041553854760705604,691,That one says he's lactose intolerant...
676,1650,4,16,96,116,1.206896551724138,0.04501747350125653,691,You know right away which ones have the Rat Stuff.
663,1650,3,18,95,116,1.206896551724138,0.043320294123598405,691,He's hovering over the ultimate choice: 'grill or don't grill?'
662,1650,2,20,94,116,1.206896551724138,0.041553854760705604,691,Turns out he's lactose intolerant.
657,1650,3,18,95,116,1.206896551724138,0.043320294123598405,691,Anything for the cheeeeeese.....
581,1650,2,20,94,116,1.206896551724138,0.041553854760705604,691,Did you say that was jarlsberg?
556,1650,4,16,96,116,1.206896551724138,0.04501747350125653,691,I don't have one of those.
541,1650,2,20,94,116,1.206896551724138,0.041553854760705604,691,"It clearly shows remarkable intelligence, but is it commercially feasible?"
493,1650,2,20,94,116,1.206896551724138,0.041553854760705604,691,"Well, that's new!"
490,1650,3,18,95,116,1.206896551724138,0.043320294123598405,691,"We've been able to make great progress with the rats, but I think humans have become too easily distracted to safely operate it."
437,1650,2,20,94,116,1.206896551724138,0.041553854760705604,691,What a shame. Poor little guy doesn't realize it's processed American cheese.
371,1650,3,18,95,116,1.206896551724138,0.043320294123598405,691,All I did was make him watch Thunderball.
359,1650,4,16,96,116,1.206896551724138,0.04501747350125653,691,I named him Musk Mouse.
348,1650,4,16,96,116,1.206896551724138,0.04501747350125653,691,You were the one that told him he could have the cheese 'when guinea pigs fly'...
331,1650,1,22,93,116,1.206896551724138,0.03970891345771823,691,He's beating us at our own game.
292,1650,1,22,93,116,1.206896551724138,0.03970891345771823,691,Is there a ‘superior innovational abilities’ column on your clipboard?
1565,1650,3,18,95,116,1.206896551724138,0.043320294123598405,691,"Yeah, it's a breakthrough - but it's still cheating."
283,1650,1,22,93,116,1.206896551724138,0.03970891345771823,691,Makes you wonder if the results are skewed.
254,1650,1,22,93,116,1.206896551724138,0.03970891345771823,691,This iSait4 he
689,1650,3,18,95,116,1.206896551724138,0.043320294123598405,691,I guess they are learning...
700,1650,2,20,94,116,1.206896551724138,0.041553854760705604,691,Elon Musk will be pleased.
582,1650,1,22,93,116,1.206896551724138,0.03970891345771823,691,I think a mouse knows to turn the corners.
726,1650,3,18,95,116,1.206896551724138,0.043320294123598405,691,Since the lower species still believe in science this was inevitable.
1499,1650,2,20,94,116,1.206896551724138,0.041553854760705604,691,Modern problems require modern solutions.
1482,1650,3,18,95,116,1.206896551724138,0.043320294123598405,691,PAY UP!... The rat wins again...
1442,1650,3,18,95,116,1.206896551724138,0.043320294123598405,691,That piece of cheese has not moved in over an hour.
1373,1650,1,22,93,116,1.206896551724138,0.03970891345771823,691,You just had to name him Elon.
706,1650,2,20,94,116,1.206896551724138,0.041553854760705604,691,"To me, the biggest proof of intelligence improvement is the helmet."
1225,1650,3,18,95,116,1.206896551724138,0.043320294123598405,691,We forgot to factor in lactose intolerance.
1182,1650,5,14,97,116,1.206896551724138,0.04665295229583647,691,I want a divorce.
1121,1650,2,20,94,116,1.206896551724138,0.041553854760705604,691,James Bond” decided he wouldn’t crawl through the maze like the others.  Had to rise above the rest of them.
1087,1650,2,20,94,116,1.206896551724138,0.041553854760705604,691,Is this the new protocol for the nominee selection process?
1248,1650,2,20,94,116,1.206896551724138,0.041553854760705604,691,He refused to even make the effort until we put out the Emmentaler.
1029,1650,3,18,95,116,1.206896551724138,0.043320294123598405,691,How the Mighty Mouse has fallen.
855,1650,4,16,96,116,1.206896551724138,0.04501747350125653,691,Are the windows closed? The last time he took off down Broadway.
1013,1650,4,16,96,116,1.206896551724138,0.04501747350125653,691,"Tom and Jerry are working on a helicopter, Mickey used a Segway. It’s a much better cheese than they’re used to."
924,1650,3,18,95,116,1.206896551724138,0.043320294123598405,691,What do you mean you've lost count?
939,1650,4,16,96,116,1.206896551724138,0.04501747350125653,691,"Next time, don't name your lab rat ""Tony Stark."""
957,1650,4,16,96,116,1.206896551724138,0.04501747350125653,691,When I got into this line of work I knew there would be days like this
484,1755,5,15,101,121,1.2066115702479339,0.04532915336612764,691,The corporate Rats seem to love Elon's new equipment.
3016,1756,1,25,105,131,1.2061068702290076,0.03709592594735664,691,Not bad but how fast can he get to the cheese without the jet pack?
2844,1757,2,19,91,112,1.2053571428571428,0.04233073047779356,691,Science is it's own reward.
2442,1758,3,18,96,117,1.205128205128205,0.0429848285055057,691,"I don’t know what’s going on here, but I don’t like the looks of it!"
137,1758,1,22,94,117,1.205128205128205,0.03940775366590017,691,"Is she aware of the  gravity of your situation,  Sir?"
354,1758,2,20,95,117,1.205128205128205,0.04123509749376133,691,"Typical, he's always looking for a short cut."
647,1758,3,18,96,117,1.205128205128205,0.0429848285055057,691,We never should have let him on Amazon.
2906,1758,3,18,96,117,1.205128205128205,0.0429848285055057,691,I'm afraid he's beaten us.
1001,1758,3,18,96,117,1.205128205128205,0.0429848285055057,691,"Please change the nightly mice video to something besides Thunderball, okay?"
1109,1758,2,20,95,117,1.205128205128205,0.04123509749376133,691,Cheese may work.  Let's try an iPhone.
1266,1758,3,18,96,117,1.205128205128205,0.0429848285055057,691,Maybe we should try Imported
1440,1758,4,16,97,117,1.205128205128205,0.044666068754430015,691,I told you. Nobody likes American cheese. We gotta stretch the budget to French.
1460,1758,4,16,97,117,1.205128205128205,0.044666068754430015,691,"Oh well, let’s blame it on the climate change."
2146,1758,3,18,96,117,1.205128205128205,0.0429848285055057,691,What worries me the most is his unyielding zeal for global conquest.
1614,1758,2,20,95,117,1.205128205128205,0.04123509749376133,691,"Rat drones,we have to call...drone  busters!!!"
1705,1758,1,22,94,117,1.205128205128205,0.03940775366590017,691,He may be after our jobs next.
2232,1758,3,18,96,117,1.205128205128205,0.0429848285055057,691,It’s not easy these days to find a rat that follows instructions.
1974,1758,4,16,97,117,1.205128205128205,0.044666068754430015,691,"That reminds me, I need to pick up a bottle of wine on my way home."
1662,1758,1,22,94,117,1.205128205128205,0.03940775366590017,691,"Did you ever find that authentic, old fashioned deli in Queens?"
1443,1758,3,18,96,117,1.205128205128205,0.0429848285055057,691,"This furry thing went too far, Elon."
1466,1758,3,18,96,117,1.205128205128205,0.0429848285055057,691,"How do I list this on the report, success or what the heck!?"
3099,1758,3,18,96,117,1.205128205128205,0.0429848285055057,691,cognition increased but do we consider using his mate for rocket fuel a side affect?
2878,1758,3,18,96,117,1.205128205128205,0.0429848285055057,691,What do you expect?  You let them watch Pinky and the Brain.
3252,1758,2,20,95,117,1.205128205128205,0.04123509749376133,691,"You're missing the point. The object isn't to see how fast the mouse can get the cheese, but how much cheese we can get out of the government."
2573,1758,2,20,95,117,1.205128205128205,0.04123509749376133,691,How long do you think it will take him to realize the Moon isn't made of cheese?
3415,1758,4,16,97,117,1.205128205128205,0.044666068754430015,691,"I understand we gave him the jetpack gene, but where'd he find the fuel?"
3491,1758,1,22,94,117,1.205128205128205,0.03940775366590017,691,That's one from the free range batch.
3085,1758,1,22,94,117,1.205128205128205,0.03940775366590017,691,are you sure it was ONLY vegemite?
3051,1758,3,18,96,117,1.205128205128205,0.0429848285055057,691,She broke through the glass ceiling.
3213,1784,1,20,87,108,1.2037037037037037,0.04109790263648383,691,"According to the lab dogs, training is complete when they follow me around with the little plastic bags instead of a clip board"
2352,1785,1,21,91,113,1.2035398230088497,0.04006807583246643,691,Now the Aston Martin makes sense.
2290,1785,3,17,93,113,1.2035398230088497,0.043834989753693564,691,I don’t think they’ll go for dairy free.
2201,1785,2,19,92,113,1.2035398230088497,0.04199379137219394,691,It's obvious WE lack imagination!
2159,1785,2,19,92,113,1.2035398230088497,0.04199379137219394,691,I only expected the pigs to do this.
1687,1785,1,21,91,113,1.2035398230088497,0.04006807583246643,691,We need all the jetpack and cheese data we can get.
2137,1785,2,19,92,113,1.2035398230088497,0.04199379137219394,691,This next applicant contends he’s solved the tail-burning issue.
1929,1785,5,13,95,113,1.2035398230088497,0.04730287467476537,691,Lab Mouse Powered by Machine Learning
1848,1785,3,17,93,113,1.2035398230088497,0.043834989753693564,691,"I think we have ourselves a Mighty Mouse wannabe, ready to blast off."
1844,1785,4,15,94,113,1.2035398230088497,0.04560190938547957,691,"Why did we introduce Tesla products in our labs, again?"
1792,1785,3,17,93,113,1.2035398230088497,0.043834989753693564,691,"If he was really smart, he'd use it to fly outta here."
1754,1785,3,17,93,113,1.2035398230088497,0.043834989753693564,691,"You didn't cancel his YouTube account, did you?"
1737,1785,1,21,91,113,1.2035398230088497,0.04006807583246643,691,It's a-maze-ing what these 21st cenury rats will come up with to get a hunk of Gruyère.
1611,1785,4,15,94,113,1.2035398230088497,0.04560190938547957,691,They're getting too intelligent...
1631,1785,2,19,92,113,1.2035398230088497,0.04199379137219394,691,"Phase one, done. Now that he's airborne, we need to get him a theme song. And maybe a new hat."
1636,1785,2,19,92,113,1.2035398230088497,0.04199379137219394,691,I think it was a touch of vertigo.
1665,1785,3,17,93,113,1.2035398230088497,0.043834989753693564,691,"Now that's what I call ""Thinking out of the box!"""
1727,1785,3,17,93,113,1.2035398230088497,0.043834989753693564,691,"Is he defying labrynthal orthodoxy, ya think?"
2145,1785,2,19,92,113,1.2035398230088497,0.04199379137219394,691,The mice from NASA are light years ahead of the rest.
2830,1785,1,21,91,113,1.2035398230088497,0.04006807583246643,691,It's the mouse with the Elon Musk DNA.
2384,1785,2,19,92,113,1.2035398230088497,0.04199379137219394,691,Typical Millennial!
2956,1785,3,17,93,113,1.2035398230088497,0.043834989753693564,691,"Now the question is, did intermittent fasting result in better brain function or is he just *really* hungry?"
2964,1785,3,17,93,113,1.2035398230088497,0.043834989753693564,691,I think we reached the point where the program gets shutdown next...
3142,1785,3,17,93,113,1.2035398230088497,0.043834989753693564,691,Call Jenkins.  I think we’ve discovered the reason for the decline in the pigeon population.
3237,1785,2,19,92,113,1.2035398230088497,0.04199379137219394,691,Our latest results have been through the roof.
3261,1785,3,17,93,113,1.2035398230088497,0.043834989753693564,691,Did you go into the Mensa cage again ?
3268,1785,3,17,93,113,1.2035398230088497,0.043834989753693564,691,"Innovate or die, my friends....!"
3630,1785,5,13,95,113,1.2035398230088497,0.04730287467476537,691,"According to this form, his name is Elon Muskrat."
1590,1785,1,21,91,113,1.2035398230088497,0.04006807583246643,691,"This mouse was exposed to reruns of  ""MacGyver""."
3600,1785,1,21,91,113,1.2035398230088497,0.04006807583246643,691,Virtual Reality & GPS have rendered the results useless
3559,1785,2,19,92,113,1.2035398230088497,0.04199379137219394,691,The maze is pretty cheesy!
3457,1785,3,17,93,113,1.2035398230088497,0.043834989753693564,691,The Chair really has us pushing hard to produce something in response to the Admissions Scandal.
3303,1785,6,11,96,113,1.2035398230088497,0.04894476238977597,691,Rodent Downey Jr. in his most ambitious role yet
3294,1785,2,19,92,113,1.2035398230088497,0.04199379137219394,691,Maybe we should say the study was about jetpacks?
3272,1785,2,19,92,113,1.2035398230088497,0.04199379137219394,691,Must be something he cooked up with the Guinea Pig.
3281,1785,0,23,90,113,1.2035398230088497,0.038045011342109115,691,"Some of the assistants have nicknamed him 'Elon Mouse' """
2760,1785,0,23,90,113,1.2035398230088497,0.038045011342109115,691,I knew it...first it was pigs and now this.
2756,1785,3,17,93,113,1.2035398230088497,0.043834989753693564,691,I told you they wouldn't eat 'impossible' cheese.
2725,1785,2,19,92,113,1.2035398230088497,0.04199379137219394,691,"This is what happens when you leave your copy of ""Innovations of 2019"" in the lab at night."
2679,1785,2,19,92,113,1.2035398230088497,0.04199379137219394,691,"Genetic engineering - light on the ""genetic,"" heavy on the ""engineering."""
2665,1785,0,23,90,113,1.2035398230088497,0.038045011342109115,691,"Well, we were concerned about elevated exhaustion."
2631,1785,2,19,92,113,1.2035398230088497,0.04199379137219394,691,Door or cheese! He couldn't decide and just kept ping-ponging between the two.
2609,1785,3,17,93,113,1.2035398230088497,0.043834989753693564,691,The mouse is smarter than the rest of us.
2599,1785,2,19,92,113,1.2035398230088497,0.04199379137219394,691,Now there's a possible side effect I could live with.
2821,1785,1,21,91,113,1.2035398230088497,0.04006807583246643,691,This one thinks he’s above it all.
2530,1785,1,21,91,113,1.2035398230088497,0.04006807583246643,691,It appears Q has lost his focus.
2355,1785,3,17,93,113,1.2035398230088497,0.043834989753693564,691,What the hell is a waze?
1589,1785,4,15,94,113,1.2035398230088497,0.04560190938547957,691,Can I have Algernon's cheese?
1525,1785,1,21,91,113,1.2035398230088497,0.04006807583246643,691,"Joan said that yesterday he retrieved that cheese, flew into the kitchen and whipped up a souffle with it."
891,1785,5,13,95,113,1.2035398230088497,0.04730287467476537,691,Hope he doesn't 'cut the cheese'
375,1785,2,19,92,113,1.2035398230088497,0.04199379137219394,691,He must have come from MIT.
385,1785,3,17,93,113,1.2035398230088497,0.043834989753693564,691,"Batman, beginning"
486,1785,3,17,93,113,1.2035398230088497,0.043834989753693564,691,He says he's not cheating. Someone ordered it on Amazon Prime.
496,1785,1,21,91,113,1.2035398230088497,0.04006807583246643,691,I think we should tell Charlie why he's losing to a mouse.
674,1785,2,19,92,113,1.2035398230088497,0.04199379137219394,691,"He was promised jetpacks, apparently."
799,1785,2,19,92,113,1.2035398230088497,0.04199379137219394,691,"Wow, casomorphin addiction makes anything possible..."
1104,1785,1,21,91,113,1.2035398230088497,0.04006807583246643,691,Was the lab assistant watching Mighty Mouse cartoons?
346,1785,5,13,95,113,1.2035398230088497,0.04730287467476537,691,Intrepid is not a trait in our sorting data.
1188,1785,3,17,93,113,1.2035398230088497,0.043834989753693564,691,This little devil spent too much time at the NASA laboratory
1346,1785,2,19,92,113,1.2035398230088497,0.04199379137219394,691,Now that’s thinking out-of-box!
1350,1785,1,21,91,113,1.2035398230088497,0.04006807583246643,691,"Well, we have been hoping for some examples of innovation."
1403,1785,4,15,94,113,1.2035398230088497,0.04560190938547957,691,"So, it's killer robots or super intelligent mice.  Either way we're doomed."
1494,1785,2,19,92,113,1.2035398230088497,0.04199379137219394,691,He seemed to be an OverAchiever from the START!
1513,1785,2,19,92,113,1.2035398230088497,0.04199379137219394,691,Watch what happens when she lands on the cheese.
1535,1785,4,15,94,113,1.2035398230088497,0.04560190938547957,691,I think the whole set-up is really cheesy..
1530,1785,3,17,93,113,1.2035398230088497,0.043834989753693564,691,"Oh, there he is."
1308,1785,2,19,92,113,1.2035398230088497,0.04199379137219394,691,Do you ever have this sort of day?  When the rats are smarter than you are?
148,1785,1,21,91,113,1.2035398230088497,0.04006807583246643,691,"I need some space, honey"
2850,1852,3,18,97,118,1.2033898305084745,0.04265443183768786,691,"Well, this one's clearly the vegan"
2767,1852,2,20,96,118,1.2033898305084745,0.04092109485035496,691,This one doesn’t follow the rules
653,1852,3,18,97,118,1.2033898305084745,0.04265443183768786,691,This is the one we fed in cannabis
2887,1852,1,22,95,118,1.2033898305084745,0.03911101446021996,691,At least he's thinking outside the box.
1905,1852,3,18,97,118,1.2033898305084745,0.04265443183768786,691,I'm a cheese-lover but his enthusiasm is over the top.
2266,1852,1,22,95,118,1.2033898305084745,0.03911101446021996,691,...And he only spent a day with Elon Musk.
1543,1858,2,21,100,123,1.2032520325203253,0.03992420780493856,691,Should we tell the pigeons?
3565,1858,4,17,102,123,1.2032520325203253,0.04313354160628968,691,Let's stop borrowing the engineering' department's rats.
1574,1860,1,29,123,153,1.2026143790849673,0.033895513588571076,691,He asked to see our cross-platform promotion strategy first.
2023,1861,3,17,94,114,1.2017543859649122,0.04348543980269309,691,It appears to be a random genetic mutation to give this rat an evolutionary advantage
2990,1861,1,21,92,114,1.2017543859649122,0.03975515921969982,691,Maybe less fish oil?
2848,1861,0,23,91,114,1.2017543859649122,0.03775205013583637,691,Disqualify it. Not everyone can own a jet pack”.
2423,1861,3,17,94,114,1.2017543859649122,0.04348543980269309,691,"This rat was mistakenly injected with brain cells, not stem cells."
1154,1861,2,19,93,114,1.2017543859649122,0.041662070036289175,691,It'll be a brave new world if they get FDA approval.
875,1861,2,19,93,114,1.2017543859649122,0.041662070036289175,691,We've named this one Bloomberg.
585,1861,3,17,94,114,1.2017543859649122,0.04348543980269309,691,It's safe to say the intelligence drug has an effect.
2335,1868,2,18,90,110,1.2,0.04244409559694416,691,Do you think they all come with a jet pack?
1679,1868,1,20,89,110,1.2,0.04043136875805354,691,Engineering department snuck in again last night
1638,1868,2,18,90,110,1.2,0.04244409559694416,691,I guess they've had enough.
1822,1868,2,18,90,110,1.2,0.04244409559694416,691,It's called...evolution.
2446,1868,3,16,91,110,1.2,0.0443656051737758,691,Send his resume to YouTube.
2604,1868,3,16,91,110,1.2,0.0443656051737758,691,The mouse thought this would be more efficient.
2623,1868,1,20,89,110,1.2,0.04043136875805354,691,He has really exceeded all our expectations for the cheese!
2645,1868,1,20,89,110,1.2,0.04043136875805354,691,Amazon has high expectations for this study...!
2400,1868,4,14,92,110,1.2,0.046207278580632616,691,"Jetpack, Ratpack...it's all elite."
2329,1868,3,16,91,110,1.2,0.0443656051737758,691,"That Algernon, you just can't keep him down."
2304,1868,1,20,89,110,1.2,0.04043136875805354,691,After one dose of CBD? I guess it is a miracle drug!
1748,1868,3,16,91,110,1.2,0.0443656051737758,691,"First, look up what dosage he's on. Second, find out who's making his tools."
1831,1868,5,12,93,110,1.2,0.047978310362298264,691,"It pairs with a nice Riesling, actually."
1839,1868,1,20,89,110,1.2,0.04043136875805354,691,He will never be ready for the Tour
1884,1868,0,22,88,110,1.2,0.03831305140884605,691,"No, Helen. If it's not Gruyere, he won't touch it."
1928,1868,0,22,88,110,1.2,0.03831305140884605,691,Did you get the Whole Foods cheese again?
2004,1868,1,20,89,110,1.2,0.04043136875805354,691,Just imagine what might be accomplished with sharper cheese.
2031,1868,3,16,91,110,1.2,0.0443656051737758,691,You'd think the little fucker could figure out how to get out of his Habitrail.
2744,1868,3,16,91,110,1.2,0.0443656051737758,691,It's going to have to be at least three times bigger for human trials.
2328,1868,2,18,90,110,1.2,0.04244409559694416,691,When did he get the jet pack?
1704,1868,4,14,92,110,1.2,0.046207278580632616,691,He won't land until we include the design patent.
2184,1868,3,16,91,110,1.2,0.0443656051737758,691,I think 'mice can fly' is a bit misleading.
1694,1868,2,19,94,115,1.2,0.04133544936883189,691,...the Department of Defense is never going to believe this...
2196,1868,3,16,91,110,1.2,0.0443656051737758,691,That always happens with the Gouda.
2216,1868,4,14,92,110,1.2,0.046207278580632616,691,Should have put a top on it.  I knew he got that for Christmas.
2230,1868,1,20,89,110,1.2,0.04043136875805354,691,Well.. I wouldn't call it a side effect
2262,1868,3,16,91,110,1.2,0.0443656051737758,691,"It was just a question of time, Marge. That’s what evolution is all about."
2297,1868,2,18,90,110,1.2,0.04244409559694416,691,"I don't care how advanced his discovery is, I still think it's cheating."
2069,1868,2,18,90,110,1.2,0.04244409559694416,691,We have to end our partnership with the jet propulsion lab.
2785,1868,3,16,91,110,1.2,0.0443656051737758,691,He only uses the jet pack when we have aged Swiss in the maize.
2359,1868,2,18,90,110,1.2,0.04244409559694416,691,"Yes, this jetpack is working better than the last."
2900,1868,2,18,90,110,1.2,0.04244409559694416,691,"OK - This disproves our original hypothesis."""
3648,1868,2,18,90,110,1.2,0.04244409559694416,691,It says here he's been accepted by Mensa.
3645,1868,2,18,90,110,1.2,0.04244409559694416,691,Look what happens when we remove the glass ceiling.
3597,1868,3,16,91,110,1.2,0.0443656051737758,691,Who taught him to rappel?
3594,1868,4,14,92,110,1.2,0.046207278580632616,691,Let's present this as a trendy 'Escape Room'...
3551,1868,4,14,92,110,1.2,0.046207278580632616,691,Let's just put 'Results are inconclusive.'
3496,1868,1,20,89,110,1.2,0.04043136875805354,691,Superior technical adaptation skills noted.....
3493,1868,2,18,90,110,1.2,0.04244409559694416,691,He's just showing off. Rats don't even like cheese.
3490,1868,2,18,90,110,1.2,0.04244409559694416,691,Another 45 years of development and then maybe humans will be ready for the jetpack!
3471,1868,3,16,91,110,1.2,0.0443656051737758,691,"We're going to need a bigger maze """
3407,1868,0,22,88,110,1.2,0.03831305140884605,691,We should probably cut back on the vitamins.
3397,1868,3,16,91,110,1.2,0.0443656051737758,691,"Technically, he is known as ""subject B47"", but we have affectionately named him Elon Mousk."
3370,1868,2,18,90,110,1.2,0.04244409559694416,691,"Subject completed the maze, but looked considerably less cool without the tasseled jumpsuit."
3359,1868,1,20,89,110,1.2,0.04043136875805354,691,He heard that the moon is made of cheese.
2872,1868,5,12,93,110,1.2,0.047978310362298264,691,"Without Brain, Pinkie was finally able to flourish ..."
3352,1868,2,18,90,110,1.2,0.04244409559694416,691,What was in the cheese we used in yesterday’s runs?
3238,1868,1,20,89,110,1.2,0.04043136875805354,691,Good! He found the cheese. Let's reset the maze with some peanut butter and see how he does.
3155,1868,4,14,92,110,1.2,0.046207278580632616,691,Now I know why they put the mouse in charge of the lab.
3153,1868,1,20,89,110,1.2,0.04043136875805354,691,"Told you, smoking it makes it way tastier."
3141,1868,2,18,90,110,1.2,0.04244409559694416,691,The Algernon strain is supposed to be off limits.
3098,1868,4,14,92,110,1.2,0.046207278580632616,691,For the next test we'll have him order for delivery.
3093,1868,2,18,90,110,1.2,0.04244409559694416,691,Do you think we should rename this room the Skylab?
3084,1868,1,20,89,110,1.2,0.04043136875805354,691,I told you; buying Gouda is always worth it.
1551,1868,4,14,92,110,1.2,0.046207278580632616,691,"That's the third one this week!"""
3064,1868,4,14,92,110,1.2,0.046207278580632616,691,Test #1048 - Replaced gouda with a mild Jarlsberg.
2988,1868,0,22,88,110,1.2,0.03831305140884605,691,It's a giant leap for mousekind
2933,1868,3,16,91,110,1.2,0.0443656051737758,691,"The new batch of mice were breed at MIT, and are really too advanced for our work."
2930,1868,1,20,89,110,1.2,0.04043136875805354,691,We need to revise the entry rules.
2921,1868,2,18,90,110,1.2,0.04244409559694416,691,I think we underestimated this one.
3300,1868,3,16,91,110,1.2,0.0443656051737758,691,Does this mean I can have his cheese..?
1539,1868,3,16,91,110,1.2,0.0443656051737758,691,You really think Amazon will use mice instead of drones?
1439,1868,2,18,90,110,1.2,0.04244409559694416,691,We should've never watched the Mandalorian on the lab TV.
1504,1868,2,18,90,110,1.2,0.04244409559694416,691,That bastard is cheating again
489,1868,2,18,90,110,1.2,0.04244409559694416,691,It's an Elon Musk Rat.
445,1868,4,14,92,110,1.2,0.046207278580632616,691,We should have suspected something when none of the traps worked
432,1868,2,18,90,110,1.2,0.04244409559694416,691,That must be Elon Musk-rat.
422,1868,3,16,91,110,1.2,0.0443656051737758,691,We should have stated 'no aids allowed' in the rules
418,1868,1,20,89,110,1.2,0.04043136875805354,691,He thinks it’s a video game.
360,1868,1,20,89,110,1.2,0.04043136875805354,691,It seems to be thinking outside the box.
342,1868,1,20,89,110,1.2,0.04043136875805354,691,What?! No! I thought YOU built that thing for him!
560,1868,2,18,90,110,1.2,0.04244409559694416,691,I think we're going to need more cheese.
301,1868,2,18,90,110,1.2,0.04244409559694416,691,He keeps screwing up our statistics.
232,1868,4,14,92,110,1.2,0.046207278580632616,691,Is this the way to the moon landing set?
200,1868,2,18,90,110,1.2,0.04244409559694416,691,Sic itur ad astra?
153,1868,3,16,91,110,1.2,0.0443656051737758,691,Enjoy your holidays Mr. Musk.
146,1868,1,20,89,110,1.2,0.04043136875805354,691,Told you earth Is flat.
143,1868,2,18,90,110,1.2,0.04244409559694416,691,Sorry this is the furthest we can go
140,1868,2,18,90,110,1.2,0.04244409559694416,691,"‘Hue?’ ""Stan?"
1515,1868,4,14,92,110,1.2,0.046207278580632616,691,"Without a glass ceiling, how can we observe the algorithm of decision-making in a maze?"
238,1868,4,14,92,110,1.2,0.046207278580632616,691,Where do they sell spacesuits with built-in toilets?
580,1868,5,12,93,110,1.2,0.047978310362298264,691,"So...Ira...where's the box for ""variables shmariables?"""
282,1868,2,18,90,110,1.2,0.04244409559694416,691,I told you to make it more complicated.
671,1868,2,18,90,110,1.2,0.04244409559694416,691,"The research grant from Elon Musk was very generous, but I'm afraid this Musk-eteer is skewing the results."
1294,1868,2,18,90,110,1.2,0.04244409559694416,691,I suspect we were hacked by the Russians
1283,1868,2,18,90,110,1.2,0.04244409559694416,691,We provided this one with access to Amazon.
1198,1868,2,18,90,110,1.2,0.04244409559694416,691,He's passed every test we've thrown at him
1448,1868,4,14,92,110,1.2,0.046207278580632616,691,And that's after only 1 week on steriods
1197,1868,1,20,89,110,1.2,0.04043136875805354,691,I need to check the protocol. I think the electric models are permitted.
1133,1868,1,20,89,110,1.2,0.04043136875805354,691,"Yes, impressive but that's a placebo mouse, so disregard it."
1335,1868,2,18,90,110,1.2,0.04244409559694416,691,Subject A0459: exposed to five episodes of Rick and Morty.
1060,1868,1,20,89,110,1.2,0.04043136875805354,691,It might be better if we pick the equipment.
809,1868,0,22,88,110,1.2,0.03831305140884605,691,He's also enrolled in the PhD program.
623,1868,1,20,89,110,1.2,0.04043136875805354,691,since when did mice think outside the box?
806,1868,3,16,91,110,1.2,0.0443656051737758,691,Just give him the cheese. This maze is for blind mini mice.
773,1868,2,18,90,110,1.2,0.04244409559694416,691,"Either way, I'm not so sure it's ready for human testing."
1501,1868,2,18,90,110,1.2,0.04244409559694416,691,I told you it wasn't a good idea to separate him from his little pink friend.
1011,1868,1,20,89,110,1.2,0.04043136875805354,691,"Well, this isn't working out any better than the bats."
1390,1868,3,16,91,110,1.2,0.0443656051737758,691,That jetpack should be a real game changer.
1916,1967,1,25,110,136,1.1985294117647058,0.0358826654509767,691,It appears the rats are gaining on the humans.
3236,1967,1,25,110,136,1.1985294117647058,0.0358826654509767,691,We are all very proud of the creativity young Rodney shows in some of his maze runs; but you must make sure he stays below the walls.
2373,1969,3,18,100,121,1.1983471074380165,0.04169255621695682,691,"Instead of aimless maze-running, he now uses a rocket suit and bills himself as Iron Mouse."
3202,1970,4,15,97,116,1.1982758620689655,0.044519469295554885,691,We'll have delivering cheese in a week.
1167,1970,2,19,95,116,1.1982758620689655,0.04101381561614739,691,The negotiations got out of hand when they went on strike. Also they said they want pepper jack now.
1049,1970,2,19,95,116,1.1982758620689655,0.04101381561614739,691,It's powered entirely by a smugness found deep in the Silicon Valley.
405,1970,2,19,95,116,1.1982758620689655,0.04101381561614739,691,We said he was into rejection but he didn’t hear the “r”
1005,1974,2,18,91,111,1.1981981981981982,0.042098554117389164,691,"Well, its not very environmentally friendly..."
1015,1974,1,20,90,111,1.1981981981981982,0.04010596084093461,691,This medication is worth a second look. I’m liking this side effect!
1394,1974,2,18,91,111,1.1981981981981982,0.042098554117389164,691,I wonder if he could use a sidekick.
1508,1974,0,22,89,111,1.1981981981981982,0.03800905064816032,691,I guess nicknaming him Elon Muskrat now seems pretty apropos.
1510,1974,0,22,89,111,1.1981981981981982,0.03800905064816032,691,"Alright, next time no more subway rats."
1527,1974,3,16,92,111,1.1981981981981982,0.04400100479051482,691,"No worries, outliers are perfectly normal."
1529,1974,2,18,91,111,1.1981981981981982,0.042098554117389164,691,"„Some quite enhancing drugs, wouldn‘t you say?“"
1534,1974,3,16,92,111,1.1981981981981982,0.04400100479051482,691,But do you think the makeup is safe for humans?
1620,1974,2,18,91,111,1.1981981981981982,0.042098554117389164,691,These Millennial mice are too tech savvy.
1773,1974,1,20,90,111,1.1981981981981982,0.04010596084093461,691,It seems he wants to grill the cheese by himself.
1799,1974,2,18,91,111,1.1981981981981982,0.042098554117389164,691,"Technically, it’s a disqualification. He should be going through the maze."
1865,1974,0,22,89,111,1.1981981981981982,0.03800905064816032,691,Which cage did you say he came from?
1883,1974,2,18,91,111,1.1981981981981982,0.042098554117389164,691,"We’re all set on the running course, but the biking and swimming events need more work."
1971,1974,3,16,92,111,1.1981981981981982,0.04400100479051482,691,So that's what happened to McGyver's exercise wheel.
2381,1974,2,18,91,111,1.1981981981981982,0.042098554117389164,691,"They've certainly evolved, no doubt about that."
2169,1974,3,16,92,111,1.1981981981981982,0.04400100479051482,691,And yesterday little Elon invented this a-m-a-z-e-i-n-g rat pack.
2293,1974,1,20,90,111,1.1981981981981982,0.04010596084093461,691,How much cheddar are we putting into this research?
2279,1974,2,18,91,111,1.1981981981981982,0.042098554117389164,691,He's really wild about manchego.
2545,1974,0,22,89,111,1.1981981981981982,0.03800905064816032,691,I suggest a lower quality cheese next time.
2640,1974,3,16,92,111,1.1981981981981982,0.04400100479051482,691,It's the Amazon prototype we've been working on.
879,1974,2,18,91,111,1.1981981981981982,0.042098554117389164,691,We're going to have to find a better way to hide the cheese.
3481,1974,3,16,92,111,1.1981981981981982,0.04400100479051482,691,"the subject, Mr. Sniffles, is responding spectacularly, ma'am. he’s using the proffered technology to problemsolve in wholly novel ways. it's like second nature. i’ve noted the following: my king, real player shit, grinding for that cheese, maze god"
607,1974,2,18,91,111,1.1981981981981982,0.042098554117389164,691,You should see the mouse trap”
2674,1974,3,16,92,111,1.1981981981981982,0.04400100479051482,691,He transferred from Bell Labs.
2819,1974,3,16,92,111,1.1981981981981982,0.04400100479051482,691,Have you seen where my energy drink went?
2916,1974,3,16,92,111,1.1981981981981982,0.04400100479051482,691,I think it didn't work this time because he likes brie better.
2782,1974,3,16,92,111,1.1981981981981982,0.04400100479051482,691,And all we had to do was switch from American to Swiss? Huh.
2958,1974,2,18,91,111,1.1981981981981982,0.042098554117389164,691,I guess this supports your theory about having thumbs.
3151,1974,0,22,89,111,1.1981981981981982,0.03800905064816032,691,We underestimated the incentive power of cheese.
3574,1974,3,16,92,111,1.1981981981981982,0.04400100479051482,691,He said he's preparing for the rat race.
3644,1974,5,12,94,111,1.1981981981981982,0.04757823819957224,691,And this one got the placebo.
695,1974,1,20,90,111,1.1981981981981982,0.04010596084093461,691,What were you saying about when pigs can fly?
2709,1974,1,20,90,111,1.1981981981981982,0.04010596084093461,691,This one appears to be leaving the Rat race in the dust
219,1974,2,18,91,111,1.1981981981981982,0.042098554117389164,691,you need to stop taking your work home with  yo
372,1974,0,22,89,111,1.1981981981981982,0.03800905064816032,691,"Proof, if more is needed, that the mere odor of Limburger cheese promotes rapid cognitive development!"
2659,2009,4,15,98,117,1.1965811965811965,0.04416984246846932,691,"I told you naming him ""Elon Muskrat"" would only lead to trouble."
1947,2010,1,20,91,112,1.1964285714285714,0.039785633992464986,691,"Well, if that doesn't prove that necessity is the Mother of invention, nothing will"
285,2010,1,20,91,112,1.1964285714285714,0.039785633992464986,691,"He learned the maze last week.  Now, we’re testing for speed."
1965,2010,2,18,92,112,1.1964285714285714,0.041758494142599856,691,I think we have the winner of this rat race.
1984,2010,4,14,94,112,1.1964285714285714,0.045448015961182156,691,''So... do you think it passed the test?''
2811,2010,1,20,91,112,1.1964285714285714,0.039785633992464986,691,He was in that night course.
3108,2010,3,16,93,112,1.1964285714285714,0.04364226155841041,691,"He thought you said ""amazing""."
517,2010,3,16,93,112,1.1964285714285714,0.04364226155841041,691,Please tell me you didn't use the Stilton.
2879,2017,1,19,87,107,1.1962616822429906,0.04079800946762782,691,And you said they weren’t watching how to videos on YouTube!
1354,2018,5,13,100,118,1.194915254237288,0.04544829509037639,691,I'm not surprised.  We had him pegged as a high flier early on.
1540,2019,3,16,94,113,1.1946902654867257,0.043289238099276685,691,He's an outlier
1938,2020,2,17,89,108,1.1944444444444444,0.04254440665282414,691,This one's going to skew the hell out of our statistics.
1867,2020,2,17,89,108,1.1944444444444444,0.04254440665282414,691,Mighty Mouse has to start somewhere. (Cue Andy Kaufman.)
1861,2020,1,19,88,108,1.1944444444444444,0.04045931624376092,691,Someone left their cup of coffee in the maze.
1860,2020,0,21,87,108,1.1944444444444444,0.03826076324884863,691,I've heard they really prefer gruyere.
1805,2020,2,17,89,108,1.1944444444444444,0.04254440665282414,691,A novel consequence of cheese addiction.
2218,2020,1,19,88,108,1.1944444444444444,0.04045931624376092,691,Her coach said she should change the rules of the game.
1380,2020,4,13,91,108,1.1944444444444444,0.046434546089062695,691,"This one was played Beethoven music, not Mozart."
1353,2020,3,15,90,108,1.1944444444444444,0.04453197507374984,691,Bad news for our hang glider research funding!
900,2020,4,13,91,108,1.1944444444444444,0.046434546089062695,691,Number 3768 is certainly thinking outside the box.
822,2020,2,17,89,108,1.1944444444444444,0.04254440665282414,691,Did you hear that Elon Musk invented a “shrinking chamber”?
784,2020,2,17,89,108,1.1944444444444444,0.04254440665282414,691,Do you think that he suspects it's a trick?
668,2020,4,13,91,108,1.1944444444444444,0.046434546089062695,691,I never thought I'd be jealous of a mouse.
236,2020,1,19,88,108,1.1944444444444444,0.04045931624376092,691,All engines running. Lift. We have lift.
194,2020,3,15,90,108,1.1944444444444444,0.04453197507374984,691,What you think your better than me?
2205,2020,3,15,90,108,1.1944444444444444,0.04453197507374984,691,"Poor Jerry, I think he's having a flashback to his days with Tom"
2231,2020,1,19,88,108,1.1944444444444444,0.04045931624376092,691,Go get Charlie
2320,2020,3,15,90,108,1.1944444444444444,0.04453197507374984,691,Cheese is the Mother of invention.
2367,2020,1,19,88,108,1.1944444444444444,0.04045931624376092,691,"Don't view this as a failure, but as a chance to learn."
2379,2020,2,17,89,108,1.1944444444444444,0.04254440665282414,691,I guess they prefer the brie.
2592,2020,0,21,87,108,1.1944444444444444,0.03826076324884863,691,He got tired of the same old rat-race.
2797,2020,3,15,90,108,1.1944444444444444,0.04453197507374984,691,"With a name like Elon Mousk, we should've seen this coming."
2835,2020,0,21,87,108,1.1944444444444444,0.03826076324884863,691,We should switch to low fat cheese.
3500,2020,2,17,89,108,1.1944444444444444,0.04254440665282414,691,We should have just given him up for adoption like I told you. This is on you
3512,2020,0,21,87,108,1.1944444444444444,0.03826076324884863,691,"Big improvement, operating in the third dimension."
3563,2020,2,17,89,108,1.1944444444444444,0.04254440665282414,691,See? The mice we get from private labs really are smarter than the ones we get from public labs.
2250,2020,1,19,88,108,1.1944444444444444,0.04045931624376092,691,I didn’t have the heart to tell him he’s lactose intolerant.
1956,2020,0,21,87,108,1.1944444444444444,0.03826076324884863,691,He doesn't like Emmental cheese.
1140,2047,4,13,92,109,1.1926605504587156,0.046041140838475915,691,"Still care to argue that Havarti is the superior cheese, Dr. Schmidt?"
1355,2047,2,17,90,109,1.1926605504587156,0.042190014447655216,691,I didn't see this one coming...
2974,2047,1,19,89,109,1.1926605504587156,0.0401260844561969,691,They told me he was A-mazing; I just didn't understand.
2541,2050,2,22,112,136,1.1911764705882353,0.03692232009759421,691,That rat is off the charts.
861,2051,3,15,92,110,1.190909090909091,0.04378934817304632,691,Perhaps this mouse supplier thought we were a SpaceX lab.
698,2051,1,19,90,110,1.190909090909091,0.03979818677571405,691,"Houston, we have a mouse problem."
2173,2053,1,23,107,131,1.1908396946564885,0.03612873149984499,691,Well this is an unexpected finding
1484,2054,2,16,87,105,1.1904761904761905,0.04299935704272291,691,"Amazingly, the mouse doesn't seem to care that the cheese is full of holes.  By the way, about our pension fund..."
1572,2054,2,16,87,105,1.1904761904761905,0.04299935704272291,691,I call it a Crispr Cocktail... mouse with some snippets of Elon Musk and Evel Knievel.
1597,2054,2,16,87,105,1.1904761904761905,0.04299935704272291,691,He didn’t like our cheese.
1701,2054,1,18,86,105,1.1904761904761905,0.040814146113049836,691,Did you say cheese for lunch?
1847,2054,3,14,88,105,1.1904761904761905,0.045078763173336374,691,Your experiment to create super-intelligent rats has me a bit worried.
1970,2054,3,14,88,105,1.1904761904761905,0.045078763173336374,691,We need to stop using the transgenic mice.
2286,2054,4,12,89,105,1.1904761904761905,0.04706639005052258,691,Modern technology changes everything.
2364,2054,2,16,87,105,1.1904761904761905,0.04299935704272291,691,"Maybe it wasn't such a good idea to nickname him ""Mighty Mouse""!"
2392,2054,1,18,86,105,1.1904761904761905,0.040814146113049836,691,"This one's not that complicated, but Volunteers are NOT lining up for the cheese."
2436,2054,3,14,88,105,1.1904761904761905,0.045078763173336374,691,"I guess we always knew that one day the rodent brain
would rise above the maze challenge"
1230,2054,1,18,86,105,1.1904761904761905,0.040814146113049836,691,I think it’s all those Utube videos they’ve been watching in the lab
2439,2054,1,18,86,105,1.1904761904761905,0.040814146113049836,691,He's the one I borrowed from Elon Musk.
2510,2054,4,12,89,105,1.1904761904761905,0.04706639005052258,691,And how many Mission Impossible movies did he watch?
2529,2054,4,12,89,105,1.1904761904761905,0.04706639005052258,691,We're developing alternatives to 'Boots on the Ground'!
2778,2054,3,14,88,105,1.1904761904761905,0.045078763173336374,691,"He says he's our wealthiest mouse, and that if he can afford it, it can't be considered cheating."
3023,2054,1,18,86,105,1.1904761904761905,0.040814146113049836,691,He might need some oil to quiet his squeaks.
3057,2054,2,16,87,105,1.1904761904761905,0.04299935704272291,691,"It is your first time? Don’t worry, we won’t try on you!"
3068,2054,2,16,87,105,1.1904761904761905,0.04299935704272291,691,We'll need to cover this up.
3190,2054,3,14,88,105,1.1904761904761905,0.045078763173336374,691,He thinks he’s landing on the moon.
3227,2054,2,16,87,105,1.1904761904761905,0.04299935704272291,691,The flybotomy has exceeded our expectations.
3422,2054,1,18,86,105,1.1904761904761905,0.040814146113049836,691,Here he is to save the day.
3631,2054,4,12,89,105,1.1904761904761905,0.04706639005052258,691,"Actually, I was on the team that developed the knockout mouse in 1989 and went on to win the Nobel Prize in 2007. I just adjunct in the lab to help pay off my student loans."
3643,2054,2,16,87,105,1.1904761904761905,0.04299935704272291,691,"All you talk about is how much of a genius he is. If he's such a genius, why does he use it to get cheese and not to escape from the laboratory?"
2490,2054,4,12,89,105,1.1904761904761905,0.04706639005052258,691,"It’s a delivery company called 
A-mouse-zon."
1216,2054,4,12,89,105,1.1904761904761905,0.04706639005052258,691,He arrived at my house for dinner last week.
123,2054,2,16,87,105,1.1904761904761905,0.04299935704272291,691,"Ya know, we’ve been  debating whether to call it the 9th floor or the 9th tier"
1157,2054,2,16,87,105,1.1904761904761905,0.04299935704272291,691,Then we'll see how the other 99 mice can live off what he leaves behind.
1170,2054,4,12,89,105,1.1904761904761905,0.04706639005052258,691,"Testing complete.
Space Force mission # 1
successful.”"
378,2054,1,18,86,105,1.1904761904761905,0.040814146113049836,691,Do you want to write the methods section?
407,2054,3,14,88,105,1.1904761904761905,0.045078763173336374,691,We're going to need a bigger maze. One with a ceiling.
464,2054,3,14,88,105,1.1904761904761905,0.045078763173336374,691,"Those who are happy are not without pain, they just know how not to be controlled by it."
110,2054,3,14,88,105,1.1904761904761905,0.045078763173336374,691,Russia is already up?
757,2054,2,16,87,105,1.1904761904761905,0.04299935704272291,691,"He is a natural in using the jetpack to get to the cheese.""
Michael Sivak, Ann Arbor, M"
778,2054,2,16,87,105,1.1904761904761905,0.04299935704272291,691,A-MAZE-ING!
997,2054,2,16,87,105,1.1904761904761905,0.04299935704272291,691,Are we monitoring its night time activities?
1112,2054,0,20,85,105,1.1904761904761905,0.03850512095536382,691,We want to find out if mice are as racist as humans.
622,2054,1,18,86,105,1.1904761904761905,0.040814146113049836,691,"Did you tell him it's very rare and found only in the Swiss Alps?"""
2151,2091,0,23,98,121,1.1900826446280992,0.03581796951709283,691,This proves my theory that rats aren't afraid of heights.
913,2092,2,18,96,116,1.1896551724137931,0.0404505975246002,691,Is this what they mean by a rat race?
91,2093,1,18,87,106,1.1886792452830188,0.040467189791560776,691,"That’s funny. When I was  a kid, I wanted to be an elevator operator."
2258,2093,2,16,88,106,1.1886792452830188,0.04262966067122,691,This is why we only use white mice
2157,2093,0,20,86,106,1.1886792452830188,0.0381824426969915,691,Maybe we shouldn't have accepted that grant from Elon Musk?
2080,2093,2,16,88,106,1.1886792452830188,0.04262966067122,691,Maybe it just doesn't like cheese.
1759,2093,2,16,88,106,1.1886792452830188,0.04262966067122,691,"Well, that's just cheating."
1605,2093,3,14,89,106,1.1886792452830188,0.044687610008373936,691,I told you that Muenster was exceptionally good.
550,2093,2,16,88,106,1.1886792452830188,0.04262966067122,691,There's always one who thinks he's smarter.
3577,2093,1,18,87,106,1.1886792452830188,0.040467189791560776,691,"He had a bad attitude, but he was always the smartest in the class."
3240,2093,1,18,87,106,1.1886792452830188,0.040467189791560776,691,The Space X logo is the most baffling!!
2742,2093,3,14,89,106,1.1886792452830188,0.044687610008373936,691,We could have just used kangaroo rats.
1940,2103,0,23,100,123,1.1869918699186992,0.035300340232304474,691,I think it might be time to update our design.
468,2103,3,17,103,123,1.1869918699186992,0.04057035967909163,691,Perhaps we should inform HR that Dimitrov and Natasha may have been telling the truth about the missing jet fuel.
1330,2105,2,13,76,91,1.1868131868131868,0.046651195530939105,691,"I’m getting a real ‘Flowers for Algernon’ vibe here. You know, ‘Flowers for Algernon?’ ‘Ignorance is bliss?’ 1959 short story by Daniel Keyes? Jesus, Gloria, read a fucking book."
2374,2106,3,13,86,102,1.1862745098039216,0.045641722077372035,691,We may need to revisit the experimental design.
2543,2106,2,15,85,102,1.1862745098039216,0.04346296968021364,691,Clever and antisocial; must be Aspergers.
2597,2106,1,17,84,102,1.1862745098039216,0.04116907422639316,691,"Finally, some realization of the promise that technology will allow us to escape the rate race...."
1972,2106,1,17,84,102,1.1862745098039216,0.04116907422639316,691,What do you think this means for his spatial intelligence?
1806,2106,1,17,84,102,1.1862745098039216,0.04116907422639316,691,He’s devoted his life to research
1658,2106,4,11,87,102,1.1862745098039216,0.04772110492175312,691,"So, do you want to make the appointments with OSHA, PETA, ASPCA and Netflix, or shall I?"
1479,2106,2,15,85,102,1.1862745098039216,0.04346296968021364,691,Life was so much simpler then....
1362,2106,1,17,84,102,1.1862745098039216,0.04116907422639316,691,He somehow slipped through the cracks.
2455,2106,3,13,86,102,1.1862745098039216,0.045641722077372035,691,He says this cheese will be perfect for his quiche recipe.
1720,2106,5,9,88,102,1.1862745098039216,0.04971358884367402,691,I might venture to hypothesize that this falls into a category of animal behavior most often referred to as ‘gaming the system.’
2876,2106,2,15,85,102,1.1862745098039216,0.04346296968021364,691,I think for the first time ever we'll be able to proudly say that this drug was tested on animals. He's a genius.
2740,2106,3,13,86,102,1.1862745098039216,0.045641722077372035,691,He told me he was getting tired and couldn't walk any further.
1284,2106,1,17,84,102,1.1862745098039216,0.04116907422639316,691,I think this one was bred with the X-games chromosome.
2895,2106,1,17,84,102,1.1862745098039216,0.04116907422639316,691,The pay-to-win option may be skewing our results.
2903,2106,1,17,84,102,1.1862745098039216,0.04116907422639316,691,Isn't evolution amazing?
2984,2106,3,13,86,102,1.1862745098039216,0.045641722077372035,691,"Tell me, how does our study protocol account for outright cheating?"
3008,2106,0,19,83,102,1.1862745098039216,0.03873958714149352,691,"Forget the maze, when did you teach him to steal the prototype from next door?"
3184,2106,4,11,87,102,1.1862745098039216,0.04772110492175312,691,"Now he says he's sick of the ratrace and on strike""."
3285,2106,2,15,85,102,1.1862745098039216,0.04346296968021364,691,But we're not testing them for memory. We're testing them for ingenuity.
3293,2106,2,15,85,102,1.1862745098039216,0.04346296968021364,691,This changes everything.
3449,2106,4,11,87,102,1.1862745098039216,0.04772110492175312,691,This doesn't get us anywhere.
3592,2106,2,15,85,102,1.1862745098039216,0.04346296968021364,691,I think we made the maze too hard.
2716,2106,3,13,86,102,1.1862745098039216,0.045641722077372035,691,Perhaps it's from the Jet Propulsion Lab.
1158,2106,3,13,86,102,1.1862745098039216,0.045641722077372035,691,I hope this one isn't lactose intolerant like the last one.
2525,2106,1,17,84,102,1.1862745098039216,0.04116907422639316,691,I told you to leave the glass ceiling alone.
1094,2106,3,13,86,102,1.1862745098039216,0.045641722077372035,691,I was told he has a steep learning curve
1103,2106,2,15,85,102,1.1862745098039216,0.04346296968021364,691,He said he's moving to Canada.
112,2106,2,15,85,102,1.1862745098039216,0.04346296968021364,691,"Sir, please take a seat  and fasten your seatbelt For lift off ."
352,2106,0,19,83,102,1.1862745098039216,0.03873958714149352,691,He resents being underemployed.
398,2106,0,19,83,102,1.1862745098039216,0.03873958714149352,691,He says it also doubles as raclette when landing
511,2106,0,19,83,102,1.1862745098039216,0.03873958714149352,691,I think he heard about the moon Karen!
520,2106,2,15,85,102,1.1862745098039216,0.04346296968021364,691,This one’s a cheater.
47,2106,1,17,84,102,1.1862745098039216,0.04116907422639316,691,"Houston, is there a problem?"
746,2106,3,13,86,102,1.1862745098039216,0.045641722077372035,691,"She’d gotten a lab rat to build and operate his own tiny jet pack, but Laura’s coworker Jerry still couldn’t keep his eyes off her tits."
789,2106,2,15,85,102,1.1862745098039216,0.04346296968021364,691,Maud’s son? Is that who smuggled in equipment for the little cheat?
863,2106,2,15,85,102,1.1862745098039216,0.04346296968021364,691,This one thinks outside the maze.
658,2106,2,15,85,102,1.1862745098039216,0.04346296968021364,691,Where'd he get the outfit?
1401,2143,3,14,91,108,1.1851851851851851,0.043925083623096,691,"Jet packs aren't protocol, are they?"""
1359,2144,1,17,85,103,1.1844660194174756,0.04080750877967151,691,Looks like caffeine DOES help them escape quicker.
1761,2144,4,11,88,103,1.1844660194174756,0.04729011524728665,691,"He said he got that in Area 51, too."
1789,2144,2,15,86,103,1.1844660194174756,0.04307691007839965,691,"The military isn't going to like this, especially if he starts to breed."
2299,2144,1,17,85,103,1.1844660194174756,0.04080750877967151,691,At least I won't worry about AI anymore.
3598,2144,2,15,86,103,1.1844660194174756,0.04307691007839965,691,It's too bad this one can't run for political office.
2547,2144,3,13,87,103,1.1844660194174756,0.04523259434304085,691,"If you had read ""The Hitchhiker's Guide to the Galaxy,"" as I told you to, you'd understand"
3030,2144,3,13,87,103,1.1844660194174756,0.04523259434304085,691,He forgot his clipboard again.  We told him what would happen.
3071,2144,2,15,86,103,1.1844660194174756,0.04307691007839965,691,"I'm postulating that the energy used equals the mouse's mass times the smell of the cheese squared."""
3078,2144,2,15,86,103,1.1844660194174756,0.04307691007839965,691,Years of trial and error have taught me how to get my research grant extended.
3276,2144,1,17,85,103,1.1844660194174756,0.04080750877967151,691,We shouldn't have named him Elon
1275,2144,2,15,86,103,1.1844660194174756,0.04307691007839965,691,"I guess he felt the need, the need for cheese."
3312,2144,4,11,88,103,1.1844660194174756,0.04729011524728665,691,That must be some pretty fantastic cheese.
3545,2144,2,15,86,103,1.1844660194174756,0.04307691007839965,691,I hope this one's more cooperative.  The last one called 911.
2978,2144,3,13,87,103,1.1844660194174756,0.04523259434304085,691,I'd better go close the window.
958,2144,0,19,84,103,1.1844660194174756,0.03840423627288277,691,i think the mice are talking of over with their technology!
2357,2144,1,17,85,103,1.1844660194174756,0.04080750877967151,691,He outsmart us.
704,2144,0,19,84,103,1.1844660194174756,0.03840423627288277,691,This one seems to have a jump on the rest.
771,2144,4,11,88,103,1.1844660194174756,0.04729011524728665,691,Just a-mazing!
953,2162,2,14,82,98,1.183673469387755,0.04434562619344774,691,This could get messy. He is lactose intolerant.
2206,2163,0,20,89,109,1.18348623853211,0.03724531275523977,691,Would it be against our deontology to put it on Youtube?
2453,2164,3,13,88,104,1.1826923076923077,0.04483065613031456,691,Record time! He found it in .005 seconds.
45,2165,1,19,96,116,1.1810344827586208,0.03793614521927765,691,need some space!
52,2165,4,13,99,116,1.1810344827586208,0.043461778915984337,691,"Yes sir, ll check to see if the dry cleaners can have your space suit back by Monday."
1599,2165,3,15,98,116,1.1810344827586208,0.04170133318085456,691,"The cheese exhibits no reaction whatever, doctor."
3039,2168,3,13,89,105,1.180952380952381,0.04443572215126961,691,"This guy's Good."""
872,2169,2,13,79,94,1.1808510638297873,0.04528252387039548,691,"You got them rocket packs for Chrismas? 
How thoughtful."
3427,2170,1,18,92,111,1.1801801801801801,0.03881580053961578,691,I say big points for creativity and innovation.
2282,2171,1,16,83,100,1.18,0.04114522199392406,691,I think it’s a lot more than blind luck.
2187,2171,4,10,86,100,1.18,0.04794778304562056,691,Did I take the pill again?
2093,2171,0,18,82,100,1.18,0.0386122919665369,691,Maybe we should decrease Algernon's dose?
2046,2171,0,18,82,100,1.18,0.0386122919665369,691,We have to redesign the maze.
3523,2171,3,12,85,100,1.18,0.045792681696639,691,This one can't even figure out how mazes are supposed to work.
1944,2171,0,18,82,100,1.18,0.0386122919665369,691,"Even Millenial Mice are spoiled, it looks like cheese is not enough for them anymore"
2014,2171,1,16,83,100,1.18,0.04114522199392406,691,He doesn't seem to like the gorgonzola.
2310,2171,1,16,83,100,1.18,0.04114522199392406,691,"Right, very cute.  How COULD it hurt to allow him a backpack?"
1903,2171,1,16,83,100,1.18,0.04114522199392406,691,Think it's too easy?
1810,2171,1,16,83,100,1.18,0.04114522199392406,691,His flying good. His landing not so good.
1794,2171,0,18,82,100,1.18,0.0386122919665369,691,It’s the only way I could get him to come for his rehabilitation appointments.
1678,2171,2,14,84,100,1.18,0.04353101761904371,691,"And I think it's gonna be a long long time
'Till touch down brings me round again to find
I'm not the man they think I am at home
Oh no no no I'm a rocket man"
1587,2171,2,14,84,100,1.18,0.04353101761904371,691,He used to be a test mouse in the engineering department.
1567,2171,1,16,83,100,1.18,0.04114522199392406,691,That’s his warmup for the maze.
2044,2171,0,18,82,100,1.18,0.0386122919665369,691,He arrived at breakfast looking like a droned rat.
2401,2171,2,14,84,100,1.18,0.04353101761904371,691,This is the prototype for their aged care facility
2672,2171,0,18,82,100,1.18,0.0386122919665369,691,You're going the wrong way stupid
2517,2171,1,16,83,100,1.18,0.04114522199392406,691,"First, Google Maps. Now, this."
2853,2171,1,16,83,100,1.18,0.04114522199392406,691,The neuro-peptides have added a whole NEW angle to our research.
2735,2171,0,18,82,100,1.18,0.0386122919665369,691,"Very disappointing, he still ain't got the cheese."
3403,2171,1,16,83,100,1.18,0.04114522199392406,691,...precisely as I expected.
3365,2171,2,14,84,100,1.18,0.04353101761904371,691,"Hey, who just cut the cheese?"
3204,2171,2,14,84,100,1.18,0.04353101761904371,691,I think our careers would be safer claiming we just saw a UFO.
3094,2171,1,16,83,100,1.18,0.04114522199392406,691,He's lactose intolerant.
2512,2171,1,16,83,100,1.18,0.04114522199392406,691,I think he figured it out!
2904,2171,0,18,82,100,1.18,0.0386122919665369,691,Perhaps it's time for a new challenge.
2857,2171,1,16,83,100,1.18,0.04114522199392406,691,Techno hacks take the fun out of my job.
2884,2171,3,12,85,100,1.18,0.045792681696639,691,Douglas Adams might have been on to something...
2691,2171,1,16,83,100,1.18,0.04114522199392406,691,"Would you like a chair, Dr. Squeeks?"
2680,2171,0,18,82,100,1.18,0.0386122919665369,691,How many times has he been through this maze?
2651,2171,2,14,84,100,1.18,0.04353101761904371,691,I know you set this up
2629,2171,0,18,82,100,1.18,0.0386122919665369,691,They rejected the camembert
1459,2171,2,14,84,100,1.18,0.04353101761904371,691,I'm not really sure what we expected but I didn't expect this.
1406,2171,3,12,85,100,1.18,0.045792681696639,691,This is taking spatial learning of a maze to a whole new level
606,2171,2,14,84,100,1.18,0.04353101761904371,691,"He learned that from you, Derek."
1307,2171,2,14,84,100,1.18,0.04353101761904371,691,Avoiding the maze is not an option !
1334,2171,1,16,83,100,1.18,0.04114522199392406,691,I WILL NOT return!
29,2171,3,12,85,100,1.18,0.045792681696639,691,My therapist said I need to ‘face my fears’
35,2171,0,18,82,100,1.18,0.0386122919665369,691,"Just promise me, don’t take me to the stars”"
56,2171,3,12,85,100,1.18,0.045792681696639,691,"Be right back, just going to check on last years New Years resolutions!"
135,2171,1,16,83,100,1.18,0.04114522199392406,691,My apologies. Maybe we lied when we said our rooftop view was “out of this world...”
161,2171,3,12,85,100,1.18,0.045792681696639,691,"I need space, Gary."
197,2171,3,12,85,100,1.18,0.045792681696639,691,Are you going up or down?
220,2171,2,14,84,100,1.18,0.04353101761904371,691,The floor is essentially tile
288,2171,3,12,85,100,1.18,0.045792681696639,691,"Oh, rats!"
316,2171,3,12,85,100,1.18,0.045792681696639,691,Looks like Elon Musk has decided to join the rat race.
386,2171,1,16,83,100,1.18,0.04114522199392406,691,"Trust me,the little green curtains will be more calming."
152,2171,2,14,84,100,1.18,0.04353101761904371,691,HA HA HA! | WAS OUT THERE FOR JUST A WEEK AND TOTALLY  FORGOT ABOUT GRAVITY
448,2171,3,12,85,100,1.18,0.045792681696639,691,Must be a kangaroo rat.
402,2171,2,14,84,100,1.18,0.04353101761904371,691,"Yeah, pretty cool he has the jet pack, but he still called you the N-word."
1181,2171,2,14,84,100,1.18,0.04353101761904371,691,"Jet Rat-Pack"""
1145,2171,3,12,85,100,1.18,0.045792681696639,691,"And in our R&D programs, we try to integrate all stakeholders into the development process."
1131,2171,1,16,83,100,1.18,0.04114522199392406,691,We have our nominee for the rodent stud farm
1086,2171,4,10,86,100,1.18,0.04794778304562056,691,A domestic washed rind sheep’s milk!  Now I have seen everything!
1142,2171,3,12,85,100,1.18,0.045792681696639,691,Necessity is the mother of invention.
1056,2171,2,14,84,100,1.18,0.04353101761904371,691,"First,it will have to pass the flight test."
857,2171,1,16,83,100,1.18,0.04114522199392406,691,Don't take it so hard. Every industry gets disrupted eventually.
750,2171,1,16,83,100,1.18,0.04114522199392406,691,Where's our jet packs?
718,2171,3,12,85,100,1.18,0.045792681696639,691,Ellon Mousek
793,2230,0,21,96,117,1.1794871794871795,0.035631196604084675,691,We should increase the walls by 6 inches.
2789,2231,2,14,85,101,1.1782178217821782,0.04313469487285536,691,Do you want to write that UP?
514,2231,0,18,83,101,1.1782178217821782,0.03826960017839144,691,He's overachieving.
512,2231,2,14,85,101,1.1782178217821782,0.04313469487285536,691,He'll never learn a thing this way.
2371,2231,3,12,86,101,1.1782178217821782,0.04537203658372117,691,And thus began the mouse take-over.
1368,2231,3,12,86,101,1.1782178217821782,0.04537203658372117,691,We can use the grant on something else if we ditch this ridiculous maze
2208,2231,2,14,85,101,1.1782178217821782,0.04313469487285536,691,Didn't anyone read him the rules?
1456,2231,3,12,86,101,1.1782178217821782,0.04537203658372117,691,We increased the size of the cheese to stimulate his inventiveness.
1042,2238,1,19,98,118,1.1779661016949152,0.03735293909245258,691,Another drone user test complete!
2387,2239,2,13,82,97,1.175257731958763,0.04399095228347804,691,"We may have SERIOUSLY underestimated its resourcefulness, or, it could just be a fluke."
2348,2239,0,17,80,97,1.175257731958763,0.03880271405716913,691,MacGuyver the Mouse” lives up to his name
2228,2239,1,15,81,97,1.175257731958763,0.04147803334904919,691,The power of privilege
2397,2239,3,11,83,97,1.175257731958763,0.04636788236602624,691,"Last time we'll order from the MIT Specimen Nursery, regardless of the 'special pricing' offer."
2235,2239,1,15,81,97,1.175257731958763,0.04147803334904919,691,There seems to be an issue with the maze.
2616,2239,2,13,82,97,1.175257731958763,0.04399095228347804,691,So this is what Frank Sinatra's Rat Pack was up to
2485,2239,3,11,83,97,1.175257731958763,0.04636788236602624,691,This is what happens when Elon Musk gets involved.
2558,2239,1,15,81,97,1.175257731958763,0.04147803334904919,691,Make a note to cut down on his Red Bull.
2563,2239,3,11,83,97,1.175257731958763,0.04636788236602624,691,I have a theory on where he gets the fuel pellets for the solid rocket boosters.
2567,2239,2,13,82,97,1.175257731958763,0.04399095228347804,691,"If pack rats are a thing, then jet-pack rats must be, too."
2579,2239,2,13,82,97,1.175257731958763,0.04399095228347804,691,Well this makes all the current mousetraps obsolete.
2580,2239,2,13,82,97,1.175257731958763,0.04399095228347804,691,"He's leaving, he's lactose intolerant."
2190,2239,3,11,83,97,1.175257731958763,0.04636788236602624,691,And that's why I said don't use a Musk rat
2412,2239,2,13,82,97,1.175257731958763,0.04399095228347804,691,He was chosen to be the first mouse on Mars. We always make sure he gets the cheese.
3652,2239,1,15,81,97,1.175257731958763,0.04147803334904919,691,Is that the one that’s always doing the Orson Welles impression?
1888,2239,1,15,81,97,1.175257731958763,0.04147803334904919,691,Let's stop lining their cages with Sharper Image.
2136,2239,1,15,81,97,1.175257731958763,0.04147803334904919,691,"He's not exactly Mighty Mouse, but..."
1635,2239,2,13,82,97,1.175257731958763,0.04399095228347804,691,We can still publish something from this
1642,2239,2,13,82,97,1.175257731958763,0.04399095228347804,691,Shall we get him to grill us a piece?
1696,2239,2,13,82,97,1.175257731958763,0.04399095228347804,691,Whoa! I didn't see that move at all.
1767,2239,4,9,84,97,1.175257731958763,0.048628768721941266,691,I guess we know what happened to the Zippo you thought was lost....
1840,2239,1,15,81,97,1.175257731958763,0.04147803334904919,691,I wonder where he got the fuel.
1864,2239,2,13,82,97,1.175257731958763,0.04399095228347804,691,He wasn’t kidding when he said he was going to the “jet propulsion lab”....
2182,2239,2,13,82,97,1.175257731958763,0.04399095228347804,691,He’s a secret agent of disease
1875,2239,2,13,82,97,1.175257731958763,0.04399095228347804,691,I let him watch the Jetsons on TV at night
2025,2239,0,17,80,97,1.175257731958763,0.03880271405716913,691,We should really stop buying rats from MIT.
2039,2239,1,15,81,97,1.175257731958763,0.04147803334904919,691,We call hm Elan Muskrat.
2040,2239,3,11,83,97,1.175257731958763,0.04636788236602624,691,Where did that rat get a mini-jet pack?
2055,2239,1,15,81,97,1.175257731958763,0.04147803334904919,691,Did the order say research mice or researcher mice?
2060,2239,3,11,83,97,1.175257731958763,0.04636788236602624,691,The term Mouseketeer is taken.
2068,2239,2,13,82,97,1.175257731958763,0.04399095228347804,691,What did you expect me to do in 2020??
2715,2239,2,13,82,97,1.175257731958763,0.04399095228347804,691,I think it evolved above the parameters of our experiment.
2723,2239,2,13,82,97,1.175257731958763,0.04399095228347804,691,He thinks he's James Bond.
3159,2239,1,15,81,97,1.175257731958763,0.04147803334904919,691,Where the heck did he get the helmet and goggles from?
2768,2239,2,13,82,97,1.175257731958763,0.04399095228347804,691,-These millennial mice are killing the maze test.
3511,2239,2,13,82,97,1.175257731958763,0.04399095228347804,691,The smart drugs work better than expected.
3532,2239,0,17,80,97,1.175257731958763,0.03880271405716913,691,"Remember, his generation never watched Mighty Mouse."
3535,2239,3,11,83,97,1.175257731958763,0.04636788236602624,691,I'm going vegan.
3536,2239,1,15,81,97,1.175257731958763,0.04147803334904919,691,"Okay, I grant you he's clever.  But the rules, he doesn't follow the rules!"
3575,2239,3,11,83,97,1.175257731958763,0.04636788236602624,691,Is the cheese that good?
3609,2239,1,15,81,97,1.175257731958763,0.04147803334904919,691,"I'm gonna nail this. For me, my buddies, and... cheese"
3596,2239,1,15,81,97,1.175257731958763,0.04147803334904919,691,We didn’t make the rocket pack.
1629,2239,3,11,83,97,1.175257731958763,0.04636788236602624,691,Did we just invent airborne rabies?
3454,2239,0,17,80,97,1.175257731958763,0.03880271405716913,691,"He said, ""Swiss?  Again?  Why is it always Swiss?"""
3405,2239,0,17,80,97,1.175257731958763,0.03880271405716913,691,Another Red Bull test subject?
3402,2239,1,15,81,97,1.175257731958763,0.04147803334904919,691,"He's great with mazes, but you don't wanna watch him copulate."
3356,2239,2,13,82,97,1.175257731958763,0.04399095228347804,691,Let's ponder implications back in our cubicle.
3290,2239,2,13,82,97,1.175257731958763,0.04399095228347804,691,I think he’s ready to free solo.
3273,2239,3,11,83,97,1.175257731958763,0.04636788236602624,691,"First, a hot air balloon. Now this."
3232,2239,3,11,83,97,1.175257731958763,0.04636788236602624,691,Quick--cancel their funding while we’re smarter.
3231,2239,2,13,82,97,1.175257731958763,0.04399095228347804,691,"damn. this mouse done copped a tiny jet pack. we didn’t even give him that, no cap!! go off, king. get dat cheese forreal. always on that grind! one hundred emoji devil emoji"
3200,2239,3,11,83,97,1.175257731958763,0.04636788236602624,691,"I'm just not sure why you bothered making him a helmet when we're just going to slice open his brain after this anyway."""
2793,2239,0,17,80,97,1.175257731958763,0.03880271405716913,691,"This rodent qualifies for space force lab rat...
Give new meaning to “Who moved my cheese...”"
2839,2239,2,13,82,97,1.175257731958763,0.04399095228347804,691,That rat studied his options.
2875,2239,1,15,81,97,1.175257731958763,0.04147803334904919,691,If that one is from the control group
2902,2239,0,17,80,97,1.175257731958763,0.03880271405716913,691,Is it possible that this subject came from the cognitive enhancement study down the hall?
2919,2239,3,11,83,97,1.175257731958763,0.04636788236602624,691,He says he learnt this trick in a James Bond movie.
2954,2239,1,15,81,97,1.175257731958763,0.04147803334904919,691,I knew we shouldn't let them watch that Buzz Lightyear movie.
2734,2239,0,17,80,97,1.175257731958763,0.03880271405716913,691,"When I hear Crisper, I think of a salad."
2963,2239,1,15,81,97,1.175257731958763,0.04147803334904919,691,It is essential that you notice the arch on your left.
3001,2239,1,15,81,97,1.175257731958763,0.04147803334904919,691,We have greatly underestimated their intelligence.
3019,2239,1,15,81,97,1.175257731958763,0.04147803334904919,691,She was raised by ravens.
3025,2239,2,13,82,97,1.175257731958763,0.04399095228347804,691,We should probably go see what the crows are building.
3079,2239,2,13,82,97,1.175257731958763,0.04399095228347804,691,We’ll call it The Musdalorian!
3147,2239,3,11,83,97,1.175257731958763,0.04636788236602624,691,The marketing team for Kraft cheese is going to have a field day with this.
3179,2239,2,13,82,97,1.175257731958763,0.04399095228347804,691,Even Skinner would say that’s a B.F.D.
2971,2239,0,17,80,97,1.175257731958763,0.03880271405716913,691,So I’m willing to document that as a new reward finding record.
1626,2239,2,13,82,97,1.175257731958763,0.04399095228347804,691,He tired of the Tesla faster than we anticipated
1024,2239,0,17,80,97,1.175257731958763,0.03880271405716913,691,Mouse. James Mouse.
1538,2239,2,13,82,97,1.175257731958763,0.04399095228347804,691,I think they forgot to make the glass ceiling.
751,2239,2,13,82,97,1.175257731958763,0.04399095228347804,691,I think we need to cut back a bit on the diet pills.
748,2239,3,11,83,97,1.175257731958763,0.04636788236602624,691,"Well, I guess Algernon's been watching James Bond..."""
733,2239,1,15,81,97,1.175257731958763,0.04147803334904919,691,Belichick taught him that one.
713,2239,1,15,81,97,1.175257731958763,0.04147803334904919,691,We'd better notify the Border Patrol about this.
707,2239,2,13,82,97,1.175257731958763,0.04399095228347804,691,Should have gone with simple Cheddar not Barely Buzzed.
678,2239,1,15,81,97,1.175257731958763,0.04147803334904919,691,This one is knows how to think outside the box
664,2239,3,11,83,97,1.175257731958763,0.04636788236602624,691,I glued the cheese.
588,2239,0,17,80,97,1.175257731958763,0.03880271405716913,691,"Are you sure this is going to work, Ratatouille?"
584,2239,2,13,82,97,1.175257731958763,0.04399095228347804,691,Let's get a baseline on us first. I love swiss cheese.
562,2239,3,11,83,97,1.175257731958763,0.04636788236602624,691,"If you think that's impressive, wait until you see the Cybertruck."
505,2239,1,15,81,97,1.175257731958763,0.04147803334904919,691,Let me guess: he's the one from Mexico?
467,2239,0,17,80,97,1.175257731958763,0.03880271405716913,691,An Elon Musk-rat.
454,2239,1,15,81,97,1.175257731958763,0.04147803334904919,691,The department of tourism cannot get wind of this.
444,2239,2,13,82,97,1.175257731958763,0.04399095228347804,691,"""Should we  have something  for the runner-up?"""
431,2239,1,15,81,97,1.175257731958763,0.04147803334904919,691,"Thats what we get for naming him ""Elon Mousk"""
409,2239,2,13,82,97,1.175257731958763,0.04399095228347804,691,I think someone from NASA must have a key to our lab.
332,2239,3,11,83,97,1.175257731958763,0.04636788236602624,691,He has an Uber Drone waiting outside
325,2239,3,11,83,97,1.175257731958763,0.04636788236602624,691,Just as I expected.  She couldn't find the right way to get there.
300,2239,1,15,81,97,1.175257731958763,0.04147803334904919,691,"I know it's ridiculous, but we have to do this if we want Elon Musk to keep funding us."
264,2239,1,15,81,97,1.175257731958763,0.04147803334904919,691,"Moonwalk contest, on the right sir"
234,2239,4,9,84,97,1.175257731958763,0.048628768721941266,691,Can you count down this time?
226,2239,3,11,83,97,1.175257731958763,0.04636788236602624,691,Where is my Tesla dude?
176,2239,0,17,80,97,1.175257731958763,0.03880271405716913,691,In 3...2...1...
174,2239,4,9,84,97,1.175257731958763,0.048628768721941266,691,Power dressing for millenials
96,2239,2,13,82,97,1.175257731958763,0.04399095228347804,691,There was no prep for this small talk thing.
83,2239,1,15,81,97,1.175257731958763,0.04147803334904919,691,Laundry day?’
76,2239,3,11,83,97,1.175257731958763,0.04636788236602624,691,"Sorry, we dont go that far up."
817,2239,1,15,81,97,1.175257731958763,0.04147803334904919,691,"Man, I didn't know mice could evolve into Millennials!"
820,2239,1,15,81,97,1.175257731958763,0.04147803334904919,691,Should we phone Elon Musk?
50,2239,4,9,84,97,1.175257731958763,0.048628768721941266,691,"Just so you know, all of the jumping was purely for educational purposes."
859,2239,1,15,81,97,1.175257731958763,0.04147803334904919,691,How much will it cost to put a ceiling on it?
1315,2239,2,13,82,97,1.175257731958763,0.04399095228347804,691,I told you bringing in the California rats would change everything.
1314,2239,3,11,83,97,1.175257731958763,0.04636788236602624,691,"He's come a long way from churning cream into butter, hasn't he?"
1521,2239,2,13,82,97,1.175257731958763,0.04399095228347804,691,"This is implausible but, like, not as implausible as Emperor Palpatine having kids."
1304,2239,3,11,83,97,1.175257731958763,0.04636788236602624,691,Obviously cat drones are next.
1286,2239,3,11,83,97,1.175257731958763,0.04636788236602624,691,I am pretty sure we can reproduce these results as long as we use the same subjects.
1265,2239,1,15,81,97,1.175257731958763,0.04147803334904919,691,Is he deserting a sinking laboratory?
1261,2239,2,13,82,97,1.175257731958763,0.04399095228347804,691,We got this group from Elon Musk's lab.
1195,2239,4,9,84,97,1.175257731958763,0.048628768721941266,691,"That's one small step for rats, and a giant leap towards more cheese"
1171,2239,1,15,81,97,1.175257731958763,0.04147803334904919,691,Dang!  I was hoping he wouldn’t spot the cheese.  I forgot my lunch again.
1163,2239,1,15,81,97,1.175257731958763,0.04147803334904919,691,"You know what..?  I forgot to switch out the cheese, that’s the expired stuff."
1150,2239,2,13,82,97,1.175257731958763,0.04399095228347804,691,this really does not help our carbon footprint
1129,2239,0,17,80,97,1.175257731958763,0.03880271405716913,691,I call him liddle' rocket mouse.
1118,2239,2,13,82,97,1.175257731958763,0.04399095228347804,691,He hired a lobbyist.
1378,2239,0,17,80,97,1.175257731958763,0.03880271405716913,691,Is that covered under the budget?
1081,2239,2,13,82,97,1.175257731958763,0.04399095228347804,691,"We left the window open, didn't we?"
1025,2239,0,17,80,97,1.175257731958763,0.03880271405716913,691,I'm also worried about the integrity of the experiment.
998,2239,0,17,80,97,1.175257731958763,0.03880271405716913,691,That explains the tiny TV walking up the stairs
993,2239,4,9,84,97,1.175257731958763,0.048628768721941266,691,Noted: #24 doesn't do lactose
988,2239,1,15,81,97,1.175257731958763,0.04147803334904919,691,Well that's going to screw up the Bell Curve!
1544,2239,1,15,81,97,1.175257731958763,0.04147803334904919,691,Is it just a coincidence that we named this one Elon?
985,2239,0,17,80,97,1.175257731958763,0.03880271405716913,691,A jet pack for the rat pack
932,2239,1,15,81,97,1.175257731958763,0.04147803334904919,691,Is this the one with the modified JTPCK gene?
915,2239,2,13,82,97,1.175257731958763,0.04399095228347804,691,Another escapee from the Silcon Valley lab.
899,2239,1,15,81,97,1.175257731958763,0.04147803334904919,691,Look at the maze we live in.  Maybe we should joint it.
889,2239,1,15,81,97,1.175257731958763,0.04147803334904919,691,We shouldn't have shown them the Wheel
830,2239,2,13,82,97,1.175257731958763,0.04399095228347804,691,"Nope, I don't think this one will find the cheese either - his GPS is programmed to ""the hell out of here."""
1464,2239,2,13,82,97,1.175257731958763,0.04399095228347804,691,"Sorry, no mechanically enhanced athletes allowed."
1735,2367,2,14,87,103,1.174757281553398,0.0423630579856997,691,Who let that drone mouse in the lab?
800,2368,2,13,83,98,1.1734693877551021,0.043576462694968975,691,Exhibiting signs of twenty-twenty vision
1458,2368,3,11,84,98,1.1734693877551021,0.04592713290344639,691,'He wants to know how we're getting on with the Air to Cat Missiles'.
208,2368,2,13,83,98,1.1734693877551021,0.043576462694968975,691,"MR ARMSTRONG, THE STAGE IS SET IN HALL NUMBER 8°"
758,2368,2,13,83,98,1.1734693877551021,0.043576462694968975,691,So what if his first maze was not until age 37.
189,2372,2,16,98,116,1.1724137931034482,0.03925059242663616,691,Ground floor to Major Tom?
492,2373,2,10,70,82,1.170731707317073,0.048478438536580806,691,"You've been dating that engineer again, haven't you?"
687,2374,2,12,80,94,1.1702127659574468,0.04445531425009222,691,"Always best to ask a consultant that is personally
 involved in the newest technology."
552,2374,2,12,80,94,1.1702127659574468,0.04445531425009222,691,I guess he isn't happy with his cut of the cheese.
566,2374,3,10,81,94,1.1702127659574468,0.046958019171166314,691,Did you leave the TV on Lynda? Again?
659,2374,2,12,80,94,1.1702127659574468,0.04445531425009222,691,"Ok, time to start injecting the mice."""
660,2374,1,14,79,94,1.1702127659574468,0.04180304254081611,691,Do you think that we jinxed it by naming him Remy?
2010,2374,1,14,79,94,1.1702127659574468,0.04180304254081611,691,You didn't use my cave-aged Emmenthaler?
745,2374,2,12,80,94,1.1702127659574468,0.04445531425009222,691,Those cheeseheads never play by the rules.
772,2374,2,12,80,94,1.1702127659574468,0.04445531425009222,691,"C'mon Ron, I told you not to cheat."
794,2374,2,12,80,94,1.1702127659574468,0.04445531425009222,691,"He's filing for disability"""
967,2374,2,12,80,94,1.1702127659574468,0.04445531425009222,691,Maybe he's lactose intolerant.
1084,2374,2,12,80,94,1.1702127659574468,0.04445531425009222,691,Our planet is so doomed! Rats are getting super creative in escaping this sinking ship!
1179,2374,3,10,81,94,1.1702127659574468,0.046958019171166314,691,Keep in mind that's just one sample.
1189,2374,2,12,80,94,1.1702127659574468,0.04445531425009222,691,he must have watched the james bond movie last night
1328,2374,1,14,79,94,1.1702127659574468,0.04180304254081611,691,So.....can I eat that cheese now?
1548,2374,1,14,79,94,1.1702127659574468,0.04180304254081611,691,"Think he found the maze is kinda unneeded,,cheesy? I guess"
1593,2374,1,14,79,94,1.1702127659574468,0.04180304254081611,691,He just flew in the open window!
1610,2374,4,8,82,94,1.1702127659574468,0.04933392508086898,691,Death is not the end.
1675,2374,2,12,80,94,1.1702127659574468,0.04445531425009222,691,He doesn’t like his study arm assignment!
481,2374,1,14,79,94,1.1702127659574468,0.04180304254081611,691,We're gonna need bigger walls.
377,2374,0,16,78,94,1.1702127659574468,0.03897067828847878,691,"I must say: “ as a researcher, this is an uplifting moment.”"
366,2374,2,12,80,94,1.1702127659574468,0.04445531425009222,691,He's hoping for a cheesy landing.
132,2374,2,12,80,94,1.1702127659574468,0.04445531425009222,691,Don’t stop until we lose gravity.
3203,2374,1,14,79,94,1.1702127659574468,0.04180304254081611,691,To make the experiment really fair we need  comparison results from a two-legged specimen.
3146,2374,1,14,79,94,1.1702127659574468,0.04180304254081611,691,I blame social media.
3082,2374,3,10,81,94,1.1702127659574468,0.046958019171166314,691,"On the other hand, we're going to need a boatload of cheese."
2833,2374,1,14,79,94,1.1702127659574468,0.04180304254081611,691,"technology is changing, the rat race it changing, what are we going to do Henry?"
2736,2374,1,14,79,94,1.1702127659574468,0.04180304254081611,691,Face it -- we're playing crackers and he's playing 3D cheese.”
2637,2374,0,16,78,94,1.1702127659574468,0.03897067828847878,691,Honey badger doesn't care.
1702,2374,2,12,80,94,1.1702127659574468,0.04445531425009222,691,"Clearly he thought out of the box. I mean the maze,"
2613,2374,1,14,79,94,1.1702127659574468,0.04180304254081611,691,This one’s been on a vegan diet for the past month.
2496,2374,1,14,79,94,1.1702127659574468,0.04180304254081611,691,He could have just used a drone.
2158,2374,0,16,78,94,1.1702127659574468,0.03897067828847878,691,"Unfortunately Miss Buckner, technology has caught up with our research grant.."
21,2374,2,12,80,94,1.1702127659574468,0.04445531425009222,691,"Yes,of course, as you wish: ten, nine, eight, seven...™"
32,2374,3,10,81,94,1.1702127659574468,0.046958019171166314,691,"Uh Houston, we’ve got a problem"
2062,2374,3,10,81,94,1.1702127659574468,0.046958019171166314,691,He must be a Republican. He’s got no common sense
88,2374,4,8,82,94,1.1702127659574468,0.04933392508086898,691,which floor? the infinity and beyond please
115,2374,3,10,81,94,1.1702127659574468,0.046958019171166314,691,"iGRUSS GOTT""  4"
3460,2374,2,12,80,94,1.1702127659574468,0.04445531425009222,691,Defense spending has really changed the game.
1892,2374,1,14,79,94,1.1702127659574468,0.04180304254081611,691,Maybe we should try the Camembert
181,2413,0,18,88,106,1.169811320754717,0.03664182311151792,691,I started to feel like work was a ferocious void so they sent me home
463,2414,2,12,81,95,1.168421052631579,0.0440213517849933,691,He's smarter than your'e dumbass.
427,2414,2,12,81,95,1.168421052631579,0.0440213517849933,691,It's a request for limburger
1058,2414,1,14,80,95,1.168421052631579,0.04139945950425743,691,That must be some great cheese.
1393,2414,1,14,80,95,1.168421052631579,0.04139945950425743,691,He feels the need... the need for cheese.
1606,2414,2,12,81,95,1.168421052631579,0.0440213517849933,691,Rat. James Rat.
1811,2414,4,8,83,95,1.168421052631579,0.04884473097935025,691,It’s simply a rat race in there!
2560,2414,1,14,80,95,1.168421052631579,0.04139945950425743,691,"Professor, can't you see? They're evolving before our very eyes--just like Darwin predicted."
2514,2414,0,16,79,95,1.168421052631579,0.038599884475360384,691,"Not the Sinatra, he'd have to be the Humphrey Bogart of  the Jet Rat Pack"
1245,2422,3,10,83,96,1.1666666666666667,0.04604218762109022,691,It's a prototype - ratent pending.
1347,2422,2,13,87,102,1.1666666666666667,0.04199299507395459,691,They really are everywhere
2518,2424,1,14,82,97,1.1649484536082475,0.040614936953858476,691,It's looks like the slice of cheese helped this time!
480,2424,2,12,83,97,1.1649484536082475,0.043178116402505386,691,I'm outta here!
3375,2424,2,12,83,97,1.1649484536082475,0.043178116402505386,691,"This test says they are lactose intolerant ""."
3254,2424,3,10,84,97,1.1649484536082475,0.045597438177716845,691,DO WE REALLY NEED AN IMPARTIAL JUDGE?
2300,2428,2,11,79,92,1.1630434782608696,0.044467368369936235,691,Now he's demanding Gorgonzola Dolce.
2273,2428,1,13,78,92,1.1630434782608696,0.04169478752204208,691,This is the result of crossbreeding mice with bats.
2035,2428,2,11,79,92,1.1630434782608696,0.044467368369936235,691,'' Didn't I  tell you what would happen if you switched to peanut butter.''
1787,2428,3,9,80,92,1.1630434782608696,0.047076941202535395,691,We have implanted a new gene that makes the mouse eat the cheese and then cut the cheese.
1628,2428,1,13,78,92,1.1630434782608696,0.04169478752204208,691,What if he doesn't like Limburger?
1566,2428,1,13,78,92,1.1630434782608696,0.04169478752204208,691,Some rat squealed.
2306,2428,2,11,79,92,1.1630434782608696,0.044467368369936235,691,"I suggest we document his pitch, yaw and roll."
1474,2428,2,11,79,92,1.1630434782608696,0.044467368369936235,691,That's the one with the Elon Musk gene implant.
1465,2428,2,11,79,92,1.1630434782608696,0.044467368369936235,691,Looks like he MacGyvered the mousetrap.
1336,2428,1,13,78,92,1.1630434782608696,0.04169478752204208,691,Ok that's a cool mouse!!!
2277,2428,2,11,79,92,1.1630434782608696,0.044467368369936235,691,Are you sure this will help us understand the Senate?
2428,2428,1,13,78,92,1.1630434782608696,0.04169478752204208,691,"I think he may have gotten into the Gama irradiated cheese."""
3105,2428,1,13,78,92,1.1630434782608696,0.04169478752204208,691,uh... where did he get that?
2877,2428,1,13,78,92,1.1630434782608696,0.04169478752204208,691,It would appear that Mr. Go Go Gadget Ratigan has managed to solve the mystery of the maze.
2952,2428,2,11,79,92,1.1630434782608696,0.044467368369936235,691,We need to up our game on the maze for these mice coming over from the Tesla lab.
3049,2428,2,11,79,92,1.1630434782608696,0.044467368369936235,691,"OK, this is the last time we’re running tests on the Elon Muskrat."
3069,2428,2,11,79,92,1.1630434782608696,0.044467368369936235,691,Let R&D know we need to up the better mousetrap budget.
3096,2428,3,9,80,92,1.1630434782608696,0.047076941202535395,691,"...was this the one who drank his own piss?"""
1241,2428,0,15,77,92,1.1630434782608696,0.03872420126056659,691,i think i know what happened to your research
3196,2428,0,15,77,92,1.1630434782608696,0.03872420126056659,691,I have a few questions about our hypothesis.
3326,2428,1,13,78,92,1.1630434782608696,0.04169478752204208,691,"Well, they have certainly upped their reconnaissance skills."
3366,2428,2,11,79,92,1.1630434782608696,0.044467368369936235,691,knlfg
3489,2428,2,11,79,92,1.1630434782608696,0.044467368369936235,691,"The results are so unusual,doctor. Every 5 seconds the mouse stops and seems to be reaching for his pocket and looking for his smart phone. How did he learn that? 

AV, Orlando, FL"
3604,2428,2,11,79,92,1.1630434782608696,0.044467368369936235,691,Raclette?
3617,2428,2,11,79,92,1.1630434782608696,0.044467368369936235,691,Do you ever get tired of the rat race?
2669,2428,1,13,78,92,1.1630434782608696,0.04169478752204208,691,"Lois, can you get the lid please?"
1137,2428,2,11,79,92,1.1630434782608696,0.044467368369936235,691,"We've moved the cheese once too often."""
1061,2428,0,15,77,92,1.1630434782608696,0.03872420126056659,691,"Hey Linda, make sure you add this to the fine print."
121,2428,2,11,79,92,1.1630434782608696,0.044467368369936235,691,Waaay behind in laundry”
89,2428,2,11,79,92,1.1630434782608696,0.044467368369936235,691,Wrong floor. This is not the Mars landing studio.’
99,2428,0,15,77,92,1.1630434782608696,0.03872420126056659,691,You know... you might find the presence of gravity here quite useful.
100,2428,1,13,78,92,1.1630434782608696,0.04169478752204208,691,"And your wife, Mr  Johnson? Did you leave her on the moon?"
114,2428,1,13,78,92,1.1630434782608696,0.04169478752204208,691,How far do you go up?
964,2428,3,9,80,92,1.1630434782608696,0.047076941202535395,691,"An acute discovery in gene editing indeed Maria, however one ponders why the subject chose to remain lactose intolerant. Should we contact maintenance or marketing?"
122,2428,1,13,78,92,1.1630434782608696,0.04169478752204208,691,"you know, there’s a shuttle."
144,2428,1,13,78,92,1.1630434782608696,0.04169478752204208,691,its the 10th floor already and i'm starting to belive they made these 10 stars up
170,2428,3,9,80,92,1.1630434782608696,0.047076941202535395,691,"Let me guess, going up?"
251,2428,3,9,80,92,1.1630434782608696,0.047076941202535395,691,Next stop Mars.
465,2428,1,13,78,92,1.1630434782608696,0.04169478752204208,691,Where we did get a rat-sized jetpack?
466,2428,1,13,78,92,1.1630434782608696,0.04169478752204208,691,"You're supposed to walk, not fly"
522,2428,2,11,79,92,1.1630434782608696,0.044467368369936235,691,We should never have put him on that engineering course
643,2428,2,11,79,92,1.1630434782608696,0.044467368369936235,691,Did it just break the glass ceiling or did we forget to put it on again?
645,2428,3,9,80,92,1.1630434782608696,0.047076941202535395,691,So that's what happened to my mini jetpack.
785,2428,0,15,77,92,1.1630434782608696,0.03872420126056659,691,"I think the lactose intolerance drug needs a bit more work, Gayle."
914,2428,3,9,80,92,1.1630434782608696,0.047076941202535395,691,"So, what’s new?"
384,2428,3,9,80,92,1.1630434782608696,0.047076941202535395,691,narf!
1858,2474,1,13,79,93,1.1612903225806452,0.04128126361587671,691,I don't know whether to ding him on his inability to see the cheese right in front of him or call him genius for making that tiny jet-pack.
1272,2474,2,11,80,93,1.1612903225806452,0.0440215494550123,691,Renegade from aeronautical rat lab upstairs.
1653,2474,3,9,81,93,1.1612903225806452,0.04660097538803969,691,He says the rent is too high.
2149,2474,2,11,80,93,1.1612903225806452,0.0440215494550123,691,How do we score jet pack innovation?
85,2474,4,7,82,93,1.1612903225806452,0.04904492835975263,691,- So how much have I missed? - Uhmm flat-earthers are a thing again! - Uh!!!
3009,2474,1,13,79,93,1.1612903225806452,0.04128126361587671,691,Welcome to 2020
2345,2474,3,9,81,93,1.1612903225806452,0.04660097538803969,691,"Hi -ho- the-Der-io
The cheese remains alone"
61,2481,2,11,81,94,1.1595744680851063,0.0435845055714996,691,"the indoor pool, Sir"
858,2481,4,7,83,94,1.1595744680851063,0.04855069849881071,691,"Speedy Gonzales, version 3.1"
1340,2481,2,11,81,94,1.1595744680851063,0.0435845055714996,691,Just looking for my cheese.
2596,2484,2,10,77,89,1.1573033707865168,0.04491188855445378,691,It's only in the song that the cheese stands alone.
2995,2484,2,10,77,89,1.1573033707865168,0.04491188855445378,691,If you give a mouse an adderall.
2441,2484,0,14,75,89,1.1573033707865168,0.03881175728695266,691,They fly now?
2353,2484,3,8,78,89,1.1573033707865168,0.04767012007999197,691,I'mma jet
2331,2484,2,10,77,89,1.1573033707865168,0.04491188855445378,691,He's learning quickly now that we have turned off his Google maps.
2267,2484,1,12,76,89,1.1573033707865168,0.04197279021716926,691,He is vegan. We need to replace that cheese to have a cruelty-free experiment.
2041,2484,1,12,76,89,1.1573033707865168,0.04197279021716926,691,Now that’s some Gouda cheese!
1948,2484,0,14,75,89,1.1573033707865168,0.03881175728695266,691,Good thing we didn't pre-register the results.
1885,2484,1,12,76,89,1.1573033707865168,0.04197279021716926,691,Maybe they're smarter than we thought.
1686,2484,2,10,77,89,1.1573033707865168,0.04491188855445378,691,"Ah done tole ya and tole ya, DON'T FEED THEM WHEATIES!"
2507,2484,2,10,77,89,1.1573033707865168,0.04491188855445378,691,"He used to be a part of the rat race, until he made his money in tech."
1746,2484,0,14,75,89,1.1573033707865168,0.03881175728695266,691,I should not have let that IT guy into our lab!
3026,2484,2,10,77,89,1.1573033707865168,0.04491188855445378,691,"Name is Mousk, Elon Mousk."
2752,2484,0,14,75,89,1.1573033707865168,0.03881175728695266,691,Maybe we shouldn't have named him Trump?
2899,2484,0,14,75,89,1.1573033707865168,0.03881175728695266,691,"Your friends already told us about the jet pack, Mitch."
2915,2484,0,14,75,89,1.1573033707865168,0.03881175728695266,691,How ‘bout fondue tonight
1564,2484,3,8,78,89,1.1573033707865168,0.04767012007999197,691,What did you think would happen?
3029,2484,3,8,78,89,1.1573033707865168,0.04767012007999197,691,So they moved my cheese.
3059,2484,2,10,77,89,1.1573033707865168,0.04491188855445378,691,That explains Elon Mouse's crowd funding campaign.
3124,2484,0,14,75,89,1.1573033707865168,0.03881175728695266,691,"You used an Elon Muskrat, didn't you?"
3256,2484,1,12,76,89,1.1573033707865168,0.04197279021716926,691,"The cheese ate the mouse, 
The cheese ate the mouse, 
Heigh ho, the derry-o, 
The cheese ate the mouse!"
3286,2484,1,12,76,89,1.1573033707865168,0.04197279021716926,691,He's really up for this test.
3320,2484,1,12,76,89,1.1573033707865168,0.04197279021716926,691,This is the last time we use imported cheese on our trials
3548,2484,1,12,76,89,1.1573033707865168,0.04197279021716926,691,Call JPL: I think we've found one of their escaped rats.
2732,2484,2,10,77,89,1.1573033707865168,0.04491188855445378,691,I think we bred from too much intelligence.
1545,2484,0,14,75,89,1.1573033707865168,0.03881175728695266,691,Do you think she'd let me have a go?
1554,2484,1,12,76,89,1.1573033707865168,0.04197279021716926,691,Remember when I promised not to get anymore lab rats from MIT?
1185,2484,2,10,77,89,1.1573033707865168,0.04491188855445378,691,Mmm... Just curious? Which box did you tick for this one?
15,2484,2,10,77,89,1.1573033707865168,0.04491188855445378,691,"One small step for woman, one giant leap for humanity."
36,2484,1,12,76,89,1.1573033707865168,0.04197279021716926,691,"——————————————— Before you ask- no, I’m not going up."
87,2484,1,12,76,89,1.1573033707865168,0.04197279021716926,691,You just have  to push the right button and you go up.
204,2484,1,12,76,89,1.1573033707865168,0.04197279021716926,691,Elevators terrify me. | usually take the stairs.’
257,2484,1,12,76,89,1.1573033707865168,0.04197279021716926,691,Wife thinks I have acrophobia.
1210,2484,1,12,76,89,1.1573033707865168,0.04197279021716926,691,Thank heavens our Defense Department research contract was approved.
443,2484,1,12,76,89,1.1573033707865168,0.04197279021716926,691,They're a lot smarter than we thought.
327,2484,0,14,75,89,1.1573033707865168,0.03881175728695266,691,"Great it works,but now we have to make one in human size."
594,2484,0,14,75,89,1.1573033707865168,0.03881175728695266,691,"Some mice have all the luck."""
650,2484,0,14,75,89,1.1573033707865168,0.03881175728695266,691,What should I put down for results? Inconclusive or totally gnarly?
717,2484,1,12,76,89,1.1573033707865168,0.04197279021716926,691,It all started when I was on that Elton John kick last month.
1074,2484,2,10,77,89,1.1573033707865168,0.04491188855445378,691,This doesn't bode well for the mice's liberal arts funding.
1184,2484,2,10,77,89,1.1573033707865168,0.04491188855445378,691,Came back with that after one of his escapades
529,2484,3,8,78,89,1.1573033707865168,0.04767012007999197,691,And this is Annie. She was donated to our program from Exeter.
1404,2526,0,16,86,102,1.1568627450980393,0.03618664819936249,691,Always change a losing game.
1461,2527,1,12,77,90,1.1555555555555554,0.04154059161636941,691,"Yes, Doctor.  In time the cheese will mold and the mouse will suffer an anxious state of sexual repression caused by bondage and hunger."
3591,2527,1,12,77,90,1.1555555555555554,0.04154059161636941,691,Does he know he's been drafted to Iraq?
986,2527,3,8,79,90,1.1555555555555554,0.04716986890073616,691,Elon is a bit of a show off.
319,2527,0,14,76,90,1.1555555555555554,0.03841787164459599,691,Must be a Jet Propulsion Lab rat.
3089,2531,1,13,83,97,1.1546391752577319,0.03970522339619019,691,Now that’s a LAByrinthal specimen if I’ve ever seen one
2810,2531,2,11,84,97,1.1546391752577319,0.04232353242870654,691,I put it down to that vodka martini I spilled here the other day.
2779,2533,2,9,74,85,1.1529411764705881,0.04585289580871799,691,...well maybe it’ll make more sense when we roll it out.
821,2534,3,8,81,92,1.1521739130434783,0.046200043353871234,691,"Why yes, out of the box thinking should be noted on the research report. It's standard procedure after all."
1693,2535,0,12,67,79,1.1518987341772151,0.040639993680056885,691,The idea came to me while listening to some Sinatra and Sammy Davis Jr
2622,2536,2,9,75,86,1.1511627906976745,0.04535146788118489,691,I guess they weren't hungry before they left.
2595,2536,2,9,75,86,1.1511627906976745,0.04535146788118489,691,Cat got your tongue?
2568,2536,2,9,75,86,1.1511627906976745,0.04535146788118489,691,"OK, he’s playing three-dimensional cheese."
2465,2536,1,11,74,86,1.1511627906976745,0.04222745348420426,691,"Mickey heard some bees are drones, so not to be outdone. . ."
2435,2536,1,11,74,86,1.1511627906976745,0.04222745348420426,691,Its just a timed air-inches test.
2175,2536,1,11,74,86,1.1511627906976745,0.04222745348420426,691,"Yes, it is creepy, but I think that he was very clever taking advantage of the drone lab next door"
2720,2536,1,11,74,86,1.1511627906976745,0.04222745348420426,691,The pigeons are going to be pissed.
2096,2536,3,7,76,86,1.1511627906976745,0.048273734578916254,691,I say we just get a different rat.
2065,2536,1,11,74,86,1.1511627906976745,0.04222745348420426,691,Stuart got very frustrated after losing his car; now he's all about flying
2011,2536,2,9,75,86,1.1511627906976745,0.04535146788118489,691,Did you bring the fondue skewers?
1824,2536,1,11,74,86,1.1511627906976745,0.04222745348420426,691,"Happy Anniversary, baby."
1751,2536,0,13,73,86,1.1511627906976745,0.03885305672071535,691,I think this one is supposed to be in the virtual reality experiment.
1654,2536,0,13,73,86,1.1511627906976745,0.03885305672071535,691,I think we need a bigger Maze
2263,2536,2,9,75,86,1.1511627906976745,0.04535146788118489,691,"He has a flying car, too."
2784,2536,0,13,73,86,1.1511627906976745,0.03885305672071535,691,Now you've done it. The FDA will have a meltdown.
2932,2536,2,9,75,86,1.1511627906976745,0.04535146788118489,691,I see the cheese;where is the mouse?
2845,2536,1,11,74,86,1.1511627906976745,0.04222745348420426,691,"I didn't believe him when he said, ""Cheese?! I'll develop hoverboard technology before you."""
3288,2536,3,7,76,86,1.1511627906976745,0.048273734578916254,691,Call Antitrust.
3250,2536,0,13,73,86,1.1511627906976745,0.03885305672071535,691,His last job was in the epidemiology lab.
3336,2536,2,9,75,86,1.1511627906976745,0.04535146788118489,691,That's not the definition of a 'rat pack'
3349,2536,2,9,75,86,1.1511627906976745,0.04535146788118489,691,He can still smell the cheese?
3437,2536,1,11,74,86,1.1511627906976745,0.04222745348420426,691,Last week she used it to get into the Viagra experiment.
3447,2536,0,13,73,86,1.1511627906976745,0.03885305672071535,691,Sometimes they crack under pressure.
2799,2536,1,11,74,86,1.1511627906976745,0.04222745348420426,691,Cheesus christ...
3220,2536,0,13,73,86,1.1511627906976745,0.03885305672071535,691,Something' is not right here!
3152,2536,2,9,75,86,1.1511627906976745,0.04535146788118489,691,"Um, does your chart have anything related to mouse flight?
Cause he fails on my chart, related to, you know, cheese acquisition."
1632,2536,1,11,74,86,1.1511627906976745,0.04222745348420426,691,Dr. Dreyfus And his steroided mouse won’t like this!
2993,2536,2,9,75,86,1.1511627906976745,0.04535146788118489,691,"He doesn't care much for Swiss, apparently.
Rebecca Hawkins"
2983,2536,3,7,76,86,1.1511627906976745,0.048273734578916254,691,I just can't get her to quit!
2934,2536,3,7,76,86,1.1511627906976745,0.048273734578916254,691,It just got too easy for him.
3277,2536,1,11,74,86,1.1511627906976745,0.04222745348420426,691,It could just be placebo.
3197,2536,4,5,77,86,1.1511627906976745,0.05102892573250161,691,"If I can't find the cheese, how do you expect Mickey to?"
1557,2536,1,11,74,86,1.1511627906976745,0.04222745348420426,691,"Say what you will, but I think the Adderall test results are still conclusive."
3476,2536,2,9,75,86,1.1511627906976745,0.04535146788118489,691,This one is too anal.
1405,2536,2,9,75,86,1.1511627906976745,0.04535146788118489,691,I told you Elon mouse was going to create emissions pointlessly.
3611,2536,1,11,74,86,1.1511627906976745,0.04222745348420426,691,He's one of our lunar trainees.
3590,2536,1,11,74,86,1.1511627906976745,0.04222745348420426,691,"We could praise this mouse for making a jet pack but I think the real takeaway is that this dumbass can’t run a simple maze. Like “Oh, I have to walk across the street, better build a car!” That’s this stupid fucking mouse talking. Total moron mouse."
17,2536,0,13,73,86,1.1511627906976745,0.03885305672071535,691,Oops. Forgot my wallet.
25,2536,2,9,75,86,1.1511627906976745,0.04535146788118489,691,"High flyers lounge, sir?"
3533,2536,1,11,74,86,1.1511627906976745,0.04222745348420426,691,Hardly seems worth it for a lousy wedge of cheese.
75,2536,3,7,76,86,1.1511627906976745,0.048273734578916254,691,It’s just not the same.
149,2536,1,11,74,86,1.1511627906976745,0.04222745348420426,691,"Well, I’m afraid we can only go to the 12th floor of this building."
1412,2536,2,9,75,86,1.1511627906976745,0.04535146788118489,691,There is no Waze this mouse if going to find it’s way.
190,2536,2,9,75,86,1.1511627906976745,0.04535146788118489,691,"Good Evening, Commander. Nice night for a walk."
230,2536,0,13,73,86,1.1511627906976745,0.03885305672071535,691,My wife has just left me because I said I needed  space.
275,2536,2,9,75,86,1.1511627906976745,0.04535146788118489,691,Have a good monday sir
340,2536,2,9,75,86,1.1511627906976745,0.04535146788118489,691,I knew s/he could do it...
159,2536,0,13,73,86,1.1511627906976745,0.03885305672071535,691,"Rooftop please, they are waiting for me...I lost track of time"
544,2536,1,11,74,86,1.1511627906976745,0.04222745348420426,691,"Look fellas, it was either build this jet pack or you would have me jumping through hoops to get the cheese."
1381,2536,1,11,74,86,1.1511627906976745,0.04222745348420426,691,"Turns out, what we thought were rules, were just precedents."
358,2536,0,13,73,86,1.1511627906976745,0.03885305672071535,691,Looks like someone's been watching the new season of Lost in Space.
1348,2536,2,9,75,86,1.1511627906976745,0.04535146788118489,691,He really loves his cheese toasted...
1219,2536,1,11,74,86,1.1511627906976745,0.04222745348420426,691,That's Elon Muskrat
1098,2536,0,13,73,86,1.1511627906976745,0.03885305672071535,691,Can this be relevant with a domestic cheese?
3504,2536,0,13,73,86,1.1511627906976745,0.03885305672071535,691,I think it's safe to say Aeronautics just had their budget slashed considerably.
1021,2536,1,11,74,86,1.1511627906976745,0.04222745348420426,691,Apparently he requested Gruyère.
980,2536,2,9,75,86,1.1511627906976745,0.04535146788118489,691,"Well, he is one of our more gifted rats"
960,2536,2,9,75,86,1.1511627906976745,0.04535146788118489,691,We are up against something new?
868,2536,1,11,74,86,1.1511627906976745,0.04222745348420426,691,There goes the grant funding.
669,2536,1,11,74,86,1.1511627906976745,0.04222745348420426,691,"Well, he’s a rule breaker. That’s obvious!"
1070,2536,2,9,75,86,1.1511627906976745,0.04535146788118489,691,I don’t think that’s what they meant by “an amazing technology.”
3653,2597,2,10,81,93,1.1505376344086022,0.04309832132858191,691,Who’ll handle play by play?
249,2598,0,17,96,113,1.1504424778761062,0.033781009395416894,691,IT had no other clean clothes
2697,2599,0,13,74,87,1.1494252873563218,0.038443158107632124,691,"The crisper modifications have had an effect!  Unfortunately, a small piece of cheese is no longer his prime motivator!"
2195,2599,2,9,76,87,1.1494252873563218,0.04486081606493881,691,He refuses to go in unless we use  aged cheddar cheese.
1851,2599,0,13,74,87,1.1494252873563218,0.038443158107632124,691,So why did he insist on being restrained?
2050,2599,0,13,74,87,1.1494252873563218,0.038443158107632124,691,He must be apart of the ‘out of control group’.
3048,2603,2,10,82,94,1.148936170212766,0.0426674284505854,691,I still think the smoked gouda with truffles is a much nicer reward than Swiss.
968,2603,1,12,81,94,1.148936170212766,0.039896476676276244,691,"He is not staying within the lines, but moves effortlessly."
2601,2605,0,13,76,89,1.146067415730337,0.03764845249025967,691,Is he from the group that watched the Mandalorian?
1496,2606,2,11,90,103,1.145631067961165,0.04000705960520683,691,You two go first!
2084,2607,0,12,71,83,1.144578313253012,0.038836025610803696,691,Technology is our enemy
2079,2607,1,10,72,83,1.144578313253012,0.042451092394817716,691,...and we lost funding.
1857,2607,0,12,71,83,1.144578313253012,0.038836025610803696,691,These Elon Muskrats really are a breed of their own.
1820,2607,0,12,71,83,1.144578313253012,0.038836025610803696,691,"Next, he'll need health care benefits."
1343,2607,1,10,72,83,1.144578313253012,0.042451092394817716,691,What should I say? He keeps asking if the moon is really made of cheese.
1312,2607,0,12,71,83,1.144578313253012,0.038836025610803696,691,"I believe my resume indicated a preference for Epoisses, Janet."
1277,2607,0,12,71,83,1.144578313253012,0.038836025610803696,691,I guess that our mister “Rocket Mouse” didn’t like our cheese selection today.
333,2607,2,8,73,83,1.144578313253012,0.04578158588104719,691,Cheater.
261,2607,0,12,71,83,1.144578313253012,0.038836025610803696,691,"Floor 1,326,785 please"
129,2607,0,12,71,83,1.144578313253012,0.038836025610803696,691,You don’t need to hold the door. Buzz and Neil will be at least two more hours.
116,2607,2,8,73,83,1.144578313253012,0.04578158588104719,691,Happy Halloween Mr Armstrong
2398,2607,1,10,72,83,1.144578313253012,0.042451092394817716,691,Perhaps you shouldn't have told him you were a farmer's wife ...
2434,2607,1,10,72,83,1.144578313253012,0.042451092394817716,691,I realize now you see the resemblance but don’t take it out on the mice.
2655,2607,1,10,72,83,1.144578313253012,0.042451092394817716,691,"He told me it was the year of the rat,but I didn't believe it."
2765,2607,1,10,72,83,1.144578313253012,0.042451092394817716,691,"Cheezus, this one's bright."
3207,2607,1,10,72,83,1.144578313253012,0.042451092394817716,691,Getting back from the holiday break has been difficult for them.
3450,2607,1,10,72,83,1.144578313253012,0.042451092394817716,691,The lab techs call him 'Elon Mouske.'
2274,2607,1,10,72,83,1.144578313253012,0.042451092394817716,691,"Maybe we shouldn’t have named him Icarus, Doctor."
2237,2607,1,10,72,83,1.144578313253012,0.042451092394817716,691,"Just like the human test subjects, every time they choose cheese over escape."
3530,2626,2,9,79,90,1.1444444444444444,0.043450176989596294,691,So the efficacy of the IQ booster juice is a check.
2276,2627,1,12,84,97,1.1443298969072164,0.038745609222610576,691,We shouldn’t have used Jetson for this.
613,2627,0,14,83,97,1.1443298969072164,0.035867054544928,691,We need a 3D maze.
3475,2629,1,10,73,84,1.1428571428571428,0.04197797807648538,691,Release the Minotaur.
2058,2629,0,12,72,84,1.1428571428571428,0.038409489852704655,691,His great-grand-sire was Mighty but the inbreeding didn't take.
2246,2629,2,8,74,84,1.1428571428571428,0.045266017894605576,691,I told you it was starting to show withdrawal symptoms.
2322,2629,0,12,72,84,1.1428571428571428,0.038409489852704655,691,I really think our maze-escape research has gone too far.
2339,2629,1,10,73,84,1.1428571428571428,0.04197797807648538,691,Mouse from test group shows evidence of stunting.
2484,2629,1,10,73,84,1.1428571428571428,0.04197797807648538,691,I knew we should have built a taller maze!
2838,2629,2,8,74,84,1.1428571428571428,0.045266017894605576,691,He would have been far less motivated by vegan cheese.
2940,2629,1,10,73,84,1.1428571428571428,0.04197797807648538,691,Blame it on A.I.
3004,2629,2,8,74,84,1.1428571428571428,0.045266017894605576,691,I told you this mouse is ready to fly over the English Channel.
3448,2629,1,10,73,84,1.1428571428571428,0.04197797807648538,691,"Let’s try the zebra stripe next, Mr. Weinstein."
3620,2629,3,6,75,84,1.1428571428571428,0.048330881521855336,691,If only pizza could help advance us like it did him...
3585,2629,0,12,72,84,1.1428571428571428,0.038409489852704655,691,I think all this new safety equipment is making it hard for him to get through the narrow doorways.
3558,2629,0,12,72,84,1.1428571428571428,0.038409489852704655,691,Now what do we do? The mice are giving up dairy...
1577,2629,2,8,74,84,1.1428571428571428,0.045266017894605576,691,A-maze-ing. Now he’s just showing off. Wouldn’t you agree Bob?
1407,2629,2,8,74,84,1.1428571428571428,0.045266017894605576,691,"Incredible! It made it 75% through the maze."""
3111,2629,1,10,73,84,1.1428571428571428,0.04197797807648538,691,That cheese is so rancid even he can't stand it.
1297,2629,2,8,74,84,1.1428571428571428,0.045266017894605576,691,You can always jetpack up to appreciate the layout of the maze.
1039,2629,2,8,74,84,1.1428571428571428,0.045266017894605576,691,Hand me a letter opener
975,2629,1,10,73,84,1.1428571428571428,0.04197797807648538,691,Those must have been Sikorsky’s brain cells we transplanted.
904,2629,2,8,74,84,1.1428571428571428,0.045266017894605576,691,Is this really the best way to understand  the behavior of Trump supporters?
862,2629,1,10,73,84,1.1428571428571428,0.04197797807648538,691,"A new frontier of the common Pack rat, I'll give him that much."
854,2629,2,8,74,84,1.1428571428571428,0.045266017894605576,691,"Well, this rat has obviously failed the maze experiment."
783,2629,0,12,72,84,1.1428571428571428,0.038409489852704655,691,"I think you folks are the ones with behavioral issues. Like why do you keep blind-folding us? [And like, I can still smell the cheese...]"
449,2629,0,12,72,84,1.1428571428571428,0.038409489852704655,691,"I would call the latest drug results as positive.""
""I wonder if he can teach us to do that too?"
412,2629,0,12,72,84,1.1428571428571428,0.038409489852704655,691,"Quite clever, this Mighty-Mouse wannabe; wouldn't you say?"
1391,2629,2,8,74,84,1.1428571428571428,0.045266017894605576,691,I'd say he's ready for the quad-copter.
350,2629,1,10,73,84,1.1428571428571428,0.04197797807648538,691,Looks like someone’s been reading those updated Beverly Cleary books again...
3499,2656,0,13,79,92,1.141304347826087,0.036515453466785246,691,So he moves on to round three.
1370,2657,0,12,73,85,1.1411764705882352,0.03799211615279771,691,It's Mr. Stark's response to Mighty Mouse.
652,2657,2,8,75,85,1.1411764705882352,0.04476186970406316,691,Clearly the evolution of the Jet-packrat.
286,2657,2,8,75,85,1.1411764705882352,0.04476186970406316,691,Should we warn the Green Bay Packers?
3456,2657,0,12,73,85,1.1411764705882352,0.03799211615279771,691,Republican Party Leadership Litmus Test
1891,2661,1,10,75,86,1.1395348837209303,0.041062465170461374,691,It's a double-blind study.
1813,2662,1,9,69,79,1.139240506329114,0.04314095017892059,691,"This is ridiculous. Just at give him the cheese, you sadist."
3132,2663,2,8,77,87,1.1379310344827587,0.04378635707980383,691,"Calm down, I'm just leaving."
2447,2664,1,9,70,80,1.1375,0.042633817622437835,691,His union rep made a deal with upper management
2224,2664,0,11,69,80,1.1375,0.03874515077865563,691,Maybe we should reconsider the military grant.
2244,2664,1,9,70,80,1.1375,0.042633817622437835,691,Rats. Amirite?
2287,2664,1,9,70,80,1.1375,0.042633817622437835,691,Validation has become highly specialized.
2305,2664,2,7,71,80,1.1375,0.04619629964906088,691,Is this the Democratic or Republican mouse?
2333,2664,1,9,70,80,1.1375,0.042633817622437835,691,You'll need to come up with some other reward. This one is lactose- intolerant.
2340,2664,0,11,69,80,1.1375,0.03874515077865563,691,"Alright, who cut the cheese?"
2457,2664,1,9,70,80,1.1375,0.042633817622437835,691,How are you not “amazed?” Get it?
2370,2664,0,11,69,80,1.1375,0.03874515077865563,691,Don't you think this mouse is a-maze-ing?
2445,2664,2,7,71,80,1.1375,0.04619629964906088,691,That mouse is really into The Mandalorian.
2383,2664,0,11,69,80,1.1375,0.03874515077865563,691,The chart says it's a Double-0 rat.
2406,2664,1,9,70,80,1.1375,0.042633817622437835,691,You don't think they'll like cream cheese?
2413,2664,0,11,69,80,1.1375,0.03874515077865563,691,I don’t think he will tell us much about flying.
2437,2664,1,9,70,80,1.1375,0.042633817622437835,691,"Algernon doesn't really care about flowers, but for cheese anything goes."
2197,2664,0,11,69,80,1.1375,0.03874515077865563,691,Have you been letting the test subjects watch YouTube again?
2449,2664,2,7,71,80,1.1375,0.04619629964906088,691,She hacked into my Amazon Prime again.
2346,2664,1,9,70,80,1.1375,0.042633817622437835,691,"You remember that line from Jurassic Park where they talk about scientists being too preoccupied with ""could"" and not enough on ""should""?
Yeah, me neither."
2153,2664,0,11,69,80,1.1375,0.03874515077865563,691,I told you we should have made the maze taller.
1950,2664,0,11,69,80,1.1375,0.03874515077865563,691,These experiments with geriatric rats are getting just ridiculous.
2124,2664,0,11,69,80,1.1375,0.03874515077865563,691,Next time be sure to use a less piquant fromage.
2460,2664,0,11,69,80,1.1375,0.03874515077865563,691,You get it? Isn’t it a-MAZE-ing?
1659,2664,0,11,69,80,1.1375,0.03874515077865563,691,"Our next fear, rat drones."
1573,2664,2,7,71,80,1.1375,0.04619629964906088,691,We should shut this experiment down before he learns to go nuclear!
1558,2664,1,9,70,80,1.1375,0.042633817622437835,691,"Now that we tested it on mice, how exactly do we get a large enough cheese block to get humans to use jet packs?"
1672,2664,0,11,69,80,1.1375,0.03874515077865563,691,I would try the Camembert.
1718,2664,0,11,69,80,1.1375,0.03874515077865563,691,I guess this means we will need a lot more cheese.
1764,2664,2,7,71,80,1.1375,0.04619629964906088,691,Jetpack for Algernon... what a great idea!
1785,2664,1,9,70,80,1.1375,0.042633817622437835,691,I think it's no a good idea to utilize the same rat in more than  twenty trials...
1862,2664,0,11,69,80,1.1375,0.03874515077865563,691,"He must be amazed"""
1882,2664,0,11,69,80,1.1375,0.03874515077865563,691,His name is Bond. Squeakers Bond.
1952,2664,0,11,69,80,1.1375,0.03874515077865563,691,"This one gets a 5 on creativity, but I think we need to ask her how she filed the Q-tips."
1978,2664,1,9,70,80,1.1375,0.042633817622437835,691,What if I eat a bit?
2030,2664,1,9,70,80,1.1375,0.042633817622437835,691,So this is  the one you said likes Red Bull more than cheese?
2067,2664,0,11,69,80,1.1375,0.03874515077865563,691,What's next...cheese locator drones?
2073,2664,1,9,70,80,1.1375,0.042633817622437835,691,I don't think even Einstien himself could have predicted this was going to happen.
2075,2664,0,11,69,80,1.1375,0.03874515077865563,691,Ever since Baby Yoda came along Mickey's been going through some things.
2082,2664,0,11,69,80,1.1375,0.03874515077865563,691,These Epcot Center rats might not work out.
2135,2664,0,11,69,80,1.1375,0.03874515077865563,691,He says he's not one of the 'flyover' mice.
2461,2664,1,9,70,80,1.1375,0.042633817622437835,691,It's obvious that this mouse is very technologically advanced. We should name him Elon Mouse-k.
3424,2664,1,9,70,80,1.1375,0.042633817622437835,691,Can we move his friends out of here? He's showing off.
2500,2664,2,7,71,80,1.1375,0.04619629964906088,691,Algernon says the cheese won't cut it anymore.
3229,2664,1,9,70,80,1.1375,0.042633817622437835,691,He’s amazing.
3260,2664,2,7,71,80,1.1375,0.04619629964906088,691,We should have bought the one with the roof!
3263,2664,1,9,70,80,1.1375,0.042633817622437835,691,"Quick, grab him before he sends a car into space."
3296,2664,1,9,70,80,1.1375,0.042633817622437835,691,"Thanks to VR, he thinks he's making a landing onto a green cheese moon."
3305,2664,2,7,71,80,1.1375,0.04619629964906088,691,"Well, this puts a stick of dynamite right up the ass of my hypothesis..."
3572,2664,1,9,70,80,1.1375,0.042633817622437835,691,"Karen, we should stop feeding them novels."
3445,2664,0,11,69,80,1.1375,0.03874515077865563,691,Can we pay extra for ones who aren't genre savvy?
3228,2664,0,11,69,80,1.1375,0.03874515077865563,691,What hormones did we give this one?
3462,2664,0,11,69,80,1.1375,0.03874515077865563,691,He wants us to design an app so he can find it.
3482,2664,0,11,69,80,1.1375,0.03874515077865563,691,Don't look now.
3492,2664,0,11,69,80,1.1375,0.03874515077865563,691,You've cross-contaminated our experiment with the AI rats.
3505,2664,1,9,70,80,1.1375,0.042633817622437835,691,The lab rats have successfully made it to Gen Z.
3534,2664,0,11,69,80,1.1375,0.03874515077865563,691,He preferred the cheddar.
3550,2664,1,9,70,80,1.1375,0.042633817622437835,691,It's not organic.
3646,2664,2,7,71,80,1.1375,0.04619629964906088,691,Maybe we should switch from Super Sharp.
3584,2664,0,11,69,80,1.1375,0.03874515077865563,691,We might want to call this emPOWERment.
3480,2664,3,5,72,80,1.1375,0.049503068566184395,691,This mouse is much more advanced. He attached himself to a drone to get through the maze & find the cheese much quicker!
3219,2664,1,9,70,80,1.1375,0.042633817622437835,691,"I suppose this is his ""Kobayashi Maru""."
3209,2664,0,11,69,80,1.1375,0.03874515077865563,691,"Well, I'm just lost for words."
3170,2664,0,11,69,80,1.1375,0.03874515077865563,691,"Now I see why you named him ""ThunderBall""."
2542,2664,1,9,70,80,1.1375,0.042633817622437835,691,"Well, it is green cheese from the moon."
2576,2664,1,9,70,80,1.1375,0.042633817622437835,691,Just imagine his potential if he had a Freedom Cheese Dividend too.
2650,2664,0,11,69,80,1.1375,0.03874515077865563,691,"Hey Steve, do you remember our conversation about the criticism of the Bayesian approach?"
2689,2664,1,9,70,80,1.1375,0.042633817622437835,691,They decided to Uber to a deli
2749,2664,1,9,70,80,1.1375,0.042633817622437835,691,Maybe the paper should be about the Hawthorne Effect?
2777,2664,0,11,69,80,1.1375,0.03874515077865563,691,"The instructions say that if the mouse is recalcitrant, try an Energizer Bunny instead."
2788,2664,2,7,71,80,1.1375,0.04619629964906088,691,"Well, at least this one is on a keto diet."
2794,2664,2,7,71,80,1.1375,0.04619629964906088,691,I hope she makes it
2800,2664,0,11,69,80,1.1375,0.03874515077865563,691,"The hell with him,
Look for his plans"
2949,2664,1,9,70,80,1.1375,0.042633817622437835,691,What if he's vegan?
2994,2664,1,9,70,80,1.1375,0.042633817622437835,691,Maybe we need to add  “ move solely under your own power” to the instructions?
3018,2664,1,9,70,80,1.1375,0.042633817622437835,691,They call him amazing but I still say it's cheating.
3027,2664,1,9,70,80,1.1375,0.042633817622437835,691,"Buy more cheese, or, put on the roof assembly, your call."
3088,2664,0,11,69,80,1.1375,0.03874515077865563,691,"you really think just because he can fly it, the injections are working?  He hasn't found the cheese yet."
3102,2664,0,11,69,80,1.1375,0.03874515077865563,691,Doubt he'll make it farther than Judy.
3109,2664,2,7,71,80,1.1375,0.04619629964906088,691,"It turns out, the ""Mighty Mouse"" series was a documentary"
3138,2664,0,11,69,80,1.1375,0.03874515077865563,691,Trials for a near-future moon landing.
2473,2664,0,11,69,80,1.1375,0.03874515077865563,691,For some reason it makes me think of Social Security.
1516,2664,1,9,70,80,1.1375,0.042633817622437835,691,it must have eaten the brain tissue that got lost during X-mass recess.
1528,2664,1,9,70,80,1.1375,0.042633817622437835,691,"Dammit, Treadwell. It’s the prototype Musk Rat."
1490,2664,0,11,69,80,1.1375,0.03874515077865563,691,Hyperpropulsion seems to be replacing hypercompulsion these days.
213,2664,0,11,69,80,1.1375,0.03874515077865563,691,"To Uranus, please."
222,2664,1,9,70,80,1.1375,0.042633817622437835,691,OMS SIRH SESE a mankind but please press 12 for me thank you. #
229,2664,2,7,71,80,1.1375,0.04619629964906088,691,"Yeah, Houston was sick of all my problems."
235,2664,1,9,70,80,1.1375,0.042633817622437835,691,Yelp said the rooftop patio had great atmosphere
242,2664,1,9,70,80,1.1375,0.042633817622437835,691,High society lounge space?
244,2664,1,9,70,80,1.1375,0.042633817622437835,691,I didnt receive training for this kind of trip.
260,2664,0,11,69,80,1.1375,0.03874515077865563,691,"Here we are, sir, Mars... or floor 7"
179,2664,1,9,70,80,1.1375,0.042633817622437835,691,MERCURY WAS IN MY THIRD HOUSE! BAD DAY FOR A VIRGO.
299,2664,1,9,70,80,1.1375,0.042633817622437835,691,Better cut back on their multivitamins.
334,2664,1,9,70,80,1.1375,0.042633817622437835,691,...all we needed was fresher cheese?
363,2664,0,11,69,80,1.1375,0.03874515077865563,691,Now he wants to be called Mighty Mouse
399,2664,2,7,71,80,1.1375,0.04619629964906088,691,‘He’s the first cadet for the President’s Space Force.’
424,2664,1,9,70,80,1.1375,0.042633817622437835,691,"On the bright side,we have found our Mighty Mouse."
426,2664,1,9,70,80,1.1375,0.042633817622437835,691,These pretzels... Are making me thirsty!
546,2664,1,9,70,80,1.1375,0.042633817622437835,691,"From now on, I think that all mice should be strictly banned from visiting the 'smartest birds' aviary."
599,2664,0,11,69,80,1.1375,0.03874515077865563,691,Let's hide somewhere and see if he cheats.
313,2664,2,7,71,80,1.1375,0.04619629964906088,691,How can I expect the rats to figure it out if I can
620,2664,0,11,69,80,1.1375,0.03874515077865563,691,He's food motivated.
168,2664,0,11,69,80,1.1375,0.03874515077865563,691,Are you a visitor of Mr .Dogg?
133,2664,1,9,70,80,1.1375,0.042633817622437835,691,You must be the new penthouse resident.
1503,2664,0,11,69,80,1.1375,0.03874515077865563,691,I told you building walls wouldn’t work.
2,2664,0,11,69,80,1.1375,0.03874515077865563,691,They weren’t kidding about that penthouse in the sky
4,2664,0,11,69,80,1.1375,0.03874515077865563,691,"Take me back up, Frank. I forgot my umbrella."
11,2664,1,9,70,80,1.1375,0.042633817622437835,691,Where is Greta Thunberg? I need her out there with me next time!
23,2664,1,9,70,80,1.1375,0.042633817622437835,691,Can you hear me? Sorry I lost you there for a minute” -Major To
31,2664,0,11,69,80,1.1375,0.03874515077865563,691,"GOING UP AND OUT, HOUSTON?"
46,2664,0,11,69,80,1.1375,0.03874515077865563,691,"please, forgot my rocket keys!"
142,2664,0,11,69,80,1.1375,0.03874515077865563,691,Space voyage through Heavenward
58,2664,0,11,69,80,1.1375,0.03874515077865563,691,Sometimes it’s just good to know which way is up.
64,2664,2,7,71,80,1.1375,0.04619629964906088,691, 
86,2664,1,9,70,80,1.1375,0.042633817622437835,691,"You better wear pinstripes from now on, Mr. Cole"
93,2664,0,11,69,80,1.1375,0.03874515077865563,691,"I gotta say, this place has quite an atmosphere.."
97,2664,0,11,69,80,1.1375,0.03874515077865563,691,"Oops, wrong world..."
102,2664,1,9,70,80,1.1375,0.042633817622437835,691,Dtchete tall halted hated snd elnelice!
107,2664,1,9,70,80,1.1375,0.042633817622437835,691,Top floor please.”
128,2664,0,11,69,80,1.1375,0.03874515077865563,691,It wasn’t me I swear.
60,2664,1,9,70,80,1.1375,0.042633817622437835,691,Last floor with a bathroom before the moon.”
624,2664,0,11,69,80,1.1375,0.03874515077865563,691,It's bad enough he's not food motivated. He also seems to have no fear.
539,2664,2,7,71,80,1.1375,0.04619629964906088,691,Did you cut the cheese?
709,2664,1,9,70,80,1.1375,0.042633817622437835,691,"If it wanted the cheese so bad, why didn't it just ask?"
1309,2664,0,11,69,80,1.1375,0.03874515077865563,691,"Are you writing this down Claire, his interest in the cheese has vanquished... interesting."
630,2664,1,9,70,80,1.1375,0.042633817622437835,691,I might have snuck him a Red Bull.
1363,2664,0,11,69,80,1.1375,0.03874515077865563,691,He just finished watching Iron Man.
1379,2664,1,9,70,80,1.1375,0.042633817622437835,691,Our research seems to have entered a new dimension.
1383,2664,1,9,70,80,1.1375,0.042633817622437835,691,"M-a-c-G-y-v-e-r   M-o-u-s-e 
MacGyver Mouse
MacGyver Mouse
Forever let us ..."
1399,2664,0,11,69,80,1.1375,0.03874515077865563,691,He seems hungry enough now to get through this maze to find the cheese.
1411,2664,0,11,69,80,1.1375,0.03874515077865563,691,Gluten free?
1267,2664,0,11,69,80,1.1375,0.03874515077865563,691,"I don't want the cheese, I just want out of the trap."
1415,2664,1,9,70,80,1.1375,0.042633817622437835,691,"My name is Norvegicus, Rattus Norvegicus!"
1444,2664,0,11,69,80,1.1375,0.03874515077865563,691,"Over an hour, blindfolded."
1450,2664,0,11,69,80,1.1375,0.03874515077865563,691,Don't you notice her throttle response gets better when it's Swiss?
1455,2664,0,11,69,80,1.1375,0.03874515077865563,691,Now if we can just give this to our congressmen
1457,2664,0,11,69,80,1.1375,0.03874515077865563,691,We didn't think outside the box.
1481,2664,0,11,69,80,1.1375,0.03874515077865563,691,he is afraid because the other two blind mice died in the maze
1485,2664,0,11,69,80,1.1375,0.03874515077865563,691,So.. where is the rat
1486,2664,2,7,71,80,1.1375,0.04619629964906088,691,Looks like he gave up on the mousetrap
1436,2664,0,11,69,80,1.1375,0.03874515077865563,691,"He's not on my specimen list either, but the investors don't need to know that."
1263,2664,0,11,69,80,1.1375,0.03874515077865563,691,Amazing--he's gained 4 ounces eating the virtual cheese.
1357,2664,2,7,71,80,1.1375,0.04619629964906088,691,Please make a note: no more James Bond films before bedtime.
1250,2664,0,11,69,80,1.1375,0.03874515077865563,691,Ha. He didn't weigh the escape options. Thrust or cheese? Thrust or cheese?
742,2664,2,7,71,80,1.1375,0.04619629964906088,691,"He contracted with the scientist aardvarks to build that. But,oy! The cost overruns. Burp! I don't really work here!"
775,2664,1,9,70,80,1.1375,0.042633817622437835,691,Another dumb mouse who can’t  follow the rules.
791,2664,0,11,69,80,1.1375,0.03874515077865563,691,Was it the cheese or the propulsion?
1255,2664,2,7,71,80,1.1375,0.04619629964906088,691,"What I want to know is, who taught him the melody to ""The Farmer in the Dell""?"
841,2664,0,11,69,80,1.1375,0.03874515077865563,691,He believes the moon is made of cheese and that this is a training simulation.
865,2664,0,11,69,80,1.1375,0.03874515077865563,691,I really think using practical effects for this new Stuart Little movie was a great choice
911,2664,0,11,69,80,1.1375,0.03874515077865563,691,"See, I told you not to watch Apollo 13 in front of the test subjects."
916,2664,2,7,71,80,1.1375,0.04619629964906088,691,"On the plus side, the CRISPR-cas modification did not affect his love of cheese."
825,2664,0,11,69,80,1.1375,0.03874515077865563,691,And he doesn’t even LIKE cheese!
966,2664,0,11,69,80,1.1375,0.03874515077865563,691,"Oh great, now we're going to have both 'flying rats' and flying rats in the city."
930,2664,0,11,69,80,1.1375,0.03874515077865563,691,"You didn't tell me the mouse's name was Bond, James Bond."
1215,2664,1,9,70,80,1.1375,0.042633817622437835,691,Why go for the cheese if it can fly to freedom?
1130,2664,1,9,70,80,1.1375,0.042633817622437835,691,Amazon is funding research to identify all options for faster deliveries.
1249,2664,1,9,70,80,1.1375,0.042633817622437835,691,"Operating heavy equipment, check."
1051,2664,1,9,70,80,1.1375,0.042633817622437835,691,But to the rats he's a superhero.
1034,2664,0,11,69,80,1.1375,0.03874515077865563,691,"This is one of the rats from Silicon Valley, I assume?"
1106,2664,0,11,69,80,1.1375,0.03874515077865563,691,I know it’s for science but somehow it seems unfair.
2710,2823,1,8,64,73,1.1369863013698631,0.04497195343285892,691,"This took five rodent generations and the resultant epigenetic memories, and I still don't think he's going to end up getting the cheese."
1786,2824,0,11,70,81,1.1358024691358024,0.03830146187034216,691,"so, you thought mice are dumb, how would you figure your way out of there"
3246,2824,0,11,70,81,1.1358024691358024,0.03830146187034216,691,I told you we should have changed the maze around.
3115,2824,2,7,72,81,1.1358024691358024,0.04565398046197679,691,"You asked if he has any dietary restrictions, right?"
3074,2824,0,11,70,81,1.1358024691358024,0.03830146187034216,691,"I think it is time to write you paper, this study is clearly getting old."
3010,2824,1,9,71,81,1.1358024691358024,0.0421383905330272,691,"See, you are going to need a three dimensional maze."
2644,2824,0,11,70,81,1.1358024691358024,0.03830146187034216,691,We denied him his usual Red Bull supply
1872,2824,0,11,70,81,1.1358024691358024,0.03830146187034216,691,Did you say you bought the mice on Amazon Prime?
1856,2824,1,9,71,81,1.1358024691358024,0.0421383905330272,691,He was a big hit with the flea circus.
1699,2824,1,9,71,81,1.1358024691358024,0.0421383905330272,691,... and you should hear its ideas for a new maze!
59,2824,2,7,72,81,1.1358024691358024,0.04565398046197679,691,the agoraphobia conference room is to the left all the way down
1036,2824,1,9,71,81,1.1358024691358024,0.0421383905330272,691,You should see his cousin with the movie studio
949,2824,2,7,72,81,1.1358024691358024,0.04565398046197679,691,He's just moused over the options.
198,2824,0,11,70,81,1.1358024691358024,0.03830146187034216,691,"Sir, you do know that our “Mercury suite” isn’t actually Mercury, right?"
169,2824,0,11,70,81,1.1358024691358024,0.03830146187034216,691,you dont need to hold the door buzz and neil will be back
1425,2824,1,9,71,81,1.1358024691358024,0.0421383905330272,691,Did he learn this from you?
62,2839,2,7,73,82,1.1341463414634145,0.045124189174381345,691,I will vote for your President!
2251,2839,3,5,74,82,1.1341463414634145,0.04834569857699533,691,"I chart a rat in a 1950’s rocket suit through a cheese maze”, is not getting me the dates I hoped for at Findley’s Pub"
13,2841,0,11,72,83,1.1325301204819278,0.03744359785176957,691,Travel pillows are on the third floor.
1919,2842,0,10,67,77,1.12987012987013,0.03856025347250398,691,You don't suppose the cheese ate the mouse do you?
1998,2842,1,8,68,77,1.12987012987013,0.04276279513224073,691,"Well, now, how much are we in debt?"
2021,2842,0,10,67,77,1.12987012987013,0.03856025347250398,691,Look up! Look down! Look out! ... Squeak!
2098,2842,0,10,67,77,1.12987012987013,0.03856025347250398,691,That is simply unamazing.
2104,2842,1,8,68,77,1.12987012987013,0.04276279513224073,691,We've discovered cheese is a powerful motivator.
2160,2842,0,10,67,77,1.12987012987013,0.03856025347250398,691,What’s even more impressive is that he’s already patented his tiny jetpack.
2254,2842,0,10,67,77,1.12987012987013,0.03856025347250398,691,Looks cool. Too squeaky.
2183,2842,0,10,67,77,1.12987012987013,0.03856025347250398,691,Looks like they discovered Kickstart.
2245,2842,1,8,68,77,1.12987012987013,0.04276279513224073,691,Do you think R&D time would be more impressive if we upgrade to the Camenbert?
1913,2842,1,8,68,77,1.12987012987013,0.04276279513224073,691,Should we call it the rat pack jet or the backpack jet rat?
2257,2842,0,10,67,77,1.12987012987013,0.03856025347250398,691,We are scientists.
2294,2842,1,8,68,77,1.12987012987013,0.04276279513224073,691,"Mouse, cheese, rat race. Check. Now -- why do we keep doing this?"
2363,2842,1,8,68,77,1.12987012987013,0.04276279513224073,691,Due to the significant reduction in our funding we have to conduct our research significantly quicker
2165,2842,0,10,67,77,1.12987012987013,0.03856025347250398,691,The design of your experiment does say the mouse would go blindly through the chutes for the reward.
1898,2842,0,10,67,77,1.12987012987013,0.03856025347250398,691,"It's the long-promised jetpack from Thunderball""! And the rat beat us to it!"
1821,2842,0,10,67,77,1.12987012987013,0.03856025347250398,691,"She may have flunked the intelligence part of the test,  but I still think it's worth noting in our study…"
1871,2842,1,8,68,77,1.12987012987013,0.04276279513224073,691,They've stepped up their game.
1648,2842,0,10,67,77,1.12987012987013,0.03856025347250398,691,The only thing new was the motivation training from HR held here last week.
1651,2842,0,10,67,77,1.12987012987013,0.03856025347250398,691,He must have gotten bored with the maze!
1684,2842,1,8,68,77,1.12987012987013,0.04276279513224073,691,Amazing way out!
1726,2842,1,8,68,77,1.12987012987013,0.04276279513224073,691,The Rogue River Blue does drive some unique behavior.
1733,2842,0,10,67,77,1.12987012987013,0.03856025347250398,691,He bought it online.
1736,2842,0,10,67,77,1.12987012987013,0.03856025347250398,691,Think we should quadruple the dosage for the pigs?
1895,2842,2,6,69,77,1.12987012987013,0.04658776821420219,691,Well he did find his way to the USB port
1758,2842,1,8,68,77,1.12987012987013,0.04276279513224073,691,The gene guys were instructed to use the celibate modification. Elevate option was reserved for politicians
1778,2842,0,10,67,77,1.12987012987013,0.03856025347250398,691,"sorry, this is not going to work_he's a vegan"
1782,2842,0,10,67,77,1.12987012987013,0.03856025347250398,691,SpaceX funding is keeping the lights on.
1801,2842,0,10,67,77,1.12987012987013,0.03856025347250398,691,"Oh, RATS! I mixed up the Research Aptitude Test with the Remote Associates Test used to determine creative potential."
1802,2842,0,10,67,77,1.12987012987013,0.03856025347250398,691,Rats are smarter than humans.
1819,2842,0,10,67,77,1.12987012987013,0.03856025347250398,691,Let’s just hope he doesn’t have our addresses.
2402,2842,0,10,67,77,1.12987012987013,0.03856025347250398,691,This is way better than when we gave the rat the acid.
1765,2842,0,10,67,77,1.12987012987013,0.03856025347250398,691,"There goes Fievel, a geek among Romans."
2409,2842,1,8,68,77,1.12987012987013,0.04276279513224073,691,We call that one Elon Musk Rat
2448,2842,2,6,69,77,1.12987012987013,0.04658776821420219,691,"Uh, this is all kinds of ways wrong!"
2427,2842,0,10,67,77,1.12987012987013,0.03856025347250398,691,"I told you we should never have accepted those research funds from NASA."""
1633,2842,0,10,67,77,1.12987012987013,0.03856025347250398,691,"Its called "" the rat pack""!"
3576,2842,0,10,67,77,1.12987012987013,0.03856025347250398,691,"Clever, but I still think we should bring back the metal detector."
3623,2842,2,6,69,77,1.12987012987013,0.04658776821420219,691,"Yup, still don’t understand what consciousness means"
3485,2842,0,10,67,77,1.12987012987013,0.03856025347250398,691,Did you leave the window open?
3472,2842,0,10,67,77,1.12987012987013,0.03856025347250398,691,It's a special breed called 'start-up rat.'
3434,2842,1,8,68,77,1.12987012987013,0.04276279513224073,691,I gotta get me one of those.
3409,2842,2,6,69,77,1.12987012987013,0.04658776821420219,691,Mighty Mouse is on the way!
3389,2842,1,8,68,77,1.12987012987013,0.04276279513224073,691,Who’s going to cut the cheese?
3388,2842,0,10,67,77,1.12987012987013,0.03856025347250398,691,He only likes his cheese melted
3363,2842,1,8,68,77,1.12987012987013,0.04276279513224073,691,I hope he likes fondue.
3353,2842,1,8,68,77,1.12987012987013,0.04276279513224073,691,This is literally amazing.
3333,2842,1,8,68,77,1.12987012987013,0.04276279513224073,691,I suppose moon cheese would have been more apropos....
3332,2842,1,8,68,77,1.12987012987013,0.04276279513224073,691,The jet pack rats consistently outperform the standard pack rats.
3309,2842,2,6,69,77,1.12987012987013,0.04658776821420219,691,This is why we always wash our hands.
3282,2842,0,10,67,77,1.12987012987013,0.03856025347250398,691,This damn rat is smarter than us.
3266,2842,0,10,67,77,1.12987012987013,0.03856025347250398,691,We should've made the maze a bit harder.
3176,2842,1,8,68,77,1.12987012987013,0.04276279513224073,691,"We captured him on the set of a ""Red Bull"" commercial."
2444,2842,0,10,67,77,1.12987012987013,0.03856025347250398,691,You know I keep forgetting to put this old maze away
2483,2842,1,8,68,77,1.12987012987013,0.04276279513224073,691,"Oh my goodness John, he'll be the first internet sensation of 2020."
2494,2842,0,10,67,77,1.12987012987013,0.03856025347250398,691,That rocket equipment is from another lab. He’d better fly it back before it’s missed.
2554,2842,1,8,68,77,1.12987012987013,0.04276279513224073,691,I'm trying to find a sales angle for it.
2632,2842,0,10,67,77,1.12987012987013,0.03856025347250398,691,The Huffman/Loughlin step-skipping drug is working
2649,2842,2,6,69,77,1.12987012987013,0.04658776821420219,691,She just hasn't been the same since Apollo 17!
2410,2842,0,10,67,77,1.12987012987013,0.03856025347250398,691,Intelligent tech-savvy mouse triumphs animal testing by embarrassing outdated conductors
2745,2842,2,6,69,77,1.12987012987013,0.04658776821420219,691,"Once he eats enough cheese the jetpack won’t help.
If he starts to teleport, we have tsuris."
2804,2842,1,8,68,77,1.12987012987013,0.04276279513224073,691,I told you we should have put a lid on the maze.
2827,2842,0,10,67,77,1.12987012987013,0.03856025347250398,691,Mighty Mice?  Ok.  How much do we need to budget for cheese?
2927,2842,0,10,67,77,1.12987012987013,0.03856025347250398,691,"Well that’s the first time the cheese c,are out ahead!"
3015,2842,1,8,68,77,1.12987012987013,0.04276279513224073,691,"Oh my god, a rat!"
3076,2842,0,10,67,77,1.12987012987013,0.03856025347250398,691,Exposure to the subway commuters have led to drastic developments in their evolution!
3092,2842,1,8,68,77,1.12987012987013,0.04276279513224073,691,He's going for the great cheese in the sky.
2802,2842,1,8,68,77,1.12987012987013,0.04276279513224073,691,He's ready - assemble the others.
1623,2842,0,10,67,77,1.12987012987013,0.03856025347250398,691,"Yes, obstacles are my incentive, but’s it’s gonna take more than cheese, If you want this mouse."
3621,2842,0,10,67,77,1.12987012987013,0.03856025347250398,691,Yep...it's a mouse from Beverly Hills
1619,2842,1,8,68,77,1.12987012987013,0.04276279513224073,691,Mouse #007 certainly has taken this experiment to new heights!!
616,2842,1,8,68,77,1.12987012987013,0.04276279513224073,691,Elon Muskrat
563,2842,0,10,67,77,1.12987012987013,0.03856025347250398,691,Bell Lab rats always test out differently.
519,2842,1,8,68,77,1.12987012987013,0.04276279513224073,691,"Did Disney, consulting with Wile E. Coyote & ACME, create the device?"
501,2842,0,10,67,77,1.12987012987013,0.03856025347250398,691,Did you use the imported Swiss?
494,2842,1,8,68,77,1.12987012987013,0.04276279513224073,691,Do you think he will help out Elon if we add a side of Gouda?
458,2842,0,10,67,77,1.12987012987013,0.03856025347250398,691,I think this one gets off for good behavior.
457,2842,1,8,68,77,1.12987012987013,0.04276279513224073,691,This stress test is not worth it
440,2842,0,10,67,77,1.12987012987013,0.03856025347250398,691,It's the shortest distance to the cheese.
425,2842,1,8,68,77,1.12987012987013,0.04276279513224073,691,"well, someone's been watching McGuyver re-runs"
328,2842,0,10,67,77,1.12987012987013,0.03856025347250398,691,"Gee whiz, Sue, that compound we synthesized from Elon Musk's tears really works."
267,2842,3,4,70,77,1.12987012987013,0.050121688387747526,691,"Gravity, am I right?"
266,2842,1,8,68,77,1.12987012987013,0.04276279513224073,691,I already warned that a rooftop disco named ‘Space’ would lead to misunderstandings
258,2842,1,8,68,77,1.12987012987013,0.04276279513224073,691,"To be fair, you didn’t Say you WEREN’T a  bathroom attendant. (M"
245,2842,2,6,69,77,1.12987012987013,0.04658776821420219,691,YOU DO KNOW WHEN YOU INTERVIEW FOR NASA THEY DON’T MAKE YOU WEAR THE SUIT?
638,2842,0,10,67,77,1.12987012987013,0.03856025347250398,691,Any results yet from the  Elon Mousk test?
239,2842,0,10,67,77,1.12987012987013,0.03856025347250398,691,"I think you're taking ""Space needle"" too literally"
205,2842,2,6,69,77,1.12987012987013,0.04658776821420219,691,"This is the space bar, unfortunately drinks do not include complementary laptops"
127,2842,2,6,69,77,1.12987012987013,0.04658776821420219,691,THIS IS AS FAR AS I CAN GET YOU  SIXTH FLOOR
117,2842,2,6,69,77,1.12987012987013,0.04658776821420219,691,"Hows the buisness doing par""  ""Astronomical"
109,2842,1,8,68,77,1.12987012987013,0.04276279513224073,691,"Earth orbit, please."
104,2842,2,6,69,77,1.12987012987013,0.04658776821420219,691,FORGET YOUR KEYS AGAIN?
92,2842,0,10,67,77,1.12987012987013,0.03856025347250398,691,"Going out for a walk, Sir?"
84,2842,1,8,68,77,1.12987012987013,0.04276279513224073,691,to infinity and beyond please
72,2842,1,8,68,77,1.12987012987013,0.04276279513224073,691,"You’ nl get used t to ‘the smell eventually,  maybe even love it."
68,2842,2,6,69,77,1.12987012987013,0.04658776821420219,691,"Actually, just to the basement, where that obscure bathroom is. The freeze-dried ice cream really does a number on my digestive system."
44,2842,1,8,68,77,1.12987012987013,0.04276279513224073,691,"Finally, an elevator with  some space."
33,2842,2,6,69,77,1.12987012987013,0.04658776821420219,691,Can you please close the elevator doors? I’m running late for a meeting.
16,2842,1,8,68,77,1.12987012987013,0.04276279513224073,691,Can I see your boarding pass?
10,2842,0,10,67,77,1.12987012987013,0.03856025347250398,691,"Sorry, no hidden figures.”"
6,2842,0,10,67,77,1.12987012987013,0.03856025347250398,691,Today Mr. Kubrick said we’ re shooting the ‘one small step for man’ scene
207,2842,0,10,67,77,1.12987012987013,0.03856025347250398,691,Your plan to reach the moon in  an elevator is wrong on so many levels.
641,2842,0,10,67,77,1.12987012987013,0.03856025347250398,691,He's willing to work for early release.
1621,2842,1,8,68,77,1.12987012987013,0.04276279513224073,691,What are we trying to prove here?
648,2842,1,8,68,77,1.12987012987013,0.04276279513224073,691,We made him watch too many action films!
1615,2842,0,10,67,77,1.12987012987013,0.03856025347250398,691,"Well, will you look at that, Franny Frumin!"
1586,2842,0,10,67,77,1.12987012987013,0.03856025347250398,691,They are in there somewhere.
1519,2842,0,10,67,77,1.12987012987013,0.03856025347250398,691,"I told you that we’ve just got to stop using these mice with MENSA cards, it’s skewing our data."
1514,2842,1,8,68,77,1.12987012987013,0.04276279513224073,691,He's not one of ours.
1511,2842,0,10,67,77,1.12987012987013,0.03856025347250398,691,"Indeed, mice are smarter than humans."
1500,2842,1,8,68,77,1.12987012987013,0.04276279513224073,691,Now I'm worried about that trap he's building.
1498,2842,1,8,68,77,1.12987012987013,0.04276279513224073,691,Why do we use 2D labyrinths? It's obsolete.
1483,2842,1,8,68,77,1.12987012987013,0.04276279513224073,691,"It must be the Gruyere; the ones chasing Cheddar are still in traffic, looking for a promotion, and checking their 401Ks."
1410,2842,2,6,69,77,1.12987012987013,0.04658776821420219,691,scientists investigatng how long it will take the mouse to find the cheese
1372,2842,1,8,68,77,1.12987012987013,0.04276279513224073,691,Maybe there's an option we haven't considered?
1316,2842,0,10,67,77,1.12987012987013,0.03856025347250398,691,The intelligent mice quickly solved the maze.
1239,2842,1,8,68,77,1.12987012987013,0.04276279513224073,691,Wow. aMAZEing.
1228,2842,1,8,68,77,1.12987012987013,0.04276279513224073,691,Looks like we've got another lactose intolerant.
1194,2842,0,10,67,77,1.12987012987013,0.03856025347250398,691,Stuart! I told you no jetpacks at the dinner table!
1174,2842,1,8,68,77,1.12987012987013,0.04276279513224073,691,Where's the control in this experiment?
646,2842,1,8,68,77,1.12987012987013,0.04276279513224073,691,"2020: ""These animals are evolving!""
2050:"
1122,2842,0,10,67,77,1.12987012987013,0.03856025347250398,691,No go unless it's brie
656,2842,0,10,67,77,1.12987012987013,0.03856025347250398,691,I guess there's more than one way to skin a rat.
661,2842,1,8,68,77,1.12987012987013,0.04276279513224073,691,He says that he is lactose intolerant and that is the last time he is doing this.
675,2842,1,8,68,77,1.12987012987013,0.04276279513224073,691,"With Big Tobacco out of the picture, we've turned to Tiny Rocket for funding."
762,2842,0,10,67,77,1.12987012987013,0.03856025347250398,691,If you want your research published you'll have to ignore behaviour that can't be reproduced.
844,2842,0,10,67,77,1.12987012987013,0.03856025347250398,691,She just doesn't seem motivated by cheese.
1144,2842,1,8,68,77,1.12987012987013,0.04276279513224073,691,These elderly rats sure know how to get to the cheese
893,2842,1,8,68,77,1.12987012987013,0.04276279513224073,691,"His intuition as to the path to follow is supposed to help people like you"""
884,2842,2,6,69,77,1.12987012987013,0.04658776821420219,691,We can't use this data when we publish.  He must have stolen the patents when he was working at NASA!
1010,2842,1,8,68,77,1.12987012987013,0.04276279513224073,691,I warned you not to name him Elon.
1014,2842,0,10,67,77,1.12987012987013,0.03856025347250398,691,Uh-oh! It looks like that techie gang broke into our lab again last night.
1038,2842,1,8,68,77,1.12987012987013,0.04276279513224073,691,"Fly, Robin, fly...up, up to the sky!"
1090,2842,0,10,67,77,1.12987012987013,0.03856025347250398,691,"Well, it passed the smog test, so he does get extra points for that..."
1096,2842,2,6,69,77,1.12987012987013,0.04658776821420219,691,It's Black Diamond cheese.
910,2842,0,10,67,77,1.12987012987013,0.03856025347250398,691,Got any already in red?
2948,2977,0,10,68,78,1.1282051282051282,0.038099080213023176,691,"Oh, I was expecting to see Frank Sinatra or Sammy Davis Jr."
1252,2977,0,10,68,78,1.1282051282051282,0.038099080213023176,691,Maybe the aged Vermont cheddar was a bad idea.
2204,2977,1,8,69,78,1.1282051282051282,0.04224381902809815,691,All I did was switch the regular cheese with the vegan one.
1547,2977,0,10,68,78,1.1282051282051282,0.038099080213023176,691,I guess we should check 'Impaired ability to play by the rules.'
935,2977,2,6,70,78,1.1282051282051282,0.04601674237795457,691,I’m as perplexed as you are. Did the other two blind mice run after the farmer’s wife?
1433,2977,0,10,68,78,1.1282051282051282,0.038099080213023176,691,What kind of crackers do you think it would like?
183,2977,0,10,68,78,1.1282051282051282,0.038099080213023176,691,Welcome back Mrs. Portman! - My name Is Lucy.
373,2977,0,10,68,78,1.1282051282051282,0.038099080213023176,691,"Luckily,this qualifies as preclinical research,so we don't have to worry about reporting an adverse event."
212,2985,0,10,69,79,1.1265822784810127,0.03764871456510459,691,"Long flight, Sir?"
473,2985,0,10,69,79,1.1265822784810127,0.03764871456510459,691,"We Call him Bond, James Bond."
1012,2985,0,10,69,79,1.1265822784810127,0.03764871456510459,691,Do you think the kind of cheese is important?
1278,2985,0,10,69,79,1.1265822784810127,0.03764871456510459,691,Maybe we should cut the dosage of hormones.
1887,2985,1,8,70,79,1.1265822784810127,0.041737221436360945,691,He's must be a distant cousin of Mighty Mouse.
2156,2985,0,10,69,79,1.1265822784810127,0.03764871456510459,691,They're going through a tech boom
2260,2985,0,10,69,79,1.1265822784810127,0.03764871456510459,691,He's not so tough without his Jet Pack !
2790,2985,0,10,69,79,1.1265822784810127,0.03764871456510459,691,"Is it government cheese? If it is, the results might vary."
2965,2985,0,10,69,79,1.1265822784810127,0.03764871456510459,691,That idiot’s going to melt the cheese
3438,2985,2,6,71,79,1.1265822784810127,0.04545949403645994,691,How many vaccines did you give him?
2133,2995,1,8,71,80,1.125,0.041242567416306754,691,"Now, I need a volunteer."
1256,2995,2,6,72,80,1.125,0.04491553253932474,691,He thought I said that he'd be trekking down a glacier . I said he'd be tracking down a glouster..
787,2995,1,7,64,72,1.125,0.043951442120546434,691,"Yes, he knows how to use a jet pack.
Are you happy now, Clair?"
98,2995,2,6,72,80,1.125,0.04491553253932474,691,reach the stars in our rooftop” don’t you  think?    It’s a bit exaggerated to
1531,2995,2,6,72,80,1.125,0.04491553253932474,691,"No, it's not more practical than a drone but at least this one fits inside my butt."
3495,3000,1,7,65,73,1.1232876712328768,0.043378995433789966,691,I think I saw something like this in an episode of Gilligan’s Island.
3470,3001,0,9,65,74,1.1216216216216217,0.03825469848047654,691,Either he's dreaming of Jerry or we overdosed him.
2600,3001,0,9,65,74,1.1216216216216217,0.03825469848047654,691,Well they told us even a blind squirrel...
2594,3001,2,5,67,74,1.1216216216216217,0.04694559031179952,691,I think the genetic mutations lab left their door open again.
2581,3001,1,7,66,74,1.1216216216216217,0.04282120038926688,691,"The boss called, Assembly Bill 5 is through and we have the go-ahead for trials. The marketing team is calling it the ""Inclusive Economy""."
2569,3001,2,5,67,74,1.1216216216216217,0.04694559031179952,691,Time for low fat cheese
2552,3001,0,9,65,74,1.1216216216216217,0.03825469848047654,691,He’s on to us.
2531,3001,1,7,66,74,1.1216216216216217,0.04282120038926688,691,He says he’s a 21st century LabRat
2502,3001,0,9,65,74,1.1216216216216217,0.03825469848047654,691,He wants to be called The Flying Cheeze and insists it does not violate the International Rules of Mazes.
2470,3001,0,9,65,74,1.1216216216216217,0.03825469848047654,691,You had to name him Elon Mouse!
2433,3001,1,7,66,74,1.1216216216216217,0.04282120038926688,691,"And now, are you ready for… Charles E. Chénievel!"
2424,3001,1,7,66,74,1.1216216216216217,0.04282120038926688,691,Don't worry.  I only gave him 10 seconds of fuel.
2259,3001,0,9,65,74,1.1216216216216217,0.03825469848047654,691,I think we need a roof.
2220,3001,0,9,65,74,1.1216216216216217,0.03825469848047654,691,Cheese!  How do you expect me to get that?
2207,3001,0,9,65,74,1.1216216216216217,0.03825469848047654,691,There goes using Red Bull as the control.
2140,3001,0,9,65,74,1.1216216216216217,0.03825469848047654,691,"I forget, did this guy specify Vegan cheese?"
1975,3001,1,7,66,74,1.1216216216216217,0.04282120038926688,691,"On second thought Dr. Klaus, I just don't think it's worth the trouble for the mice or the university."
1930,3001,0,9,65,74,1.1216216216216217,0.03825469848047654,691,"Mini Pyrrhus wants to win, but he's lactose intolerant."
1846,3001,0,9,65,74,1.1216216216216217,0.03825469848047654,691,He goes flying off whenever he doesn't like the cheese.
1837,3001,0,9,65,74,1.1216216216216217,0.03825469848047654,691,Algernon shared with me that he would gladly retire from all of this with just a three-cheese-wedges-per-week pension and an occasional dumpster dive.
1828,3001,1,7,66,74,1.1216216216216217,0.04282120038926688,691,"Stan, stop posting pictures of me knitting snowman type knit hats!!!"
1788,3001,0,9,65,74,1.1216216216216217,0.03825469848047654,691,My kid kept telling me they were smarter than me. Guess he was right.
1783,3001,1,7,66,74,1.1216216216216217,0.04282120038926688,691,"Puzzling...My margin notes said this one was ""not exactly a rocket scientist."""
1780,3001,0,9,65,74,1.1216216216216217,0.03825469848047654,691,Should we strap a jet pack to the cheese to even the odds?
1716,3001,1,7,66,74,1.1216216216216217,0.04282120038926688,691,"Oh my, I forgot his success rate includes Brie!"
1663,3001,0,9,65,74,1.1216216216216217,0.03825469848047654,691,We have to build a better maze.
1625,3001,1,7,66,74,1.1216216216216217,0.04282120038926688,691,"By recording them faster and faster you can advance to Chief  Associate Researcher sooner than, you know who."
1622,3001,0,9,65,74,1.1216216216216217,0.03825469848047654,691,One great leap for mousehood!
2619,3001,2,5,67,74,1.1216216216216217,0.04694559031179952,691,"Look on the bright side, Darlene -- our research did lead to the Hovermouse."
2633,3001,0,9,65,74,1.1216216216216217,0.03825469848047654,691,I think they’re evolving faster than our research methods.
2660,3001,1,7,66,74,1.1216216216216217,0.04282120038926688,691,Wow!  This is one experiment that evolved in an unexpected direction.
2733,3001,0,9,65,74,1.1216216216216217,0.03825469848047654,691,"Couldn't he just have used a drone to figure out the maze, lke everyone else?"
3468,3001,1,7,66,74,1.1216216216216217,0.04282120038926688,691,Great now we’re gonna need more cheese
3528,3001,1,7,66,74,1.1216216216216217,0.04282120038926688,691,"Well, there goes Elon Muskrat agian."
1591,3001,0,9,65,74,1.1216216216216217,0.03825469848047654,691,He's always a bit extra.
3446,3001,2,5,67,74,1.1216216216216217,0.04694559031179952,691,Another one from the Musk tunnel?
3432,3001,0,9,65,74,1.1216216216216217,0.03825469848047654,691,This new “maze-beater“ mouse-pack device is a real game changer.
3416,3001,0,9,65,74,1.1216216216216217,0.03825469848047654,691,So much for Amazon Prime!
3340,3001,0,9,65,74,1.1216216216216217,0.03825469848047654,691,"It's for them, not for you"
3323,3001,0,9,65,74,1.1216216216216217,0.03825469848047654,691,The jetpack is a nice touch but we definitely have to upgrade the testing procedures.
3248,3001,0,9,65,74,1.1216216216216217,0.03825469848047654,691,"She was here a minute ago.  Oh, that's the wrong cheese."
3233,3001,2,5,67,74,1.1216216216216217,0.04694559031179952,691,I guess you could call it a
3221,3001,1,7,66,74,1.1216216216216217,0.04282120038926688,691,He needs to cheat to find the cheese!
3171,3001,0,9,65,74,1.1216216216216217,0.03825469848047654,691,"But Evette, he's no less impressive just because he was born with a  power pack on his back and a mouse hole in the Hamptons, right?"
3136,3001,0,9,65,74,1.1216216216216217,0.03825469848047654,691,This mouse should work for Amazon.
3083,3001,0,9,65,74,1.1216216216216217,0.03825469848047654,691,He says he's lactose intolerant.
3006,3001,2,5,67,74,1.1216216216216217,0.04694559031179952,691,What is the matter with these mice? They always skip a proper IPO.
2980,3001,1,7,66,74,1.1216216216216217,0.04282120038926688,691,"He's gone all James T. Kirk on us and ""Kobayashi Maru'ed"" the exercise."
2977,3001,0,9,65,74,1.1216216216216217,0.03825469848047654,691,"Later this year, they will be replacing us with robots, so you'd better make your pitch for that management position, now. And don't worry...you don't need any brains nor experience for any of those management positions."
2975,3001,0,9,65,74,1.1216216216216217,0.03825469848047654,691,Let's use smaller pieces of cheese-the mice are getting to big!
2935,3001,0,9,65,74,1.1216216216216217,0.03825469848047654,691,But it's still cheating.
3451,3001,0,9,65,74,1.1216216216216217,0.03825469848047654,691,No wonder he watched NOVA!
2862,3001,1,7,66,74,1.1216216216216217,0.04282120038926688,691,He ordered it on line!
2854,3001,1,7,66,74,1.1216216216216217,0.04282120038926688,691,Where's MY jetpack?
2772,3001,1,7,66,74,1.1216216216216217,0.04282120038926688,691,Wait. Let's see if he is psychotic enough to bait a mousetrap with it.
2766,3001,2,5,67,74,1.1216216216216217,0.04694559031179952,691,"Impressive......maybe, but they still can’t parallel park."
2757,3001,0,9,65,74,1.1216216216216217,0.03825469848047654,691,"Well, you know how it is with walls. . . ."
2748,3001,0,9,65,74,1.1216216216216217,0.03825469848047654,691,"Oh dear, I think you forgot the bicycle lane."
2746,3001,1,7,66,74,1.1216216216216217,0.04282120038926688,691,I think is that mouse can find its way through this labyrinth humanity  must be able to get out of the mess it is in.
3488,3001,0,9,65,74,1.1216216216216217,0.03825469848047654,691,Scorsese was right that those Marvel movies really are ruining everything
2896,3001,0,9,65,74,1.1216216216216217,0.03825469848047654,691,"He has what they call ""the right stuff."""
1541,3001,1,7,66,74,1.1216216216216217,0.04282120038926688,691,This is the Swiss Mouse. They have perfected the initial reconnaissance flyover. He also jodels when he finds the cheese.
1476,3001,0,9,65,74,1.1216216216216217,0.03825469848047654,691,Check this out. He’s always been one of our most promising and ambitious subjects. Now he wants to see if the moon is made out of cheese or not.
474,3001,1,7,66,74,1.1216216216216217,0.04282120038926688,691,mice to men
447,3001,0,9,65,74,1.1216216216216217,0.03825469848047654,691,He's one of NASA's Mighty Mice in Space just back from the space station.
435,3001,0,9,65,74,1.1216216216216217,0.03825469848047654,691,They've just moved past this 20th century technology!
429,3001,0,9,65,74,1.1216216216216217,0.03825469848047654,691,"Use another subject, he's from the Behaviorist era."
395,3001,1,7,66,74,1.1216216216216217,0.04282120038926688,691,She must have received a gift from one of her sponsors.
394,3001,0,9,65,74,1.1216216216216217,0.03825469848047654,691,"I know your kindly heart goes out to them, Lois, but you're invalidating the experiment."
392,3001,0,9,65,74,1.1216216216216217,0.03825469848047654,691,Virtual Reality.   Really?
1488,3001,1,7,66,74,1.1216216216216217,0.04282120038926688,691,Wasn't the maze.  It was the traffic coming here
324,3001,0,9,65,74,1.1216216216216217,0.03825469848047654,691,My anxiety for this project has just skyrocketed.
276,3001,0,9,65,74,1.1216216216216217,0.03825469848047654,691,"Welcome to the Apollo 11, sir. A bit overdressed for the party if I may say so"
273,3001,3,3,68,74,1.1216216216216217,0.050735802907502126,691,Thats the wrong pianet...take me to planet 9!
265,3001,2,5,67,74,1.1216216216216217,0.04694559031179952,691,Enough climate change for today?
504,3001,1,7,66,74,1.1216216216216217,0.04282120038926688,691,I still say retired All Stars don't always make the best color commentators.
256,3001,1,7,66,74,1.1216216216216217,0.04282120038926688,691,Mr. Kubrick’s floor please.
227,3001,0,9,65,74,1.1216216216216217,0.03825469848047654,691,"Sorry, Sir. The elevator only goes till the 273rd floor."
224,3001,0,9,65,74,1.1216216216216217,0.03825469848047654,691,This is as high as it goes.
218,3001,0,9,65,74,1.1216216216216217,0.03825469848047654,691,-Where can I take you Siz?  -Fly me to the moon and let me play among the stars
209,3001,1,7,66,74,1.1216216216216217,0.04282120038926688,691,"Welcome to Mars, Mr Musk sir."
202,3001,2,5,67,74,1.1216216216216217,0.04694559031179952,691,"Excuse me, is this the  level of the Moon Headquarters?"
165,3001,0,9,65,74,1.1216216216216217,0.03825469848047654,691,sir are you going to the space? no i'm heading to delhi
138,3001,0,9,65,74,1.1216216216216217,0.03825469848047654,691,I will take a break from social media for couple of months. Please spare me some memes and good news about climate change when I’m back.
82,3001,0,9,65,74,1.1216216216216217,0.03825469848047654,691,I think we’re gonna need a bigger elevator.
37,3001,1,7,66,74,1.1216216216216217,0.04282120038926688,691,Does this elevator go any higher?
30,3001,0,9,65,74,1.1216216216216217,0.03825469848047654,691,spaced out
3,3001,2,5,67,74,1.1216216216216217,0.04694559031179952,691,Gravity is losing its force
0,3001,0,9,65,74,1.1216216216216217,0.03825469848047654,691,My pitch Is still a bit long.
228,3001,2,5,67,74,1.1216216216216217,0.04694559031179952,691,I’m assuming you’re not going down.
530,3001,0,9,65,74,1.1216216216216217,0.03825469848047654,691,"If you ain't willing to cheat for some cheese, you don't want it bad enough."
380,3001,1,7,66,74,1.1216216216216217,0.04282120038926688,691,I asked Captain Maze for his assessment.
595,3001,0,9,65,74,1.1216216216216217,0.03825469848047654,691,I don't think we'll save the day.
1472,3001,0,9,65,74,1.1216216216216217,0.03825469848047654,691,I told you not to give him his pilot's license!
1432,3001,0,9,65,74,1.1216216216216217,0.03825469848047654,691,Why make them work so hard for a lousy piece of cheese?
1431,3001,2,5,67,74,1.1216216216216217,0.04694559031179952,691,Well at least we taught them how to jump...…..
1429,3001,0,9,65,74,1.1216216216216217,0.03825469848047654,691,I told you we should've used gouda; the swiss makes them too hyper.
567,3001,0,9,65,74,1.1216216216216217,0.03825469848047654,691,He really wanted that cheese huh?
1299,3001,0,9,65,74,1.1216216216216217,0.03825469848047654,691,"Well, you used French cheese."
1285,3001,0,9,65,74,1.1216216216216217,0.03825469848047654,691,Wow. That must be really gouda cheese.
1169,3001,1,7,66,74,1.1216216216216217,0.04282120038926688,691,He found the Swiss loophole.
1113,3001,0,9,65,74,1.1216216216216217,0.03825469848047654,691,Did you put Red Bull in his water bottle?
1048,3001,1,7,66,74,1.1216216216216217,0.04282120038926688,691,"whats with the jet pack? will he actually follow 
the maze?"" ""probably not."
1008,3001,0,9,65,74,1.1216216216216217,0.03825469848047654,691,"When they gave us the money, they did say “Aim High”"
981,3001,2,5,67,74,1.1216216216216217,0.04694559031179952,691,Is he back from the Holidays?
956,3001,0,9,65,74,1.1216216216216217,0.03825469848047654,691,Give it time...working for the labs at NASA takes some getting used to.
1323,3001,0,9,65,74,1.1216216216216217,0.03825469848047654,691,It's a really fine hunk of Swiss
927,3001,0,9,65,74,1.1216216216216217,0.03825469848047654,691,Breakthroughs in the study of lactose intolerance.
601,3001,2,5,67,74,1.1216216216216217,0.04694559031179952,691,I think Trump canceled aid to the disabled.
701,3001,0,9,65,74,1.1216216216216217,0.03825469848047654,691,Everyone wants to be trump
739,3001,1,7,66,74,1.1216216216216217,0.04282120038926688,691,It's smarter than you think
744,3001,1,7,66,74,1.1216216216216217,0.04282120038926688,691,"Well, that’s one way to slice the proverbial carrot.”
Will Hunter, Plymouth M"
749,3001,0,9,65,74,1.1216216216216217,0.03825469848047654,691,I know time flys but not that evolution flys
703,3001,1,7,66,74,1.1216216216216217,0.04282120038926688,691,Was raclette among our anticipated results?
788,3001,1,7,66,74,1.1216216216216217,0.04282120038926688,691,"Well, he's doing better than Woody Allen."
807,3001,1,7,66,74,1.1216216216216217,0.04282120038926688,691,CRISPR
845,3001,1,7,66,74,1.1216216216216217,0.04282120038926688,691,This is a real game changer trying to find volunteers is going to be a challenge. Getting them to sign a waiver and a non disclosure agreement is going to be difficult.
852,3001,0,9,65,74,1.1216216216216217,0.03825469848047654,691,These are for the Transgenders
761,3001,0,9,65,74,1.1216216216216217,0.03825469848047654,691,I have grate expectation's for this experiment.
2092,3119,0,10,73,83,1.1204819277108433,0.03594813893312355,691,Rats! He passed with flying colors.
2033,3120,0,9,66,75,1.12,0.037776011264121404,691,"This is starting to get ridiculous, get Musk on the phone."
1760,3120,2,5,68,75,1.12,0.04634379945308485,691,"Our latest development, Mus musculus var. elonii."
1899,3120,0,9,66,75,1.12,0.037776011264121404,691,"If mouse #A1 fails to find his way to the men's room, this study is doomed, as is mankind."
1927,3120,1,7,67,75,1.12,0.04227750450756747,691,This is the cohort that uses technology to manage the maze.
1937,3120,1,7,67,75,1.12,0.04227750450756747,691,How did he know it was Hogmanay? I didn't think our rats had any Scottish DNA...
2009,3120,2,5,68,75,1.12,0.04634379945308485,691,PETA sure has changed our experiments.
2022,3120,0,9,66,75,1.12,0.037776011264121404,691,I haven’t seen that since the LA Olimpics
2240,3120,0,9,66,75,1.12,0.037776011264121404,691,Jets fans are getting rattier every day.
3166,3120,2,5,68,75,1.12,0.04634379945308485,691,Looks like we have another Mickey Mouse.
2481,3120,0,9,66,75,1.12,0.037776011264121404,691,The young today: I told you we need to update our technology
2869,3120,2,5,68,75,1.12,0.04634379945308485,691,Cheating is encouraged.
2881,3120,0,9,66,75,1.12,0.037776011264121404,691,"Oh oh, I think our shipment of mice got mixed up with the one's from the gene splicing lab"
2969,3120,1,7,67,75,1.12,0.04227750450756747,691,"(Left): They're supposed to be in it for the cheese, not the 15 watts of electricity...

(Right): Sign of the times..."
3583,3120,0,9,66,75,1.12,0.037776011264121404,691,"Oh, sure, it does show that they can use tools, but somehow Psych 101 lab won't ever be the same again."
3255,3120,2,5,68,75,1.12,0.04634379945308485,691,"Hmmm, we have a cheater in our midst"
3384,3120,0,9,66,75,1.12,0.037776011264121404,691,"''No blindfold is unfair,give him a chance"""
3418,3120,0,9,66,75,1.12,0.037776011264121404,691,It's time to move on to 3D mazes.
2403,3120,2,5,68,75,1.12,0.04634379945308485,691,First time I've actually seen thinking outside the box.
1639,3120,1,7,67,75,1.12,0.04227750450756747,691,They want him to be trained as a drone but he can't fly.
1502,3120,1,7,67,75,1.12,0.04227750450756747,691,We’re going to have to rethink the whole maze thing...
1302,3120,0,9,66,75,1.12,0.037776011264121404,691,The subject seems to be super-cheesed about this particular maze.
1560,3120,0,9,66,75,1.12,0.037776011264121404,691,We shouldn't have done the experiment where we left him near the computer with a credit card.
77,3120,0,9,66,75,1.12,0.037776011264121404,691,"One small step for man, one giant leap for mankind ‘  ,Oh ok, you must be heading up to COP 25‘"
203,3120,0,9,66,75,1.12,0.037776011264121404,691,Write your caption here  I just want some  me time
274,3120,0,9,66,75,1.12,0.037776011264121404,691,"The Sky Lounge is not THAT high, Sir."
452,3120,0,9,66,75,1.12,0.037776011264121404,691,Talk about lack of motivation!
74,3120,2,5,68,75,1.12,0.04634379945308485,691,hopefully there will be enough space for you in this room sir
849,3120,0,9,66,75,1.12,0.037776011264121404,691,This one may be ready to break the fourth wall.
1099,3120,1,7,67,75,1.12,0.04227750450756747,691,Flying for the
1196,3120,3,3,69,75,1.12,0.05008101544605609,691,So....this is where the maze catches fire.
543,3120,1,7,67,75,1.12,0.04227750450756747,691,The cheese seems to frustrate them when they're lactose intolerant.
3178,3151,1,9,82,92,1.1195652173913044,0.037359040069358376,691,Waow! ain’t sure we may homologate this one!
1762,3152,1,7,68,76,1.118421052631579,0.041747382576458936,691,He just doesn't like swiss.
171,3153,0,9,68,77,1.1168831168831168,0.036853453360789,691,"as the bellhop pressed the button, he looked back and suddenly realized teh gravity of the situation"
3414,3153,1,7,69,77,1.1168831168831168,0.0412303350007502,691,ow where on earth did he go?
66,3155,1,8,77,86,1.1162790697674418,0.03850348519824095,691,"Stratosphere, please"
1509,3156,0,8,63,71,1.1126760563380282,0.037792698211264054,691,Maybe he wasn't Swiss?
1664,3156,0,8,63,71,1.1126760563380282,0.037792698211264054,691,It's Amazing Mouse!
1763,3156,1,6,64,71,1.1126760563380282,0.04278670967729594,691,Its amazing! He has survived ecery test!!!
1946,3156,0,8,63,71,1.1126760563380282,0.037792698211264054,691,Too bad he doesn’t know it’s Daiya cheese.
2326,3156,0,8,63,71,1.1126760563380282,0.037792698211264054,691,"Don't tell the President, Cornelius."
3474,3156,0,8,63,71,1.1126760563380282,0.037792698211264054,691,"I’m afraid your work will come to naught, Dr. Mason. 
Nobody likes a smarty pants, particularly in rats."
2671,3156,1,6,64,71,1.1126760563380282,0.04278670967729594,691,"‘...,  And check his reaction when the cheese melts.’"
2726,3156,0,8,63,71,1.1126760563380282,0.037792698211264054,691,He is the big cheese
3452,3156,0,8,63,71,1.1126760563380282,0.037792698211264054,691,The cheese is moldy.
1428,3156,1,6,64,71,1.1126760563380282,0.04278670967729594,691,No problem.  This maze has a handicap lane.
2606,3156,1,6,64,71,1.1126760563380282,0.04278670967729594,691,"He's really smart. Let's get our new coworker a little white lab coat, I D badge and clipboard."
1123,3156,0,8,63,71,1.1126760563380282,0.037792698211264054,691,"Edward, this gives new meaning to purposeful behavior."
2667,3156,0,8,63,71,1.1126760563380282,0.037792698211264054,691,Seems he can't land without melting the cheese ..
940,3156,0,8,63,71,1.1126760563380282,0.037792698211264054,691,We're going to have to boost that cheese budget.
777,3156,0,8,63,71,1.1126760563380282,0.037792698211264054,691,The splicing of Roger Moore's genes is a success.
495,3156,0,8,63,71,1.1126760563380282,0.037792698211264054,691,Maybe we shouldn't put our invention on the market.
387,3156,0,8,63,71,1.1126760563380282,0.037792698211264054,691,"I like a nice piece of swiss, too, but really?"
263,3156,1,6,64,71,1.1126760563380282,0.04278670967729594,691,"I understand you, these days all we all need is more space."
69,3156,0,8,63,71,1.1126760563380282,0.037792698211264054,691,I’m sorry ma’am. It only goes up to the 30th floor.
57,3156,0,8,63,71,1.1126760563380282,0.037792698211264054,691,"‘Lobby or Houston, Sir?"
9,3156,0,8,63,71,1.1126760563380282,0.037792698211264054,691,"I can get you to the 20th,but for anything above that I should  really speak to my manager..."
1071,3156,1,6,64,71,1.1126760563380282,0.04278670967729594,691,This is the one from the New England Patriots clubhouse?
2721,3178,0,8,64,72,1.1111111111111112,0.037296949257630635,691,"Sure Elon's rat will get there first, but will it eat the cheese?"
2265,3178,0,8,64,72,1.1111111111111112,0.037296949257630635,691,"Well, this is going to skewer the"
237,3178,0,8,64,72,1.1111111111111112,0.037296949257630635,691,"Let me explain the buttons to you, then you can take it from there"
923,3178,0,8,64,72,1.1111111111111112,0.037296949257630635,691,"That's Elon Musk, he is a crafty one!"
43,3178,0,8,64,72,1.1111111111111112,0.037296949257630635,691,"Last floor, please."
1977,3183,0,8,66,74,1.1081081081081081,0.03634325417788381,691,We shouldn't have sent him to DeVry.
693,3184,1,6,68,75,1.1066666666666667,0.04059615804541172,691,Innovation because the cheese stinks outside the box?
1889,3185,1,5,62,68,1.1029411764705883,0.04262926879107264,691,Tell him to pick up our pizza before he worries about the cheese.
2513,3185,0,7,61,68,1.1029411764705883,0.03712509925760679,691,Do you think Little Minnie would let us cosign the patent?
1849,3185,1,5,62,68,1.1029411764705883,0.04262926879107264,691,It’s amazing what he was able to build out of a mousetrap!
1812,3185,2,3,63,68,1.1029411764705883,0.04749985389910039,691,How did they get them before we did?
1910,3185,0,7,61,68,1.1029411764705883,0.03712509925760679,691,He really likes Thunderball
1969,3185,0,7,61,68,1.1029411764705883,0.03712509925760679,691,His drone was broken
2052,3185,0,7,61,68,1.1029411764705883,0.03712509925760679,691,I think there is a statistical test that will fix this.
2071,3185,0,7,61,68,1.1029411764705883,0.03712509925760679,691,Just how many human brain cells did you give him?
2112,3185,0,7,61,68,1.1029411764705883,0.03712509925760679,691,Jealous?
2303,3185,0,7,61,68,1.1029411764705883,0.03712509925760679,691,It really seems it will be the year of the rat.
2438,3185,0,7,61,68,1.1029411764705883,0.03712509925760679,691,He's getting ready for Space Force.
2486,3185,0,7,61,68,1.1029411764705883,0.03712509925760679,691,I'm taking the University's interdisciplinary approach--combining Logistics with Aerial Engineering.
2556,3185,0,7,61,68,1.1029411764705883,0.03712509925760679,691,He's gonna fondue it.
2968,3185,1,5,62,68,1.1029411764705883,0.04262926879107264,691,"Now that he knows the prize, he's ready to go for the record."
2624,3185,0,7,61,68,1.1029411764705883,0.03712509925760679,691,He wants to negotiate for the cheeses!
2654,3185,0,7,61,68,1.1029411764705883,0.03712509925760679,691,PTSD in a rat?  You may share a Nobel Prize with me.
2684,3185,0,7,61,68,1.1029411764705883,0.03712509925760679,691,We aren't the only ones experimenting with a Space Force.
2901,3185,1,5,62,68,1.1029411764705883,0.04262926879107264,691,Turns out we should have kept that one glass ceiling.
2931,3185,1,5,62,68,1.1029411764705883,0.04262926879107264,691,"Norwegian rat , german cheese?"
3148,3185,0,7,61,68,1.1029411764705883,0.03712509925760679,691,Didja have to make his landing pad so complicated?
3163,3185,0,7,61,68,1.1029411764705883,0.03712509925760679,691,I know. I thought *we* were promised jetpacks.
3267,3185,0,7,61,68,1.1029411764705883,0.03712509925760679,691,I think we need to stop using Pule cheese.
3269,3185,0,7,61,68,1.1029411764705883,0.03712509925760679,691,MIGHTY MOUSE IS REAL!
3350,3185,0,7,61,68,1.1029411764705883,0.03712509925760679,691,Didn’t we do the same one yesterday?
3507,3185,0,7,61,68,1.1029411764705883,0.03712509925760679,691,I DON’T GIVE A RATS A** ABOUT THIS TEST
1791,3185,0,7,61,68,1.1029411764705883,0.03712509925760679,691,Do you really expect these rats to not squeal on us?
3394,3185,0,7,61,68,1.1029411764705883,0.03712509925760679,691,He's a political appointee.
2561,3185,0,7,61,68,1.1029411764705883,0.03712509925760679,691,I think he's blowing us off.
1752,3185,0,7,61,68,1.1029411764705883,0.03712509925760679,691,I thought you said outlier not out “flyer”!
804,3185,0,7,61,68,1.1029411764705883,0.03712509925760679,691,"If the offer is good, they all come straight to the point."
1661,3185,1,5,62,68,1.1029411764705883,0.04262926879107264,691,Dibs on his cheese.
1671,3185,0,7,61,68,1.1029411764705883,0.03712509925760679,691,"How in the hell did he get that?”
Don Dechman, Austin, T"
1,3185,0,7,61,68,1.1029411764705883,0.03712509925760679,691,Welcome Major Tom! great to see you back at ground control please leave your helmet at the lobby desk this season we have protein pills special merry christmas to you and your beloved wife!
12,3185,0,7,61,68,1.1029411764705883,0.03712509925760679,691,"Since Wonka’s Factory, Charlie had been playing it safe"
41,3185,1,5,62,68,1.1029411764705883,0.04262926879107264,691,"One too many small steps for man today, sir?"
124,3185,0,7,61,68,1.1029411764705883,0.03712509925760679,691,The chair in Wonka’s  glass elevator was  Charlie’s suggestion; the Space suit is because everyone still knows what happened to the other  kids.
177,3185,0,7,61,68,1.1029411764705883,0.03712509925760679,691,"The cosmonauts drove up rates at Trump Tower, so here i am."
185,3185,1,5,62,68,1.1029411764705883,0.04262926879107264,691,I will just check up on a friend and
188,3185,0,7,61,68,1.1029411764705883,0.03712509925760679,691,want you home for _ dinner at 7”
195,3185,0,7,61,68,1.1029411764705883,0.03712509925760679,691,"Suite 4 please, 3rd bachelorette party of the night."
210,3185,0,7,61,68,1.1029411764705883,0.03712509925760679,691,you’ve been a little spacey these days... we’re not seeing each other on the  same eye level
215,3185,1,5,62,68,1.1029411764705883,0.04262926879107264,691,"- Sir, do you go out alone tonight  - | - |need my space. |"
287,3185,1,5,62,68,1.1029411764705883,0.04262926879107264,691,Who let Elon Musk into the lab?
355,3185,0,7,61,68,1.1029411764705883,0.03712509925760679,691,"Yeah, Super Mouse is a good name"
339,3185,0,7,61,68,1.1029411764705883,0.03712509925760679,691,I suppose cheese will do that if you're a clever rat.
667,3185,1,5,62,68,1.1029411764705883,0.04262926879107264,691,"Well, he got a birthday cake from his brother, yesterday......"
728,3185,0,7,61,68,1.1029411764705883,0.03712509925760679,691,"Augh, I hate when the mice escape."
919,3185,0,7,61,68,1.1029411764705883,0.03712509925760679,691,We bred this strain to think outside the box.
979,3185,0,7,61,68,1.1029411764705883,0.03712509925760679,691,He has started smoking Marlboro too
1041,3185,1,5,62,68,1.1029411764705883,0.04262926879107264,691,"Other than forgetting the bathrooms, conference room and president's office, I think you did a good job."
1064,3185,0,7,61,68,1.1029411764705883,0.03712509925760679,691,OMG we've taught them to fly!
1068,3185,1,5,62,68,1.1029411764705883,0.04262926879107264,691,"Could be the TV program about AI the lab staff was watching, but he has also has been sipping Redbull."""
1119,3185,0,7,61,68,1.1029411764705883,0.03712509925760679,691,"To be fair, it's not rocket science."
1161,3185,0,7,61,68,1.1029411764705883,0.03712509925760679,691,He's achieved lift but his directional stability is flimsy.
1361,3185,0,7,61,68,1.1029411764705883,0.03712509925760679,691,I'm sure he'll make it to the White House in no time
1454,3185,0,7,61,68,1.1029411764705883,0.03712509925760679,691,I think we're gonna need more cheese.
1549,3185,1,5,62,68,1.1029411764705883,0.04262926879107264,691,We need to replace that old cheese before the rats outside the building smell it.
497,3185,0,7,61,68,1.1029411764705883,0.03712509925760679,691,WTH?
3011,3243,1,5,63,69,1.1014492753623188,0.042033394835877404,691,"Science, bitch."
3125,3243,0,7,62,69,1.1014492753623188,0.03661350600424963,691,I told you we shouldn’t have fueled up his jetpack.
2739,3243,0,7,62,69,1.1014492753623188,0.03661350600424963,691,Do we give him points for cheating or do we demote him?
136,3243,1,5,63,69,1.1014492753623188,0.042033394835877404,691,What? It was too cold in  my faux fur coat...
608,3243,0,7,62,69,1.1014492753623188,0.03661350600424963,691,We found this one in the attic of Elon Musk.
1402,3243,0,7,62,69,1.1014492753623188,0.03661350600424963,691,They've become much more industrious since we switched to Murray's.
2907,3249,0,7,67,74,1.0945945945945945,0.034252578598678016,691,Raton ready...set...
1652,3250,0,6,59,65,1.0923076923076922,0.03618247638889766,691,We’ve decided to study the Elon Muskrat
1682,3250,0,6,59,65,1.0923076923076922,0.03618247638889766,691,"He says now that it's his permanent home, he needs a roof for privacy."
1685,3250,0,6,59,65,1.0923076923076922,0.03618247638889766,691,"I knew rats were smart, but this?"
1703,3250,0,6,59,65,1.0923076923076922,0.03618247638889766,691,I told you not to name him Elon Mice
1784,3250,0,6,59,65,1.0923076923076922,0.03618247638889766,691,Congratulations! I think you've discovered our new mousetrap cheese
1842,3250,1,4,60,65,1.0923076923076922,0.04230769230769232,691,I bet you a highball on the rocks he will find his way out before I need to take my next Prozac.
1900,3250,0,6,59,65,1.0923076923076922,0.03618247638889766,691,Follow the directions.
1945,3250,0,6,59,65,1.0923076923076922,0.03618247638889766,691,Is that a foul.
2091,3250,0,6,59,65,1.0923076923076922,0.03618247638889766,691,They are on a strict vegan diet.
2130,3250,0,6,59,65,1.0923076923076922,0.03618247638889766,691,Somewhere beneath Disney Land.
2315,3250,0,6,59,65,1.0923076923076922,0.03618247638889766,691,"Tell Elon, phase one is complete."
2358,3250,0,6,59,65,1.0923076923076922,0.03618247638889766,691,Let’s go back to using frogs.
2688,3250,0,6,59,65,1.0923076923076922,0.03618247638889766,691,The full yield of its total brain capacity is now about ten times that of our regular usage.
2722,3250,0,6,59,65,1.0923076923076922,0.03618247638889766,691,"We're All tired, dammit."
2861,3250,0,6,59,65,1.0923076923076922,0.03618247638889766,691,You were right. They are going up and we are going down. Pretty soon rats will be taking over the world.
2873,3250,0,6,59,65,1.0923076923076922,0.03618247638889766,691,Maybe she’s late for dinner.
2888,3250,0,6,59,65,1.0923076923076922,0.03618247638889766,691,"It might not give you wings, but the subject certainly is vitalized"
2908,3250,0,6,59,65,1.0923076923076922,0.03618247638889766,691,He recently participated in the IQ experiment as well.
3000,3250,0,6,59,65,1.0923076923076922,0.03618247638889766,691,Something got lost in transportation; we should have used Swiss mice rather than French.
3257,3250,0,6,59,65,1.0923076923076922,0.03618247638889766,691,Of course these are just very preliminary tests for the new Space Force.
3628,3250,0,6,59,65,1.0923076923076922,0.03618247638889766,691,"Well Monica, our gene splicing experiment has been a success...these rats now have dexterous opposable thumbs. I’ll start making more mini jet packs so we can start taking over the world."
1647,3250,0,6,59,65,1.0923076923076922,0.03618247638889766,691,Grilled cheese for lunch?
2555,3250,1,4,60,65,1.0923076923076922,0.04230769230769232,691,I guess I always was confused about just what that send a mouse to college campaign was all about till now
1389,3250,0,6,59,65,1.0923076923076922,0.03618247638889766,691,We should seriously think about some HOV lanes in there.
1555,3250,0,6,59,65,1.0923076923076922,0.03618247638889766,691,Do you think rats' intelligence is evolving faster than humans?
150,3250,0,6,59,65,1.0923076923076922,0.03618247638889766,691,"Perhaps you have taken the advice to bring protections for the date too literally, Sir."
19,3250,0,6,59,65,1.0923076923076922,0.03618247638889766,691,| don’t Know when they put in the elevator. I’ve only been here a week.
34,3250,1,4,60,65,1.0923076923076922,0.04230769230769232,691,Allergy season strikes again
71,3250,1,4,60,65,1.0923076923076922,0.04230769230769232,691,"You cant go to- the moon with an  elevator,though"
156,3250,0,6,59,65,1.0923076923076922,0.03618247638889766,691,Year 2050 “Heading out to Central  Park sir?”
172,3250,0,6,59,65,1.0923076923076922,0.03618247638889766,691,Budget cuts?
178,3250,0,6,59,65,1.0923076923076922,0.03618247638889766,691,Forgot my toothbrush.
192,3250,1,4,60,65,1.0923076923076922,0.04230769230769232,691,"Our rooms are large but not as spaciou as you could have imagined, sir"
1377,3250,0,6,59,65,1.0923076923076922,0.03618247638889766,691,Frank and Sammy's estates are suing us over the use of Rat Pack.
297,3250,1,4,60,65,1.0923076923076922,0.04230769230769232,691,I just can’t believe he built a sound system in that thing. And he’s playing Korn!
416,3250,0,6,59,65,1.0923076923076922,0.03618247638889766,691,But what if the rats are lactose intolerant?
479,3250,0,6,59,65,1.0923076923076922,0.03618247638889766,691,I didn't have enough for breakfast. I'm tempted to eat that myself.
277,3250,0,6,59,65,1.0923076923076922,0.03618247638889766,691,Mr. Douglas Adams is waiting you at the end of the universe
526,3250,0,6,59,65,1.0923076923076922,0.03618247638889766,691,"Rejoice, Professor! We have taken lab rat experiments to new heights!"
1223,3250,0,6,59,65,1.0923076923076922,0.03618247638889766,691,"Technology has finally displaced the rat's internal algorithm"""
524,3250,0,6,59,65,1.0923076923076922,0.03618247638889766,691,This is how underachievers are made.
1153,3250,0,6,59,65,1.0923076923076922,0.03618247638889766,691,I told you giving the ones getting the test drug lab waste to play with was a bad idea
1148,3250,0,6,59,65,1.0923076923076922,0.03618247638889766,691,when cats fly
1177,3250,1,4,60,65,1.0923076923076922,0.04230769230769232,691,Are you sure that they will like this cheese?
886,3250,1,4,60,65,1.0923076923076922,0.04230769230769232,691,"I suppose if we put it underwater, he'll find scuba gear."
768,3250,1,4,60,65,1.0923076923076922,0.04230769230769232,691,We finally programmed them to think out of the box.
760,3250,1,4,60,65,1.0923076923076922,0.04230769230769232,691,He only go through the maze  if its fresh Swiss cheese and not the packaged kind !
677,3250,1,4,60,65,1.0923076923076922,0.04230769230769232,691,Apparently we are supposed to look for the cheese now ...
1031,3250,0,6,59,65,1.0923076923076922,0.03618247638889766,691,At least we know he's not a kangaroo rat.
2602,3299,0,6,60,66,1.0909090909090908,0.03565747911603346,691,Have you heard when ours will be ready for testing?
2495,3299,0,6,60,66,1.0909090909090908,0.03565747911603346,691,"Here's to the ones who dream, crazy how that might seem"
2451,3299,0,6,60,66,1.0909090909090908,0.03565747911603346,691,A new space meme!
2421,3299,0,6,60,66,1.0909090909090908,0.03565747911603346,691,"Amy, did you show him the landing procedure?"
2417,3299,0,6,60,66,1.0909090909090908,0.03565747911603346,691,We're gonna need a different kind of maze.
2393,3299,0,6,60,66,1.0909090909090908,0.03565747911603346,691,I miss the old days when a reinforcer was a reinforcer
2366,3299,0,6,60,66,1.0909090909090908,0.03565747911603346,691,They're stuck. No goggle map for the cheese
2347,3299,1,4,61,66,1.0909090909090908,0.04168520460680058,691,I guess he's off lactose.
1777,3299,0,6,60,66,1.0909090909090908,0.03565747911603346,691,I guess we need to build a better mousetrap.
2212,3299,0,6,60,66,1.0909090909090908,0.03565747911603346,691,"Well, it looks like mice can think outside the maze!"
2202,3299,0,6,60,66,1.0909090909090908,0.03565747911603346,691,Maybe we can also publish in the Journal of Rodentia Aeronautics.
2168,3299,0,6,60,66,1.0909090909090908,0.03565747911603346,691,And this is a maze... ing.
2116,3299,0,6,60,66,1.0909090909090908,0.03565747911603346,691,Still not bougie enough. He keeps going for the swiss over the brie.
2049,3299,0,6,60,66,1.0909090909090908,0.03565747911603346,691,Conclusion: Rats are not intelligent enough to fly away and be free from captivity
1876,3299,0,6,60,66,1.0909090909090908,0.03565747911603346,691,Now we know what happens if we show them ‘Mythbusters’.
2628,3299,1,4,61,66,1.0909090909090908,0.04168520460680058,691,This one is A-Mazing
2248,3299,0,6,60,66,1.0909090909090908,0.03565747911603346,691,He said he was lactose intolerant.
2686,3299,0,6,60,66,1.0909090909090908,0.03565747911603346,691,Who is in charge of breeding these new intelligent rats?
3244,3299,0,6,60,66,1.0909090909090908,0.03565747911603346,691,"Yeah he's faster, but it's not as fun."
2795,3299,0,6,60,66,1.0909090909090908,0.03565747911603346,691,"Never mind the rats, will you marry me?"
3573,3299,0,6,60,66,1.0909090909090908,0.03565747911603346,691,We named this inventive little fellow Elon Mousk.
3430,3299,0,6,60,66,1.0909090909090908,0.03565747911603346,691,"Should we call this ""tool use"" or ""escape skills?"""
3337,3299,0,6,60,66,1.0909090909090908,0.03565747911603346,691,"He always does the maze the traditional way, but apparently just prefers a baked cheese."
3319,3299,0,6,60,66,1.0909090909090908,0.03565747911603346,691,"I agree, it's impressive. I just wish we hadn't blown our entire endowment building the little jet pack..."""
3318,3299,1,4,61,66,1.0909090909090908,0.04168520460680058,691,‘’It’s time to stop thinking lab experiments on any animal are funny.’’
3301,3299,0,6,60,66,1.0909090909090908,0.03565747911603346,691,He had a bit of catnip before he set out.
3188,3299,0,6,60,66,1.0909090909090908,0.03565747911603346,691,He transferred from the Jet Propulsion Labratory.
3130,3299,0,6,60,66,1.0909090909090908,0.03565747911603346,691,The mice from Cornell have really advanced.
3129,3299,0,6,60,66,1.0909090909090908,0.03565747911603346,691,introducing....the Tesla cyber-rat!
3077,3299,0,6,60,66,1.0909090909090908,0.03565747911603346,691,He has made what they say about pigeons come true.
3032,3299,0,6,60,66,1.0909090909090908,0.03565747911603346,691,Who knew jalapenos would kill a mouse?
2918,3299,0,6,60,66,1.0909090909090908,0.03565747911603346,691,He said that the cheese had  been aged properly.
2905,3299,0,6,60,66,1.0909090909090908,0.03565747911603346,691,Where did they all go to?
2897,3299,0,6,60,66,1.0909090909090908,0.03565747911603346,691,I think the helmet was a better idea than padding all of the walls.
2885,3299,0,6,60,66,1.0909090909090908,0.03565747911603346,691,Ya gotta hand it to him for trying Harriet.
2737,3299,0,6,60,66,1.0909090909090908,0.03565747911603346,691,Yeah your idea was way cooler than mine.
1688,3299,1,4,61,66,1.0909090909090908,0.04168520460680058,691,"Sure, we're speeding up testing. But at least our testing is blind."
846,3299,1,4,61,66,1.0909090909090908,0.04168520460680058,691,"Wow, Algernon really got screwed"
1552,3299,0,6,60,66,1.0909090909090908,0.03565747911603346,691,"Well, he did land that big DARPA grant."
472,3299,0,6,60,66,1.0909090909090908,0.03565747911603346,691,Rat's don't do crack
240,3299,0,6,60,66,1.0909090909090908,0.03565747911603346,691,Going all the way up?”
225,3299,0,6,60,66,1.0909090909090908,0.03565747911603346,691,"Going up?” “Yeah ,why"
217,3299,0,6,60,66,1.0909090909090908,0.03565747911603346,691,"All the way up? Very well, Sir."
206,3299,1,4,61,66,1.0909090909090908,0.04168520460680058,691,Do you think he will remember my elevator pitch?
164,3299,0,6,60,66,1.0909090909090908,0.03565747911603346,691,"No, my name is “toy not Houston 9 %  ‘, and yes, we all 7 have problems."
158,3299,0,6,60,66,1.0909090909090908,0.03565747911603346,691,Oh so the moon’s not interesting enough huh?
147,3299,0,6,60,66,1.0909090909090908,0.03565747911603346,691,You seem a little  Spaced out today. Hope  you have a great day!
134,3299,0,6,60,66,1.0909090909090908,0.03565747911603346,691,Blind date. Her friend said she loves men in uniform.
103,3299,1,4,61,66,1.0909090909090908,0.04168520460680058,691,Take me to your C-level | execs
63,3299,0,6,60,66,1.0909090909090908,0.03565747911603346,691,"Sorry, 13 just sends us up and back down."
55,3299,1,4,61,66,1.0909090909090908,0.04168520460680058,691,One small step for me to  | get out of this elevator but | the isolation of my  | apartment is terrifying
24,3299,0,6,60,66,1.0909090909090908,0.03565747911603346,691,"Fancy dress party?” “Yeah, redundant job theme."
20,3299,1,4,61,66,1.0909090909090908,0.04168520460680058,691,"Yep, that’s what she Said. Space."
5,3299,0,6,60,66,1.0909090909090908,0.03565747911603346,691,"Operator, I am trying to reach commander P.R. |  Johnson” “Ground floor for major | Tom it is then”"
488,3299,0,6,60,66,1.0909090909090908,0.03565747911603346,691,Now we know what happens when you give them Nicotine...
554,3299,0,6,60,66,1.0909090909090908,0.03565747911603346,691,"You're here because you've overcome racism, but aren't you afraid of losing your stipend because you are a mouse hater?"
516,3299,0,6,60,66,1.0909090909090908,0.03565747911603346,691,Are you sure virtual reality is the best way to do this?
575,3299,0,6,60,66,1.0909090909090908,0.03565747911603346,691,That explains why 'Die Fledermaus' was on loop.
1536,3299,0,6,60,66,1.0909090909090908,0.03565747911603346,691,Maybe we shouldn't use the good cheese.
1491,3299,0,6,60,66,1.0909090909090908,0.03565747911603346,691,We’ll have to find a way to separate it from it’s pack mentality.
1337,3299,0,6,60,66,1.0909090909090908,0.03565747911603346,691,I told you he prefers gluten-free cheese.
1322,3299,0,6,60,66,1.0909090909090908,0.03565747911603346,691,A classic 6 would have been less overwhelming.
1246,3299,0,6,60,66,1.0909090909090908,0.03565747911603346,691,"That's not all, Harold. He also makes fondue."
1204,3299,1,4,61,66,1.0909090909090908,0.04168520460680058,691,Amazing. Just a-mazing.
1193,3299,0,6,60,66,1.0909090909090908,0.03565747911603346,691,I wonder if it runs on ethanol?
571,3299,0,6,60,66,1.0909090909090908,0.03565747911603346,691,His name is Elon Mouse and he's quite remarkable.
1091,3299,1,4,61,66,1.0909090909090908,0.04168520460680058,691,"I'd call that a successful trial, wouldn't you say?"
1007,3299,0,6,60,66,1.0909090909090908,0.03565747911603346,691,Only one candidate left.....
978,3299,0,6,60,66,1.0909090909090908,0.03565747911603346,691,"This looks just like our work cubicles!  If I were you, I would forget partaking in the Swiss cheese in the fridge . . ."
909,3299,0,6,60,66,1.0909090909090908,0.03565747911603346,691,"Well, I'd say their cognitive function is excellent."
850,3299,0,6,60,66,1.0909090909090908,0.03565747911603346,691,Now what do we do with it?
1553,3299,0,6,60,66,1.0909090909090908,0.03565747911603346,691,"When we accept the prize, who should we thank first? Sinatra or Sammy Davis Jr.?"
836,3299,0,6,60,66,1.0909090909090908,0.03565747911603346,691,Can we do that?
752,3299,1,4,61,66,1.0909090909090908,0.04168520460680058,691,"Earl, the new guy from Jet propulsion is starting to piss me off! Me too Sharon me too."
1128,3373,0,6,61,67,1.0895522388059702,0.03514744598911431,691,I thought Mighty Mouse was a cartoon character not a drone.
1757,3373,0,6,61,67,1.0895522388059702,0.03514744598911431,691,Guess we know why Dr. Silton called him MacGyver.
1212,3373,0,6,61,67,1.0895522388059702,0.03514744598911431,691,"Isn't this one named ""MacGyver?"""
2943,3373,0,6,61,67,1.0895522388059702,0.03514744598911431,691,"Interesting, Hem and Haw didn't do that."
991,3373,0,6,61,67,1.0895522388059702,0.03514744598911431,691,Did you get that mouse from the DNA lab?
2089,3373,0,6,61,67,1.0895522388059702,0.03514744598911431,691,My team concluded this mouse has a strong predisposition for claustrophobia.
570,3373,0,6,61,67,1.0895522388059702,0.03514744598911431,691,That's odd. He was right here twenty minutes ago.
151,3373,0,6,61,67,1.0895522388059702,0.03514744598911431,691,"I don’t know about the moon, but here we have landed safely on the lobby, sir!"
130,3373,0,6,61,67,1.0895522388059702,0.03514744598911431,691,"sir, your chair..."
902,3373,0,6,61,67,1.0895522388059702,0.03514744598911431,691,"This is our hybrid specimen, the jetpack rat."
2211,3383,0,5,57,62,1.0806451612903225,0.03486308566114124,691,He’s off his game. Maybe it’s the newest political debacle?
2077,3383,0,5,57,62,1.0806451612903225,0.03486308566114124,691,How many times should I tell you he likes white cheese. Not yellow.”
2005,3383,0,5,57,62,1.0806451612903225,0.03486308566114124,691,Does it usually happen?
1933,3383,0,5,57,62,1.0806451612903225,0.03486308566114124,691,"Yes, I am aware of his dietary preferences. It is dairy-free."
1923,3383,0,5,57,62,1.0806451612903225,0.03486308566114124,691,Why are they smiling at us?
1893,3383,0,5,57,62,1.0806451612903225,0.03486308566114124,691,"He's been watching too many ""Bond"" movies."
1825,3383,0,5,57,62,1.0806451612903225,0.03486308566114124,691,"Maybe he doesn't like, Stilton."
1798,3383,0,5,57,62,1.0806451612903225,0.03486308566114124,691,He really progressed after we switched him to extra sharp cheddar.
1668,3383,0,5,57,62,1.0806451612903225,0.03486308566114124,691,We had no counter offer for cheese taster at a pizza joint.
1645,3383,0,5,57,62,1.0806451612903225,0.03486308566114124,691,"Our a-mazing research,
 of blinded Drones, behaving badly, doesn't cut the cheese!"
1571,3383,0,5,57,62,1.0806451612903225,0.03486308566114124,691,Just imagine if it were cheese whiz.
1537,3383,0,5,57,62,1.0806451612903225,0.03486308566114124,691,I caught him trying to escape the rat race
1497,3383,0,5,57,62,1.0806451612903225,0.03486308566114124,691,They all appear to have ran after the farmer's wife.
3569,3383,0,5,57,62,1.0806451612903225,0.03486308566114124,691,The last shipment of cheese came from China.
1469,3383,0,5,57,62,1.0806451612903225,0.03486308566114124,691,"I wonder if it'll have the same effect on humans, Margaret."
1427,3383,0,5,57,62,1.0806451612903225,0.03486308566114124,691,I thought the Epstein donation saga was over... Now he has reincarnated in the form of our dear rodents!
1310,3383,0,5,57,62,1.0806451612903225,0.03486308566114124,691,Maybe Algernon's surgery was a bit too effective.
1296,3383,0,5,57,62,1.0806451612903225,0.03486308566114124,691,Which mouse was strapped for 6 months in front of a social-media screen ?
1276,3383,0,5,57,62,1.0806451612903225,0.03486308566114124,691,"Wilbur, the amazing mouse, flew the maze."
1243,3383,0,5,57,62,1.0806451612903225,0.03486308566114124,691,"Yes, it's a milestone in cognitive development. 
Still, I hope you kept the receipt for this maze."
1579,3383,0,5,57,62,1.0806451612903225,0.03486308566114124,691,"what are we going to do tonight brain?
same thing we do every night pinky
*jetpack rumbles*"
2227,3383,1,3,58,62,1.0806451612903225,0.04176428464117013,691,I suppose they weren’t hungry
2275,3383,0,5,57,62,1.0806451612903225,0.03486308566114124,691,Some signage might have done the trick.
2418,3383,0,5,57,62,1.0806451612903225,0.03486308566114124,691,I thought WE were promised jet packs!
1191,3383,0,5,57,62,1.0806451612903225,0.03486308566114124,691,This is the way.
3431,3383,0,5,57,62,1.0806451612903225,0.03486308566114124,691,Why are we selecting for opposable thumbs?
3426,3383,0,5,57,62,1.0806451612903225,0.03486308566114124,691,I think the Jet-Pak constitutes cheating!
3393,3383,0,5,57,62,1.0806451612903225,0.03486308566114124,691,"Okay boomer, you millionnaire labrats don't give a damn about global warming."
3060,3383,0,5,57,62,1.0806451612903225,0.03486308566114124,691,"So, they've learned how to use the jetpack but haven't realized that the cheese is poisonous."
3058,3383,1,3,58,62,1.0806451612903225,0.04176428464117013,691,You should have known the Looney Tunes mouse would be brighter than the others!
3055,3383,0,5,57,62,1.0806451612903225,0.03486308566114124,691,He gets a methane super charge every time with the blue cheese reward.
3005,3383,0,5,57,62,1.0806451612903225,0.03486308566114124,691,These new vegan rats won't learn anything if cheese is the reward.
2947,3383,0,5,57,62,1.0806451612903225,0.03486308566114124,691,You were saying you hoped there would be a new Rat Pack?  I think he's headed for the Vegas Strip where the big cheeses are.
2272,3383,0,5,57,62,1.0806451612903225,0.03486308566114124,691,We can’t tell if it was the injection or because Lisa keeps the channel on the X games.
2870,3383,0,5,57,62,1.0806451612903225,0.03486308566114124,691,Right. Cheese is out. Discovered the children are violent vegans and he’s in therapy.
2820,3383,0,5,57,62,1.0806451612903225,0.03486308566114124,691,He’s using WAZE
2806,3383,1,3,58,62,1.0806451612903225,0.04176428464117013,691,"Not only did this mouse also streamline our annual work plan, but he then introduced me to my current girlfriend through the magic of assertive body language."
2762,3383,0,5,57,62,1.0806451612903225,0.03486308566114124,691,Another failure. The control group built zero emissions jet packs.
2730,3383,0,5,57,62,1.0806451612903225,0.03486308566114124,691,Now you know why he ate all that cheese.
2673,3383,0,5,57,62,1.0806451612903225,0.03486308566114124,691,"How much Roundup (or glyphosate,if legal does not allow the use of the product's name ) was this one exposed to?"
2583,3383,0,5,57,62,1.0806451612903225,0.03486308566114124,691,Uber wants to demonstrate the superiority of flying taxis.
2533,3383,0,5,57,62,1.0806451612903225,0.03486308566114124,691,"Okay sure, but can he do barrel rolls?"
2468,3383,1,3,58,62,1.0806451612903225,0.04176428464117013,691,"And yet, I can't even figure out how to use Google Maps correctly."
2466,3383,2,1,59,62,1.0806451612903225,0.04767678891621463,691,I think it's time for lunch.
2860,3383,0,5,57,62,1.0806451612903225,0.03486308566114124,691,Contraband.
971,3383,1,3,58,62,1.0806451612903225,0.04176428464117013,691,Do you think he's on to us?
1473,3383,0,5,57,62,1.0806451612903225,0.03486308566114124,691,He must've been really hungry.
948,3383,0,5,57,62,1.0806451612903225,0.03486308566114124,691,"Do you ever have the feeling that we’re being watched? You know. By a rat with a jet pack? Behind us, on the table?"
201,3383,0,5,57,62,1.0806451612903225,0.03486308566114124,691,Do you have shuttle service here?
199,3383,0,5,57,62,1.0806451612903225,0.03486308566114124,691,Is this seat taken? Gota  long way up.
167,3383,0,5,57,62,1.0806451612903225,0.03486308566114124,691,Please take one giant leap off the lift for mankind
145,3383,0,5,57,62,1.0806451612903225,0.03486308566114124,691,Going up. High up.
141,3383,1,3,58,62,1.0806451612903225,0.04176428464117013,691,DOWNSTAIRS?
139,3383,0,5,57,62,1.0806451612903225,0.03486308566114124,691,Today I am working from home.
125,3383,0,5,57,62,1.0806451612903225,0.03486308566114124,691,"| SAID | WANTED SPACE, MAN."" |"
95,3383,1,3,58,62,1.0806451612903225,0.04176428464117013,691,"Do you mina if we do a countdown before you push the button e""  ("
90,3383,0,5,57,62,1.0806451612903225,0.03486308566114124,691,"Sorry, Bob, we don’t go up that high.  |"
78,3383,0,5,57,62,1.0806451612903225,0.03486308566114124,691,G = “i oing up?
73,3383,0,5,57,62,1.0806451612903225,0.03486308566114124,691,NASA isnt launching rockets to the moon  anymore and SpaceX isnt Hiring.What would  you expect Fred!?
67,3383,0,5,57,62,1.0806451612903225,0.03486308566114124,691,Where to?” Astronaut: “Outerspace
53,3383,0,5,57,62,1.0806451612903225,0.03486308566114124,691,"Apologies sir, but the elevator doesnt go any higher."
49,3383,0,5,57,62,1.0806451612903225,0.03486308566114124,691,"Good morning, Mr. LaLiberte. So you were serious."
42,3383,0,5,57,62,1.0806451612903225,0.03486308566114124,691,THE FORECAST IN FLORIDA...
38,3383,0,5,57,62,1.0806451612903225,0.03486308566114124,691,"Unbeknownst to Carl, elevator A had been designated ag an early testing site tor NASA gpace elevator program."
22,3383,0,5,57,62,1.0806451612903225,0.03486308566114124,691,"Up or down, Sir?”  “Up, my kid was drawing a masterpiece”"
8,3383,0,5,57,62,1.0806451612903225,0.03486308566114124,691,Are you sure that’s what she meant by | ‘needing some space’?” |
963,3383,0,5,57,62,1.0806451612903225,0.03486308566114124,691,We call her Hover Mouse.
233,3383,0,5,57,62,1.0806451612903225,0.03486308566114124,691,I’m ready for holiday season!
250,3383,0,5,57,62,1.0806451612903225,0.03486308566114124,691,"I guess it is today.... Good luck for your court hearing for divorce, sir!"
28,3383,0,5,57,62,1.0806451612903225,0.03486308566114124,691,"Ah yes, going all the way up! 47"
259,3383,0,5,57,62,1.0806451612903225,0.03486308566114124,691,New Listing! Open concept with  great flow. Tons of space. Views are out of this world. No washer/ dryer hookup.
255,3383,0,5,57,62,1.0806451612903225,0.03486308566114124,691,"Erm, going up?"
840,3383,0,5,57,62,1.0806451612903225,0.03486308566114124,691,Ironrat ... No more movies for this one!
828,3383,0,5,57,62,1.0806451612903225,0.03486308566114124,691,I thought you said this mouse was in the control group.
780,3383,0,5,57,62,1.0806451612903225,0.03486308566114124,691,"Lisa, did you give Elon Musk the key to the lab again?"
727,3383,0,5,57,62,1.0806451612903225,0.03486308566114124,691,Another successful graduate from Trump University!
688,3383,0,5,57,62,1.0806451612903225,0.03486308566114124,691,"Put me in, coach."
684,3383,0,5,57,62,1.0806451612903225,0.03486308566114124,691,Holy rats! This boy got more brain than us. Let's figure how to take him back to his primitive self.
655,3383,0,5,57,62,1.0806451612903225,0.03486308566114124,691,I'm beginning to question his college application.
618,3383,1,3,58,62,1.0806451612903225,0.04176428464117013,691,"This ""disruptor"" business is getting out of hand"
592,3383,0,5,57,62,1.0806451612903225,0.03486308566114124,691,"I don't think this is what ""learning the maze"" exercise had in mind."
917,3383,0,5,57,62,1.0806451612903225,0.03486308566114124,691,Which supplier did you use?
502,3383,0,5,57,62,1.0806451612903225,0.03486308566114124,691,I knew we should never have asked MacGyver to be a researcher.
500,3383,1,3,58,62,1.0806451612903225,0.04176428464117013,691,"On the bright side, tonight's cheese board is going to be one for the books."""
460,3383,0,5,57,62,1.0806451612903225,0.03486308566114124,691,"""The rat warned us this would happen. It says here we've been fired because we got the door sign backwards."""
450,3383,0,5,57,62,1.0806451612903225,0.03486308566114124,691,.Maybe he escaped from the Aerospace lab across the hall?
423,3383,0,5,57,62,1.0806451612903225,0.03486308566114124,691,Damn it Jerry; I said no jet packs!
419,3383,0,5,57,62,1.0806451612903225,0.03486308566114124,691,"We should call it ""The Dean Martin""."
528,3383,1,3,58,62,1.0806451612903225,0.04176428464117013,691,Elon Micek
367,3383,0,5,57,62,1.0806451612903225,0.03486308566114124,691,Evolution... I think he grew that.
323,3383,0,5,57,62,1.0806451612903225,0.03486308566114124,691,"Conclusion, a more sedentary lifestyle creates a ""larger"" rat."
308,3383,1,3,58,62,1.0806451612903225,0.04176428464117013,691,Something is wrong h can’t find the cheese
2056,3475,0,5,58,63,1.0793650793650793,0.034329114781078834,691,The minimum Mickey Jetson will bother with is a Stilton.
1804,3475,0,5,58,63,1.0793650793650793,0.034329114781078834,691,He is afraid he will replace armed drones.
1695,3475,0,5,58,63,1.0793650793650793,0.034329114781078834,691,"Who stole our runner"""
1896,3475,0,5,58,63,1.0793650793650793,0.034329114781078834,691,SpaceX zero-gravity moon walk training!
311,3475,0,5,58,63,1.0793650793650793,0.034329114781078834,691,"If someone has to join this “space force,” better him than us."
1281,3475,0,5,58,63,1.0793650793650793,0.034329114781078834,691,At this rate he'll never make it to old age
2520,3481,0,4,55,59,1.0677966101694916,0.03300998538034586,691,"Well, there’s at least one who thinks outside the box!"
2452,3481,0,4,55,59,1.0677966101694916,0.03300998538034586,691,They either fondue. Or they fondon't.
2432,3481,0,4,55,59,1.0677966101694916,0.03300998538034586,691,"To eat it or not to eat it, that is the question to keep me alive"
2404,3481,0,4,55,59,1.0677966101694916,0.03300998538034586,691,Almost as good as the one who called Postmates.
2377,3481,0,4,55,59,1.0677966101694916,0.03300998538034586,691,Did this take five hours or seconds?
1449,3481,0,4,55,59,1.0677966101694916,0.03300998538034586,691,"Provided the doormat is shaped and smells like a block of cheese, we are confident that package delivery times will drop to under 30 minutes with this tech."
2243,3481,0,4,55,59,1.0677966101694916,0.03300998538034586,691,Nature finds a way.
1904,3481,0,4,55,59,1.0677966101694916,0.03300998538034586,691,What's our control study?
1725,3481,0,4,55,59,1.0677966101694916,0.03300998538034586,691,"Not a fun job, unless of course,"
1722,3481,0,4,55,59,1.0677966101694916,0.03300998538034586,691,"You pissed in his gorgonzola again, didn't you?"
1523,3481,0,4,55,59,1.0677966101694916,0.03300998538034586,691,In the previous project some of the rats were injected with cocaine.
1641,3481,1,2,56,59,1.0677966101694916,0.04091592197121482,691,He says he’s vegan
2610,3481,0,4,55,59,1.0677966101694916,0.03300998538034586,691,"We thought about Gothic cathedrals, but went with cubist housing.

or 

We had a mouse mill going, but they just kept dying."
2210,3481,0,4,55,59,1.0677966101694916,0.03300998538034586,691,How long to lift off?
2711,3481,0,4,55,59,1.0677966101694916,0.03300998538034586,691,Probably means the Narcos have thought of this too.
3298,3481,0,4,55,59,1.0677966101694916,0.03300998538034586,691,"It would be even better if we changed the shape of the cheese room to oval and painted the cheese orange.  And I agree with you, adding a red MAGA hat would help them find the entrance."
2989,3481,0,4,55,59,1.0677966101694916,0.03300998538034586,691,I don’t know what to do. They all seem so puny.
3075,3481,0,4,55,59,1.0677966101694916,0.03300998538034586,691,I told you we shouldn't have given them Red Bull...
3090,3481,0,4,55,59,1.0677966101694916,0.03300998538034586,691,I checked.  It was wide open for Charly II as a true sequel.
3095,3481,0,4,55,59,1.0677966101694916,0.03300998538034586,691,This one is finding the cheese much more quickly now that we developed a miniature jet pack.
3183,3481,0,4,55,59,1.0677966101694916,0.03300998538034586,691,"Are you sure this is the Control Group, Bob?"""
3195,3481,0,4,55,59,1.0677966101694916,0.03300998538034586,691,His last job was with Peloton.
3376,3481,0,4,55,59,1.0677966101694916,0.03300998538034586,691,"Once he mastered the maze, you both knew it was time to go."
3399,3481,0,4,55,59,1.0677966101694916,0.03300998538034586,691,Who delivered the last batch of mice?
3442,3481,0,4,55,59,1.0677966101694916,0.03300998538034586,691,We thought that it would increase the mouse’s chance of cutting the cheese by  23.9878 percent
3486,3481,0,4,55,59,1.0677966101694916,0.03300998538034586,691,"He built a jet pack out of what?! I knew it was a mistake letting them watch The A-Team!"""
3549,3481,0,4,55,59,1.0677966101694916,0.03300998538034586,691,"Still thinking about that Gervais Golden Globes monologue, huh?"
3589,3481,0,4,55,59,1.0677966101694916,0.03300998538034586,691,"I'd attribute this to the hormones in our dairy products,  but my kids struggle with long division."
3639,3481,0,4,55,59,1.0677966101694916,0.03300998538034586,691,Maybe it's time we started using the Chinchillas.
1437,3481,0,4,55,59,1.0677966101694916,0.03300998538034586,691,I think the maze is unnecessary to test these mini jet packs.
2923,3481,0,4,55,59,1.0677966101694916,0.03300998538034586,691,"I swear  I heard him say, ""This room will be fine. Will ya' bring up  my luggage and order me a cheese pizza?"""
1333,3481,0,4,55,59,1.0677966101694916,0.03300998538034586,691,Unorthodox but it is  a quite nice cheese
3553,3481,0,4,55,59,1.0677966101694916,0.03300998538034586,691,Looks like there were no winners in the jet-propelled rat-race
1291,3481,0,4,55,59,1.0677966101694916,0.03300998538034586,691,Why does the General want to attack the Curds?
14,3481,0,4,55,59,1.0677966101694916,0.03300998538034586,691,"The two million seven- hundred eighty three thousand one hundred and twelth floor, please."
26,3481,0,4,55,59,1.0677966101694916,0.03300998538034586,691,Russian Interference Part 2 The Cosmos-Gate. Simply occupying.
27,3481,0,4,55,59,1.0677966101694916,0.03300998538034586,691,Going up?
48,3481,0,4,55,59,1.0677966101694916,0.03300998538034586,691,"Ad astra, please."
80,3481,0,4,55,59,1.0677966101694916,0.03300998538034586,691,"Despite claims, Trump Tower doesn’t actually have | a billion-anth floor"
111,3481,0,4,55,59,1.0677966101694916,0.03300998538034586,691,Harold’s friends  had failed to mention that  it wasn’t THAT kind of fancy dress  party.
113,3481,0,4,55,59,1.0677966101694916,0.03300998538034586,691,| parked it on top’
126,3481,0,4,55,59,1.0677966101694916,0.03300998538034586,691,Wait. Sorry. | forgot my umbrella.
154,3481,0,4,55,59,1.0677966101694916,0.03300998538034586,691,"Good morning, Major!  So glad to see you leave the tin can."
160,3481,0,4,55,59,1.0677966101694916,0.03300998538034586,691,"‘Well, they did say prices here were astronomical..’"
163,3481,0,4,55,59,1.0677966101694916,0.03300998538034586,691,5. ..4. Bee. | | |  OO)  iV
186,3481,0,4,55,59,1.0677966101694916,0.03300998538034586,691,Which floor is the moon?
191,3481,0,4,55,59,1.0677966101694916,0.03300998538034586,691,Of course you are the first sir.
193,3481,0,4,55,59,1.0677966101694916,0.03300998538034586,691,"HUH, YOU WERE RIGHT, WE ARE THE SAME SIZE."
270,3481,0,4,55,59,1.0677966101694916,0.03300998538034586,691,An itchy nose is only one of the problems.
211,3481,0,4,55,59,1.0677966101694916,0.03300998538034586,691,Thats not what she meant by ‘other side of  the moon Sir
1032,3481,0,4,55,59,1.0677966101694916,0.03300998538034586,691,I wish we could figure out how little Rocket ALWAYS makes it to the cheese!
523,3481,0,4,55,59,1.0677966101694916,0.03300998538034586,691,Clearly his mistook Rat Pack for jet pack...
586,3481,0,4,55,59,1.0677966101694916,0.03300998538034586,691,Hey the animal liberation people don’t like this stuff.
724,3481,0,4,55,59,1.0677966101694916,0.03300998538034586,691,They didn't tell us what to do when they are lactose intolerant.
782,3481,0,4,55,59,1.0677966101694916,0.03300998538034586,691,Where is my cheese?!
823,3481,0,4,55,59,1.0677966101694916,0.03300998538034586,691,He always posts the fastest time in the group.
834,3481,0,4,55,59,1.0677966101694916,0.03300998538034586,691,"An overachieving mouse, from Tom Brady’s house."
898,3481,0,4,55,59,1.0677966101694916,0.03300998538034586,691,"Remind me to put Algernon to be a delivery guy from DoorDash, He could get our orders from this year potluck."""
994,3481,0,4,55,59,1.0677966101694916,0.03300998538034586,691,Mad Max is too good at this sport.  We need to cut the cheese.
482,3481,0,4,55,59,1.0677966101694916,0.03300998538034586,691,"I told you, Cheezer cheats."
1059,3481,1,2,56,59,1.0677966101694916,0.04091592197121482,691,"If you were constrained,  Wouldn't you be upset?"
1136,3481,0,4,55,59,1.0677966101694916,0.03300998538034586,691,Do you think we are supposed to hold the maze higher to get our reward?
1176,3481,0,4,55,59,1.0677966101694916,0.03300998538034586,691,"Referring to the cheese as the ""X Prize"" has produced some interesting results."
1271,3481,0,4,55,59,1.0677966101694916,0.03300998538034586,691,I think he’s tired of the same old cheese.
1324,3481,0,4,55,59,1.0677966101694916,0.03300998538034586,691,I think they are ready for a live demonstration.
3189,3546,0,4,56,60,1.0666666666666667,0.03247482002983032,691,That mouse may have had the same train of thought as the president- sent them both running into a wall.
2454,3546,0,4,56,60,1.0666666666666667,0.03247482002983032,691,He won't go until we get health care for all.
3587,3546,0,4,56,60,1.0666666666666667,0.03247482002983032,691,I still say he could do it quicker with the cat.
1495,3546,0,4,56,60,1.0666666666666667,0.03247482002983032,691,We may want to rethink using NASA lab mice for our research.
3091,3546,1,2,57,60,1.0666666666666667,0.04024407642600707,691,The new HoverKraft Single
131,3546,0,4,56,60,1.0666666666666667,0.03247482002983032,691,"As the bell hop pressed the button to close the elevator door, he looked back and suddenly I realized the gravity of the  Situation."
874,3546,0,4,56,60,1.0666666666666667,0.03247482002983032,691,"Well, at least it does take our results to a whole new level."
2950,3553,0,4,57,61,1.0655737704918034,0.03195670276986547,691,Maybe they’re lactose intolerant
182,3554,0,4,60,64,1.0625,0.030496877279641663,691,"They tell me the stairs lead to heaven, but my cardio is not great."
1067,3555,0,4,62,66,1.0606060606060606,0.02959546899413308,691,Wow. They’re almost ready for the squeak-ret mission.
2463,3556,0,3,52,55,1.0545454545454545,0.030903148567228995,691,That’s just not fair
2414,3556,0,3,52,55,1.0545454545454545,0.030903148567228995,691,"They're Still smarter than us...even with all that as a deterrent ?!?""  J K Fuller. Genoa, N"
2375,3556,0,3,52,55,1.0545454545454545,0.030903148567228995,691,But who's to say that adding a little fig spread or chutney won't alter the result?
2372,3556,0,3,52,55,1.0545454545454545,0.030903148567228995,691,"Oh look, he learned how to cheat - must've learned it from you"
2354,3556,0,3,52,55,1.0545454545454545,0.030903148567228995,691,Is it a trap?
2324,3556,0,3,52,55,1.0545454545454545,0.030903148567228995,691,These things are going to be a real plague if we can scale them.
2311,3556,0,3,52,55,1.0545454545454545,0.030903148567228995,691,"Maybe we need a more tasty cheese?

I think we need a less tempting cheese?"
2083,3556,0,3,52,55,1.0545454545454545,0.030903148567228995,691,"These MENSA rats are killing me
Frank Buckley
Andover, MA"
2185,3556,0,3,52,55,1.0545454545454545,0.030903148567228995,691,Did you leave your Echo on again?
2027,3556,0,3,52,55,1.0545454545454545,0.030903148567228995,691,PETA will hit the roof if he does.
2013,3556,0,3,52,55,1.0545454545454545,0.030903148567228995,691,Norway rat ascends to Russian rat.
1917,3556,0,3,52,55,1.0545454545454545,0.030903148567228995,691,His problemd%22:%22ace78b5f-52a5-4fd3-93c5-816fd2aeb694%22%2C%22session_count%22:1%2C%22last_session_ts%22:1578441519
3632,3556,0,3,52,55,1.0545454545454545,0.030903148567228995,691,And this is the new 007 breed.
1816,3556,0,3,52,55,1.0545454545454545,0.030903148567228995,691,I think he heard the moon was maid of cheese
1667,3556,0,3,52,55,1.0545454545454545,0.030903148567228995,691,We would like to prove that with age comes wisdom.
2229,3556,0,3,52,55,1.0545454545454545,0.030903148567228995,691,I don't think he was supposed to build a better mousetrap.
2472,3556,0,3,52,55,1.0545454545454545,0.030903148567228995,691,Which Trump Super PAC is paying for this?
2646,3556,0,3,52,55,1.0545454545454545,0.030903148567228995,691,Perhaps limburger wasn't such a good idea.
2666,3556,0,3,52,55,1.0545454545454545,0.030903148567228995,691,"Clearly, the disrupter gene is skewing our results."
1594,3556,0,3,52,55,1.0545454545454545,0.030903148567228995,691,Should we label it as suicide or cheesocide?
3612,3556,0,3,52,55,1.0545454545454545,0.030903148567228995,691,Wow... This rat so clever unlike us..
3546,3556,0,3,52,55,1.0545454545454545,0.030903148567228995,691,"Elevatory, my dear Watson."
3517,3556,0,3,52,55,1.0545454545454545,0.030903148567228995,691,Did he just cut the cheese?
3440,3556,0,3,52,55,1.0545454545454545,0.030903148567228995,691,I'm going to cancel the experiment with Uranium-235.
3423,3556,0,3,52,55,1.0545454545454545,0.030903148567228995,691,I think we know who moved the cheese.
3287,3556,0,3,52,55,1.0545454545454545,0.030903148567228995,691,No fair thinking outside the box.
3118,3556,0,3,52,55,1.0545454545454545,0.030903148567228995,691,"New cubicle design we're calling ""The Amazon Labrynth"" to career advancement"
3038,3556,0,3,52,55,1.0545454545454545,0.030903148567228995,691,There must be a better way to design our cubicle layout.
2996,3556,0,3,52,55,1.0545454545454545,0.030903148567228995,691,I suppose you could say that's one way to cut to the cheese.
2939,3556,0,3,52,55,1.0545454545454545,0.030903148567228995,691,Beaujolais nouveau is gone...
2842,3556,0,3,52,55,1.0545454545454545,0.030903148567228995,691,"Oh, this is what Lipton means by ""Biology of Belief"""
2718,3556,0,3,52,55,1.0545454545454545,0.030903148567228995,691,Well at least it's a pretty crummy drone
2707,3556,0,3,52,55,1.0545454545454545,0.030903148567228995,691,"If the piece of cheese is too large, we'll realize it's a trap"
2703,3556,0,3,52,55,1.0545454545454545,0.030903148567228995,691,"Lets name this smarty pants ""Elton""."
2491,3556,0,3,52,55,1.0545454545454545,0.030903148567228995,691,these drone mice from Iran are relentless
1445,3556,0,3,52,55,1.0545454545454545,0.030903148567228995,691,Do we tell him he's lactose intolerant?
983,3556,0,3,52,55,1.0545454545454545,0.030903148567228995,691,Which one of you cut the cheese?
1279,3556,0,3,52,55,1.0545454545454545,0.030903148567228995,691,"You're late for work, rat scientist!"
223,3556,0,3,52,55,1.0545454545454545,0.030903148567228995,691,"— On which floor Mr Apollo?  - 11, please."
221,3556,0,3,52,55,1.0545454545454545,0.030903148567228995,691,This is my final exam!
214,3556,0,3,52,55,1.0545454545454545,0.030903148567228995,691,wee ad I thought we had budget-cuts!
166,3556,0,3,52,55,1.0545454545454545,0.030903148567228995,691,"The potatoes are this way, Mr. Damon."
162,3556,0,3,52,55,1.0545454545454545,0.030903148567228995,691,‘Plumbing gear has come a long way’ She told the lift  operator.
157,3556,0,3,52,55,1.0545454545454545,0.030903148567228995,691,"It is not that giant leap for mankind, but here you go!  This is the smoking terrace!"
231,3556,0,3,52,55,1.0545454545454545,0.030903148567228995,691,Well..they were out of the Santa suit
119,3556,0,3,52,55,1.0545454545454545,0.030903148567228995,691,"10 years from now at Tesla Tower, Planet Mars."
106,3556,0,3,52,55,1.0545454545454545,0.030903148567228995,691,"Shall | tell your wife you needed some space, sir?"
105,3556,0,3,52,55,1.0545454545454545,0.030903148567228995,691,"It’s called #Fashion, Frank"
70,3556,0,3,52,55,1.0545454545454545,0.030903148567228995,691,Psst...it’s flat!
51,3556,0,3,52,55,1.0545454545454545,0.030903148567228995,691,"Welcome to our planet, Sir. you have a pleasant stay!  Hope"
39,3556,0,3,52,55,1.0545454545454545,0.030903148567228995,691,"I knew Pluto wasn’t an  ordinary planet, but how can I breath here?"
1409,3556,0,3,52,55,1.0545454545454545,0.030903148567228995,691,"OK, the Elon Musk transfusion clearly works."
108,3556,0,3,52,55,1.0545454545454545,0.030903148567228995,691,"Actually, could you leave it open just a crack?"
243,3556,0,3,52,55,1.0545454545454545,0.030903148567228995,691,Oh Mr Armstrong the moon landing recording is over?
101,3556,0,3,52,55,1.0545454545454545,0.030903148567228995,691,"that chick who drove across the country in diapers to kill her husband or whatever— how was she, as like a spaceman?  on god i bet she was Super good"
272,3556,0,3,52,55,1.0545454545454545,0.030903148567228995,691,"Here you are sir, home—where | no one can hear you scream."
1134,3556,0,3,52,55,1.0545454545454545,0.030903148567228995,691,"Which rat is that, Elon?"
1020,3556,0,3,52,55,1.0545454545454545,0.030903148567228995,691,He's already flunked the centrifuge test.
955,3556,0,3,52,55,1.0545454545454545,0.030903148567228995,691,Well the bad news is that our drug doesn't appear to have had any effect on the disease but...
925,3556,0,3,52,55,1.0545454545454545,0.030903148567228995,691,I see the new cohort from Elon Musk's lab have arrived.
271,3556,1,1,53,55,1.0545454545454545,0.040353503748359956,691,‘Well you don’t SOUND sure you didn’t leave the oven on’
890,3556,0,3,52,55,1.0545454545454545,0.030903148567228995,691,We haven't controlled for the Richard Branson Effect.
803,3556,0,3,52,55,1.0545454545454545,0.030903148567228995,691,Professors Reinman and Field develope the first landing pad for rats
719,3556,0,3,52,55,1.0545454545454545,0.030903148567228995,691,"I heard this voice whisper, ""For Algernon"".  And then this happened."
682,3556,0,3,52,55,1.0545454545454545,0.030903148567228995,691,Amazing !
605,3556,0,3,52,55,1.0545454545454545,0.030903148567228995,691,Who moved my cheese?
564,3556,0,3,52,55,1.0545454545454545,0.030903148567228995,691,I guess pig will fly
470,3556,0,3,52,55,1.0545454545454545,0.030903148567228995,691,Um Rebecca is that even valid.
438,3556,0,3,52,55,1.0545454545454545,0.030903148567228995,691,It's not the complexity of the maze. It's the cheap cheddar.
393,3556,0,3,52,55,1.0545454545454545,0.030903148567228995,691,He said he’s leaving because the cheese is moldy.
364,3556,0,3,52,55,1.0545454545454545,0.030903148567228995,691,Perhaps we injected too much dopamine into its prefrontal cortex.
2037,3627,1,1,54,56,1.0535714285714286,0.03963832312904237,691,"What we asked for was a three-dimensional chess board. 
What we got was a three-dimensional cheese maze."
1088,3627,0,3,53,56,1.0535714285714286,0.030361917118846855,691,"Yeah it's great, but are you absolutely certain this is what they meant by ""reinvent the Rat Pack""."
2909,3627,0,3,53,56,1.0535714285714286,0.030361917118846855,691,I thought you told me to build a better mouse trip.
1033,3627,0,3,53,56,1.0535714285714286,0.030361917118846855,691,It's as good a way as any to pick a nominee.
1365,3631,0,3,56,59,1.0508474576271187,0.028846201471076714,691,"Agnes, are you positive the maze came from the Pet Jack Lab Company?"
175,3631,0,3,56,59,1.0508474576271187,0.028846201471076714,691,"Spacesuit in NYC- protection from the tourists, subway air &  going broke."
2700,3631,0,3,56,59,1.0508474576271187,0.028846201471076714,691,"You know, every evening, when I leave the lab, I walk the halls unable to find the elevator, and then, suddenly, I'm in front of the lab door."
905,3634,0,3,59,62,1.0483870967741935,0.027474514461903625,691,Who knew the Prevagen from Walmart would work so well.
3198,3635,0,2,50,52,1.0384615384615385,0.02692846315438478,691,He's got nicer goggles than I do.
2813,3635,0,2,50,52,1.0384615384615385,0.02692846315438478,691,"Clearly,  I sgoofed; Gouda wudda dun it.."
2706,3635,0,2,50,52,1.0384615384615385,0.02692846315438478,691,"Woo-hoo, first in flight, that's wright!"
187,3635,0,2,50,52,1.0384615384615385,0.02692846315438478,691,Better safe than sorry
2312,3635,0,2,50,52,1.0384615384615385,0.02692846315438478,691,Did you GUESS she liked cheese?
173,3635,0,2,50,52,1.0384615384615385,0.02692846315438478,691,Your Uber shuttle Is right outside
120,3635,0,2,50,52,1.0384615384615385,0.02692846315438478,691,"slower than Apollo, Faster than the stairs, safer than both!"
40,3635,0,2,50,52,1.0384615384615385,0.02692846315438478,691,We choose to go to the sixth floor!
18,3635,0,2,50,52,1.0384615384615385,0.02692846315438478,691,"Hotel bar, sir. Stay here long enough and perhaps you’ ll be transported somewhere else."
184,3635,0,2,50,52,1.0384615384615385,0.02692846315438478,691,"3, 2, 1...lift me up!"
118,3645,0,2,51,53,1.0377358490566038,0.02642545929758075,691,"Going up, sir?"
2178,3645,0,2,51,53,1.0377358490566038,0.02642545929758075,691,Let's hope he doesn't get cheesed feet at the last moment!
7,3647,0,2,62,64,1.03125,0.021921011700381302,691,"To the rooftop parking, thanks."
1999,3648,0,1,47,48,1.0208333333333333,0.021053798026662972,691,"Sorry Mary, but we have no choice. We'll have to send some more to heavens."
2550,3648,0,1,47,48,1.0208333333333333,0.021053798026662972,691,I think we're ready for Sydney Harbour
2308,3648,0,1,47,48,1.0208333333333333,0.021053798026662972,691,"Apparently, it’s the interaction
of the memory medication 
with the new E.D. drug."
2109,3648,0,1,47,48,1.0208333333333333,0.021053798026662972,691,Easy Peasy I see cheesy!
1852,3648,0,1,47,48,1.0208333333333333,0.021053798026662972,691,Make a note: cut back subject 11's dosage of testosterone.
2758,3648,0,1,47,48,1.0208333333333333,0.021053798026662972,691,These genetically-modified mice will force us to rethink our experimental framework.
475,3648,0,1,47,48,1.0208333333333333,0.021053798026662972,691,where's the rat
335,3648,0,1,47,48,1.0208333333333333,0.021053798026662972,691,"I see no steps in this maze, yet somehow, he has been rocketed into the fourth dimension!"
290,3648,0,1,47,48,1.0208333333333333,0.021053798026662972,691,"So... I told you reading ""Flowers for Algernon"" to them was a bad idea."
268,3648,0,1,47,48,1.0208333333333333,0.021053798026662972,691,Great Wall of  ;  - this is your floor. You A right from your room.
54,3648,0,1,47,48,1.0208333333333333,0.021053798026662972,691,‘Earth orbits parking lot. Left my roadster there...’
1512,3648,0,1,47,48,1.0208333333333333,0.021053798026662972,691,One percent.
2880,3648,0,1,47,48,1.0208333333333333,0.021053798026662972,691,How were we supposed to know he's dieting?
